0.0127604634207
0.00933548212852
0.00832496575714
0.008706772093
0.00962595444075
0.00842292425679
0.00905493608425
0.00789382905327
0.0123685294012
0.011057669198
0.0111892412889
0.0118638627794
0.0105705643549
0.00968818641581
0.0109699122799
0.00780108573509
0.00869394448759
0.0149656638592
0.0135449320421
0.0115154082593
0.00903702518949
0.0150992180486
0.0085611125192
0.00803712596922
0.0120214769085
0.00784675283399
0.00785652955527
0.0106302672424
0.0124493879294
0.00882845144857
0.0117194435353
0.0123125631924
0.00986100865615
0.00831153280181
0.0095646122478
0.00988204302891
0.00865625635023
0.00979703629123
0.0123697102722
0.00960649413496
0.00938740130031
0.0123357561486
0.0100459725212
0.00903734364404
0.0100171876458
0.0107270418139
0.00870166957966
0.00802375795884
0.0108782962745
0.010993667436
0.00912957797957
0.00969037245725
0.0111116512468
0.00779752783479
0.00799038781201
0.0128340419889
0.00870374204483
0.0109388464672
0.00945402482138
0.00895242249526
0.0115490370117
0.00925915269038
0.0109906939533
0.00845288976065
0.0078397666146
0.00910344207174
0.00804426818888
0.0122835361357
0.00777960368735
0.00962212610327
0.00897889802695
0.0119072752251
0.0126640601658
0.00827919408359
0.014945549021
0.00966268055081
0.00940727842605
0.00998333232127
0.0104335366583
0.00977586076456
0.0102196867518
0.0106407585381
0.0122549409584
0.00880201576237
0.00861741665574
0.00901568207176
0.00856464529011
0.00940327657554
0.0088482367216
0.0127978834787
0.00984676233946
0.00995162672668
0.00838117630265
0.0094413210167
0.00910261138885
0.0104360349737
0.00933932989284
0.0079001904978
0.00841521053559
0.00950594709826
