0.00911244951057
0.00792142808702
0.0118661194662
0.0140580089798
0.0136369735325
0.0093398237157
0.00953972630415
0.00828087055267
0.00795501886361
0.0246111502189
0.0075296250946
0.0129046712093
0.00830047265428
0.0123897019554
0.00954990812375
0.0148758562027
0.0117230917949
0.00811201532917
0.00979723135589
0.00898939324677
0.00854995308681
0.0121946467972
0.00757703813598
0.0114133827639
0.0137102369068
0.0081969035003
0.00969135795024
0.00802176140461
0.0105294629864
0.00879700700906
0.0103070040126
0.00912004861021
0.00837529439132
0.00906444740762
0.00801706488171
0.00986193422365
0.00763565657236
0.00766510157549
0.00763479330594
0.00803028427213
0.0090324920485
0.0140170120937
0.00803779339738
0.00747504398717
0.00762412737762
0.00917815457422
0.011090583943
0.00807167773985
0.00833853770487
0.00856727051477
0.0109217550591
0.0100675118265
0.00880875971438
0.0075636210029
0.00756816028633
0.00787818351442
0.00759826714162
0.00789433493885
0.0108947424811
0.0125233675917
0.00877822137424
0.00966858763735
0.0121910375441
0.00870230236033
0.00909268924856
0.00950023789698
0.00762324655758
0.0214611088993
0.0102580939537
0.0089778450372
0.00979516300796
0.00990557715158
0.0115350906433
0.00833240715686
0.00761370003612
0.00804398343088
0.0111704662815
0.0108794274843
0.00988361507441
0.0132877067711
0.00758553164891
0.00784117414885
0.00745755083853
0.00863929596114
0.0142191859852
0.00821831143051
0.0110405727601
0.00840474257218
0.00786275976724
0.00840916518472
0.0140545659417
0.0114754009816
0.00778003113366
0.0122764123411
0.00857619798845
0.0166537879277
0.0169032088516
0.00902209036393
0.00821915692551
0.0106220367699
