0.00839044494641
0.00922424830147
0.00809718155624
0.00908907530047
0.0082622994547
0.0108709856683
0.00982629434034
0.0090148081537
0.0110419632678
0.00846595202251
0.0102504055556
0.0090383308196
0.0100354376753
0.0103945860868
0.0101658354386
0.00909451541864
0.00871105027943
0.0101151589703
0.0120365993147
0.00902394390417
0.0110299197218
0.0105121043104
0.00982383967176
0.00942480167557
0.00798514136239
0.00959588084026
0.00812136379184
0.00845185794363
0.0104276964751
0.0111895811297
0.013936862811
0.00818727682508
0.00807527716936
0.00991249121076
0.00837514468654
0.0164329133072
0.00806239635267
0.00839065452934
0.011597956084
0.00792660669273
0.00872886637255
0.00807400202385
0.00971565338669
0.00835946527758
0.0083827490951
0.00978636475886
0.0110660047649
0.007920191722
0.0118644038481
0.0157694956007
0.00807803400252
0.00852752630612
0.0131878829162
0.0117874640514
0.0122947211875
0.00925143094207
0.00885755978504
0.00866099440984
0.0136668254562
0.0104395847934
0.00968973675026
0.010762130751
0.00854917756029
0.0143074011828
0.00957772630146
0.00866782404059
0.00955352251395
0.00906089617349
0.00885035877008
0.0107389809397
0.00965701157809
0.00891641264982
0.00864900397439
0.00800826209998
0.00935910542017
0.0102315428255
0.00978727086
0.013097826888
0.00812415926992
0.00974063336147
0.0155126579515
0.00947624044155
0.00845934324598
0.00849924188196
0.00839572053054
0.00962885331032
0.0112379880388
0.00800357702528
0.00865734620364
0.0133160474645
0.0127061066434
0.0118094910643
0.0121257594902
0.0131997959372
0.00966988397393
0.0103499649192
0.0121004102976
0.0091001694466
0.0106502463706
0.00874406808535
