0.00853778577807
0.0118121814353
0.0191982494708
0.0100857618656
0.0121588806126
0.00925491392167
0.0104978254554
0.00824845259514
0.0117062320631
0.0141700803002
0.00759237293317
0.00851917737075
0.0107685203944
0.00767291129651
0.00856012798962
0.00840671495773
0.0159006362373
0.00992806502945
0.00784074456016
0.0108952986228
0.00741562423226
0.01740957172
0.00867664729815
0.0140390321274
0.00866230353837
0.0112970641983
0.00740543145976
0.0111719492729
0.00906358079798
0.0107673625853
0.00782241907577
0.00738307429036
0.00964531883716
0.00767059580637
0.0126953177246
0.012672625737
0.00746057339238
0.00830662990373
0.022690228482
0.00901634208371
0.00942448612647
0.00900958110944
0.00736071102389
0.00829257255794
0.00915339491011
0.00955009581365
0.00789827015914
0.010500425401
0.00808546894388
0.00812228080709
0.00864589758297
0.00790757649638
0.00826709015858
0.0103908741217
0.010476227869
0.00816286476607
0.0122151605724
0.00967342744362
0.00878412210789
0.0172055942669
0.00746466312237
0.00800309607932
0.0100543707049
0.0116163782964
0.010062878385
0.00743691098536
0.00919680436637
0.0079611152249
0.00742909241945
0.0115782654458
0.00759856865282
0.0127559729191
0.00830541288596
0.0108334814075
0.0137667177751
0.00903787627386
0.00798560554391
0.010459471081
0.0103609671554
0.0125569602146
0.0115098718299
0.00888738258553
0.00826213110254
0.00879652985054
0.00773552540619
0.010556579199
0.00761429005513
0.0101768307714
0.00859918589617
0.00944167324017
0.00784808714533
0.0131363249513
0.0131837312611
0.00825182223454
0.0150914638624
0.00837301434246
0.00943662282491
0.0105321166609
0.00771396021117
0.00823549993883
