0.0242855962234
0.00901940306928
0.0102812541175
0.00696515899906
0.00847124609474
0.00855290283649
0.00693920935944
0.00772602160965
0.00720601607258
0.0123689522825
0.00744043079886
0.0208119251339
0.00696457841628
0.00916258331191
0.0089516980899
0.010159992166
0.0118617725038
0.00692832625047
0.00743808933574
0.00817509496406
0.00759273700551
0.00893888582502
0.00801982484714
0.00698391011691
0.00754041994141
0.00755069954244
0.0122623836869
0.00817832036789
0.00977322226137
0.00753312810464
0.00799033573345
0.0104371749715
0.00692312692527
0.00920820270848
0.00806939022126
0.0106653973229
0.0128981040307
0.00960148921885
0.00693146714465
0.00992581723263
0.00724001099124
0.00799297972969
0.00711174125253
0.0208560065297
0.00692863019772
0.00861081950089
0.00739203421831
0.00735886566767
0.00836316225408
0.0103196222066
0.010632869086
0.00943285001488
0.00697436987195
0.0074035325919
0.0118023346233
0.00893998143275
0.0091941455075
0.00757600967147
0.0100454270676
0.0173565363255
0.00710134562771
0.00797995967141
0.017229145144
0.023322580761
0.0073687039503
0.014285991005
0.0118555580691
0.00703100136162
0.0222146645245
0.0125646365783
0.014327432866
0.0165811212044
0.00854977008463
0.00788661754927
0.0103804322442
0.00813256989516
0.00706637071503
0.00858506654432
0.00696154749331
0.011928755061
0.00725630347938
0.00742841337437
0.0117245007273
0.00950075834938
0.0090907972235
0.00709127075356
0.00722290908646
0.0166007254422
0.0070855311005
0.00996663635232
0.00915472604997
0.0113455048244
0.00752122334477
0.00700050244406
0.00765298439743
0.0119864649095
0.0200369503875
0.0118613079048
0.0135785575411
0.00727444437142
