a    b    distance0    NDraws    time    dist_threshold1    
1.0505083316    -0.151787385253    0.0986693222583    1    0.105629205704    0.768970951754    
0.803693185434    -0.330371763649    0.321594861124    1    0.05091381073    0.768970951754    
0.917702471969    -0.503557158607    0.399434991434    3    0.167263031006    0.768970951754    
1.00029344564    0.297555771173    0.196021156642    1    0.105177879333    0.768970951754    
0.761146339062    -0.606335617461    0.423872360072    4    0.290270090103    0.768970951754    
1.26694755391    -0.171795707543    0.274269427306    6    0.31218290329    0.768970951754    
1.3384276351    0.300863253416    0.640775216477    2    0.0933620929718    0.768970951754    
0.690096405556    -0.0890162590517    0.46931481681    2    0.136950016022    0.768970951754    
0.964905394579    -0.212937718699    0.194004740575    1    0.050794839859    0.768970951754    
1.53608501524    -0.466313175595    0.674615913888    1    0.0488390922546    0.768970951754    
1.08953913671    0.133102299851    0.608991360573    6    0.286757946014    0.768970951754    
1.54237798663    -0.424007514862    0.631950917007    4    0.188148021698    0.768970951754    
0.340780936658    0.0793122619566    0.749416370236    1    0.0453259944916    0.768970951754    
1.28264180663    0.385030328153    0.516218052943    4    0.204832077026    0.768970951754    
0.790112295602    0.0738002177849    0.359418944637    1    0.0463380813599    0.768970951754    
1.13472212056    0.461828638328    0.418012330387    2    0.0923049449921    0.768970951754    
1.31674594522    -0.234087094649    0.41891064372    3    0.149259090424    0.768970951754    
0.972004411448    -0.00877041357153    0.027383975471    1    0.0490798950195    0.768970951754    
0.897984163851    -0.649560582537    0.723000247179    6    0.28915810585    0.768970951754    
1.3292209053    -0.49164574705    0.605124038826    3    0.137896060944    0.768970951754    
0.286916615796    -0.254977436792    0.740169352334    1    0.0476639270782    0.768970951754    
1.1512208981    -0.469975304159    0.296334259321    2    0.127813816071    0.768970951754    
0.781321781512    -0.740445910676    0.521956792868    2    0.133710861206    0.768970951754    
0.79935541697    -0.188145045198    0.224549305607    1    0.0680739879608    0.768970951754    
1.27419600865    -0.836866715611    0.595034401095    3    0.146234989166    0.768970951754    
1.4706070706    -0.427187917696    0.517700215402    1    0.05233502388    0.768970951754    
0.787804553638    -0.180770797437    0.213739647418    1    0.0521030426025    0.768970951754    
0.791464239128    -0.740248971161    0.4628364099    1    0.051234960556    0.768970951754    
1.45118762465    0.487293580436    0.687142426625    3    0.142009019852    0.768970951754    
1.16725414008    -0.0273022092253    0.189673714295    2    0.104429960251    0.768970951754    
0.948706100747    -0.691239320328    0.753977415677    2    0.0957100391388    0.768970951754    
0.976940582241    -0.413332432574    0.0586780301384    2    0.0923519134521    0.768970951754    
1.45854957025    -0.490933411534    0.586309820225    1    0.0472497940063    0.768970951754    
1.1908895639    0.335330378039    0.508988339094    1    0.0467798709869    0.768970951754    
1.11494019319    -0.467643780102    0.75290037896    2    0.0931680202484    0.768970951754    
1.31066392534    -0.374883275693    0.376195454572    1    0.038104057312    0.768970951754    
1.24692360479    -0.261064898804    0.264998387209    1    0.0480461120605    0.768970951754    
0.383283146185    -0.156480453781    0.697428406385    7    0.318881034851    0.768970951754    
0.760539287808    -0.886749448693    0.429633455154    1    0.0462889671326    0.768970951754    
0.323459765585    -0.0634772415901    0.732529869466    7    0.373118877411    0.768970951754    
0.417134771136    -0.454101198286    0.671956389212    2    0.0901081562042    0.768970951754    
0.735573753809    0.0901892736844    0.315515024486    2    0.093976020813    0.768970951754    
1.3885747776    -0.411971386147    0.446320529778    1    0.0506949424744    0.768970951754    
0.952031203384    0.112161948923    0.316400127308    1    0.0462310314178    0.768970951754    
0.466606041733    0.0865277891039    0.553815133624    1    0.0488319396973    0.768970951754    
0.79184085387    -0.380779206435    0.424478828037    2    0.0905201435089    0.768970951754    
1.54649440229    -0.453202829202    0.680443883921    4    0.181263208389    0.768970951754    
0.70970913368    -0.0555173875889    0.302786431796    2    0.144521951675    0.768970951754    
1.31595486361    -0.176462740543    0.326175957581    2    0.0925550460815    0.768970951754    
0.76011419392    -0.844120559252    0.693981580007    2    0.104068040848    0.768970951754    
1.29664674525    0.195266883194    0.369345653873    2    0.107141017914    0.768970951754    
0.714072389064    0.11906705885    0.455121565459    1    0.0486500263214    0.768970951754    
0.645583898348    -0.376922676589    0.705824812416    1    0.059672832489    0.768970951754    
1.21719378794    -0.373654291713    0.736952247347    1    0.0598139762878    0.768970951754    
1.56247065953    0.155671016886    0.653626763311    2    0.106422901154    0.768970951754    
0.401106108477    0.304641924578    0.714700780801    2    0.150025129318    0.768970951754    
1.40567478572    -0.0783820037171    0.427756234032    2    0.0905950069427    0.768970951754    
0.686277154637    -0.351049004821    0.316054187784    3    0.190577983856    0.768970951754    
0.947924337262    0.0409673184568    0.456992713539    3    0.136557102203    0.768970951754    
0.280016984907    -0.0645462520491    0.752133901717    1    0.0469059944153    0.768970951754    
1.10829112207    -0.665239790826    0.717166547857    1    0.0485649108887    0.768970951754    
0.502182143114    -0.0262391542979    0.596247991398    1    0.0515558719635    0.768970951754    
0.952662250006    0.460259073751    0.654037698979    4    0.140424013138    0.768970951754    
0.751744548601    -0.010473167612    0.276462674836    1    0.0467331409454    0.768970951754    
0.575196763195    -0.0839460732424    0.43089145814    5    0.212162971497    0.768970951754    
0.80384458682    -0.380807171878    0.319000046539    4    0.104146957397    0.768970951754    
1.0868699215    -0.243812984398    0.308978601572    3    0.093220949173    0.768970951754    
0.927646252748    0.196794852065    0.115880789291    3    0.122560024261    0.768970951754    
0.590857887561    -0.36366928855    0.443190533916    3    0.137130022049    0.768970951754    
0.813904616412    -0.0987314727778    0.201995905343    1    0.0476269721985    0.768970951754    
1.65959082245    0.171130799781    0.753288136993    3    0.127151966095    0.768970951754    
1.23346957155    0.196987776555    0.398540435525    2    0.0540561676025    0.768970951754    
1.37936089535    0.432113339078    0.685208515047    3    0.0873827934265    0.768970951754    
0.337861052606    -0.352211888243    0.684895114541    2    0.0882878303528    0.768970951754    
0.92473221804    -0.419213404454    0.334104893769    1    0.0449631214142    0.768970951754    
0.929345079468    0.319721456705    0.314162036697    5    0.208059072495    0.768970951754    
1.11211575143    -0.764143316739    0.655737601868    2    0.0749998092651    0.768970951754    
1.40445056876    0.10471135302    0.474851157134    1    0.0547099113464    0.768970951754    
1.30885249192    0.42679443297    0.708138427907    1    0.0345268249512    0.768970951754    
0.633714581534    -0.48783794859    0.551212509821    1    0.0258531570435    0.768970951754    
0.427451535761    -0.0586973380455    0.636474452736    2    0.052435874939    0.768970951754    
1.05138569295    -0.0478796812817    0.0556995102565    4    0.205552816391    0.768970951754    
0.373290804743    -0.278929217105    0.723240871016    1    0.0563220977783    0.768970951754    
1.60106877439    -0.00230548871665    0.612436291812    1    0.0639269351959    0.768970951754    
0.489258007827    0.0740880499556    0.586483049519    2    0.0990810394287    0.768970951754    
1.27963228286    0.0430430195811    0.349232583218    4    0.220387220383    0.768970951754    
0.525215747687    0.42396149191    0.517462659861    1    0.0433468818665    0.768970951754    
0.360490385992    -0.0850020937552    0.64071855552    1    0.0397171974182    0.768970951754    
1.24522139407    0.075238798211    0.253536107688    3    0.129441022873    0.768970951754    
0.378506018945    0.0791198152913    0.631858934048    8    0.323178052902    0.768970951754    
1.08634613351    -0.647552453386    0.762839200692    1    0.0300600528717    0.768970951754    
0.70778754601    -0.5995870159    0.386381714281    1    0.0584878921509    0.768970951754    
1.20243898655    0.250526859425    0.265135095612    5    0.213412046432    0.768970951754    
0.758290685661    0.788835335987    0.652379128545    1    0.0284039974213    0.768970951754    
1.13532347477    0.011085054344    0.13381903305    1    0.0306990146637    0.768970951754    
1.04385611878    -0.782063052589    0.647607300982    1    0.0392169952393    0.768970951754    
1.13747071787    0.345218373752    0.589273584813    2    0.0528450012207    0.768970951754    
0.460634970505    0.118407356715    0.577003786627    5    0.197427988052    0.768970951754    
1.42699542476    0.28190223526    0.519620375993    1    0.0558819770813    0.768970951754    
0.724173000386    -0.604603869023    0.607002690038    1    0.0416328907013    0.768970951754    
