0.00921538002038
0.00918637220547
0.0114482314739
0.00819028252026
0.00917810991498
0.00976990372399
0.0125792799668
0.00862934956722
0.00715654669867
0.00775989136644
0.00782943166109
0.00918326483364
0.0130335463891
0.00840443777242
0.00832108223259
0.0081154172918
0.00732741488364
0.00992427081585
0.0158587880019
0.00967219508819
0.00826578319643
0.00904839486427
0.00798251352423
0.0281471635875
0.00968774128291
0.0100191280003
0.00790214955102
0.00977075449461
0.0119263205027
0.00795961847266
0.0134658301613
0.0118580008441
0.00895031385957
0.00709666450967
0.00998040461742
0.00714729488658
0.0071183411742
0.00766270782764
0.00837525856379
0.0115349035631
0.00965975720965
0.00722834129428
0.00723015757023
0.00808092199078
0.00748151493313
0.00875918894214
0.00840384029244
0.00748239697778
0.0107421403256
0.00771756704856
0.00839951474219
0.00722069616314
0.00928891493765
0.0133957186846
0.00953556729541
0.00851389369372
0.0095447806284
0.00950799746168
0.00931025596688
0.0087222842309
0.0108064903678
0.00827589323347
0.011999750842
0.00984460943059
0.0144543021912
0.00991666928872
0.00746927686359
0.00841508072545
0.00871820840865
0.0155199258199
0.00751526963145
0.0104458304791
0.009577182731
0.00806013036346
0.00929948879434
0.0130787915795
0.00985895694269
0.0157337894762
0.0118448513859
0.00966582341231
0.0200373233766
0.00727395820899
0.0122085206653
0.00820197630425
0.0198420982
0.00707618697208
0.0105863347488
0.0100325423851
0.00737131955691
0.0132290120226
0.0147010782662
0.00742503229095
0.00783253561648
0.00766662279563
0.00808619752141
0.0203315053907
0.00761993585754
0.00831096433169
0.0114273189393
0.00933128028064
