0.00874913170878
0.0103680390678
0.0174648912731
0.0080037674087
0.00895271109218
0.00874587734593
0.0073666423189
0.00791625029083
0.0176164085467
0.00884715235266
0.00725266476428
0.00766378064241
0.0113407087366
0.00738686402241
0.00982708972406
0.00865768060832
0.00711059160923
0.00783427162259
0.0104407856535
0.00737365243933
0.00915981621659
0.00798725165497
0.00809640871624
0.00944846096684
0.00750224124768
0.00803360272747
0.00767983546224
0.00879304964744
0.0223547669614
0.00773701578598
0.00856481863195
0.0079443415781
0.0090887026001
0.0104862087557
0.0101072294338
0.0107716204786
0.00916987263356
0.00718439244419
0.0207378156091
0.00864528956712
0.00925268485325
0.00824400714539
0.00803723999059
0.0214563715863
0.00962386896422
0.00756862762915
0.00849223019547
0.0180067321747
0.010333466757
0.00752322416334
0.00752135940903
0.00869216087483
0.00714174740504
0.00714583783413
0.0201470129543
0.00839842464522
0.0131449934325
0.0188013902857
0.00729213165063
0.00774653945744
0.00781021557178
0.00892409663093
0.00727564986185
0.00788693451204
0.00892617864587
0.00808406751777
0.0103717634244
0.00805883475461
0.0101914166456
0.0116700609536
0.00939643219091
0.00917066278793
0.0122440197065
0.0110849831758
0.00816065384868
0.00844352045246
0.00897118310899
0.00990595692515
0.00711061314644
0.0079402436897
0.00959759890031
0.00862699448434
0.0115092158751
0.00785898734487
0.0120736461366
0.0196677484512
0.00806349929141
0.00807352495814
0.00844209077276
0.0134226411773
0.00812143318263
0.0111336493332
0.0073380836761
0.00748108298558
0.0130885174827
0.00881064007683
0.00745152202769
0.0155676084832
0.0152628733422
0.0137994007113
