a    b    distance0    NDraws    time    dist_threshold1    
0.994066211595    -0.0262380196425    0.00612458816828    80    3.85189294815    0.0103594010337    
0.995386515795    -0.0531388111009    0.00573007662916    35    1.96658301353    0.0103594010337    
0.995239169486    -0.0357995974332    0.00791829816371    24    1.44915294647    0.0103594010337    
1.00255724552    -0.197095213663    0.006240238506    4    0.300415992737    0.0103594010337    
1.01030486339    -0.334110123151    0.0087793791939    23    1.29404401779    0.0103594010337    
1.0024570952    -0.109675685967    0.00878376359512    63    2.69491696358    0.0103594010337    
0.992849786645    -0.152522731664    0.00598973457185    48    2.06891393661    0.0103594010337    
0.9948013468    -0.0216657929743    0.00860127492988    27    1.70832586288    0.0103594010337    
0.990905489478    -0.201946680682    0.00734646385523    120    5.17368388176    0.0103594010337    
1.00130645109    -0.225273274538    0.00985567318176    45    2.23566389084    0.0103594010337    
1.00261039037    -0.0446414454909    0.00827913051795    8    0.316394090652    0.0103594010337    
0.997897761245    -0.101192395528    0.00433183231855    44    1.76450800896    0.0103594010337    
1.00777013068    0.149826887334    0.00602134473146    20    1.12569403648    0.0103594010337    
0.994363395243    -0.211178501552    0.00850485074744    78    4.23958396912    0.0103594010337    
0.997796651304    -0.0559714869063    0.00828500354687    40    2.45943903923    0.0103594010337    
1.00364329912    0.0683490416893    0.00947739523161    240    10.8676989079    0.0103594010337    
0.991474160428    -0.120098520333    0.0081713117632    115    4.47032904625    0.0103594010337    
0.993945067678    -0.0830792763574    0.00735970229641    166    9.27854514122    0.0103594010337    
1.00333159735    -0.083334083114    0.00922557489996    48    2.85017585754    0.0103594010337    
0.991442451822    0.0213897393892    0.00549719274358    81    3.30442690849    0.0103594010337    
0.998560538331    0.13930249714    0.00236025656819    59    3.12477707863    0.0103594010337    
1.00114169683    -0.348977826091    0.00556452143469    18    0.95113992691    0.0103594010337    
0.995028426749    -0.151855449451    0.00801164413621    70    3.1795809269    0.0103594010337    
1.00342417417    -0.248721685778    0.00908913570857    4    0.108444929123    0.0103594010337    
0.991221027054    -0.0215205977545    0.009378382299    62    2.74394702911    0.0103594010337    
0.986487232281    0.175569152372    0.00884175604652    147    7.19804692268    0.0103594010337    
1.00247688752    0.0189196702966    0.00167805871351    93    4.13181495667    0.0103594010337    
1.00773833601    -0.354893801036    0.00882944832717    13    0.641702890396    0.0103594010337    
1.00650184617    -0.362309587132    0.0100497503924    33    1.47831010818    0.0103594010337    
0.99624205742    -0.124653313003    0.00774514272353    48    2.03531098366    0.0103594010337    
0.993733879224    -0.107838336466    0.0061934443664    22    1.21020197868    0.0103594010337    
1.00212706261    -0.0970262053493    0.00878162660516    7    0.495459079742    0.0103594010337    
0.999922749649    -0.0870688089532    0.00742889157874    10    0.594773054123    0.0103594010337    
1.00410126721    -0.203224537047    0.00467291146091    20    0.900979042053    0.0103594010337    
0.997163811882    -0.0705114454837    0.00605277209118    25    1.18097400665    0.0103594010337    
0.993432410594    0.205836605546    0.00829028941226    258    12.3647391796    0.0103594010337    
0.99589929269    -0.219333417673    0.00589785609915    67    3.84924006462    0.0103594010337    
0.988958493779    0.0109962836029    0.00939617345883    18    1.12006497383    0.0103594010337    
1.00105220441    0.111558486017    0.00742644531276    45    3.05623102188    0.0103594010337    
0.990139952527    -0.10995298007    0.00984591228008    13    0.630835056305    0.0103594010337    
0.998495615243    -0.32599297756    0.00172280118911    53    2.83365607262    0.0103594010337    
0.994636135117    -0.0141258008562    0.00403116556869    119    6.97472000122    0.0103594010337    
0.99773229446    0.160758620377    0.00841104565712    20    1.04352998734    0.0103594010337    
1.00414072016    0.0372809156581    0.01025194922    129    6.10757803917    0.0103594010337    
1.00645021209    -0.280728661218    0.00931065449361    126    6.36423897743    0.0103594010337    
0.999589345853    -0.0319739310228    0.00202852833581    104    4.92617106438    0.0103594010337    
0.99521070084    -0.0492177534948    0.00966145163589    58    2.80495810509    0.0103594010337    
1.00127911762    -0.091078062235    0.00678293555064    60    2.54996800423    0.0103594010337    
1.00969009838    0.183327540165    0.00896310503724    146    8.61996006966    0.0103594010337    
0.999598246721    0.0782931686781    0.0071140718057    24    1.27605009079    0.0103594010337    
0.995277785062    -0.0992707307398    0.00174700842185    9    0.315258979797    0.0103594010337    
0.99929656827    -0.143795466886    0.00398154553817    44    1.93488287926    0.0103594010337    
1.0035325498    -0.29769760517    0.00802449502377    98    5.79112291336    0.0103594010337    
1.00746290188    -0.373570035018    0.00590422144974    33    1.32583904266    0.0103594010337    
1.00129923018    -0.269234842634    0.00852361074674    2    0.097188949585    0.0103594010337    
1.01098309521    -0.317315699873    0.00850828970106    85    4.80510783195    0.0103594010337    
1.00137377955    -0.173979778867    0.00679220967796    7    0.344400882721    0.0103594010337    
1.00089194598    0.0473619616661    0.00970243604853    7    0.386844158173    0.0103594010337    
1.00361899542    0.093558281846    0.00497495239315    183    8.67663502693    0.0103594010337    
0.997793889273    0.05632077936    0.00382212144744    146    7.18004488945    0.0103594010337    
0.999403618302    -0.13427684811    0.00694996332236    3    0.170100927353    0.0103594010337    
0.997539066172    -0.148293419161    0.00217898376277    54    2.18747901917    0.0103594010337    
0.996025297581    -0.0151081634601    0.00971571985507    133    5.86589789391    0.0103594010337    
0.998007993434    -0.168766874916    0.00655639709887    46    2.65201997757    0.0103594010337    
1.00477306574    0.17474176355    0.00696932266522    91    4.88630700111    0.0103594010337    
1.00611657298    -0.0599804637315    0.00438088585299    55    2.70208096504    0.0103594010337    
1.00264059604    0.0407905198133    0.00364428454254    113    5.42717504501    0.0103594010337    
0.999890518577    -0.39178234081    0.0092412982429    155    7.96118593216    0.0103594010337    
1.00694092325    -0.0391789261831    0.00884109835309    53    1.8944439888    0.0103594010337    
1.00085803477    -0.134918277335    0.00884867799056    66    3.95874810219    0.0103594010337    
1.01187957487    0.05619753884    0.00872971363647    366    17.7942359447    0.0103594010337    
1.00319462604    -0.132465334596    0.00645779626687    121    5.45112204552    0.0103594010337    
1.00358698251    -0.0870237645861    0.00784863531108    41    2.36686301231    0.0103594010337    
0.999466836005    0.124583486395    0.00811510257501    8    0.456462860107    0.0103594010337    
0.997156000354    -0.165343188517    0.00439478634739    44    2.31743693352    0.0103594010337    
0.998818867815    -0.124030189918    0.00641861726258    162    7.51760601997    0.0103594010337    
0.998020645929    0.047102342426    0.00154025416062    30    0.745312213898    0.0103594010337    
0.998686486204    -0.156332766194    0.00649081828471    183    8.44190382957    0.0103594010337    
0.9899200652    0.252598852176    0.00900035532533    227    10.394190073    0.0103594010337    
1.00422874525    0.178316029294    0.00147271627744    14    0.851793050766    0.0103594010337    
1.00065647616    0.0520325733353    0.00166354514132    8    0.522643089294    0.0103594010337    
1.00050642278    -0.256689897484    0.00765492798926    104    5.06984782219    0.0103594010337    
1.00464126691    0.0769785310868    0.0043473824822    54    3.1965739727    0.0103594010337    
1.00598123486    -0.119658711162    0.00716806683296    75    3.19747710228    0.0103594010337    
1.00613396337    -0.162398367521    0.00827277303133    140    6.43918085098    0.0103594010337    
1.00726025754    -0.169036595745    0.00923652933528    33    1.60654115677    0.0103594010337    
0.999580709093    0.0572259158741    0.00976036556974    29    1.6984038353    0.0103594010337    
1.00920433721    -0.148054859623    0.00627626440804    4    0.222306966782    0.0103594010337    
0.994596243321    0.109682139466    0.00562143521114    21    1.14233899117    0.0103594010337    
1.00179558865    0.0400914979569    0.00255810716042    70    3.51103806496    0.0103594010337    
1.00838845064    -0.129279367445    0.00813856548148    73    3.21199798584    0.0103594010337    
0.99517580821    -0.260883595875    0.00488252841356    19    0.799228906631    0.0103594010337    
1.00010566924    0.125996384564    0.00789211243093    22    1.05933094025    0.0103594010337    
1.00717018785    0.124369904651    0.00689905876347    76    3.36589884758    0.0103594010337    
0.991658537734    -0.177392140909    0.00730372204408    35    1.9735159874    0.0103594010337    
0.991044322861    -0.0532650368294    0.00929029211109    50    2.42903017998    0.0103594010337    
0.995785959596    -0.0528744865137    0.0090906771676    4    0.118691921234    0.0103594010337    
1.0025337301    0.0466108557055    0.00966085540219    47    1.7370891571    0.0103594010337    
1.0039411152    0.0117575160248    0.00612284184496    64    3.0599219799    0.0103594010337    
1.0013668585    -0.226978093688    0.00348602177301    93    3.05177688599    0.0103594010337    
