a    b    distance0    NDraws    time    dist_threshold1    
0.986722475625    -0.215970513868    0.0980547347667    9    10.3022928238    0.0992168043257    
1.05361752673    -0.160854619112    0.0938908665638    2    2.27092003822    0.0992168043257    
0.960751060131    -0.13030835178    0.0568188526207    1    1.21925592422    0.0992168043257    
1.08256521058    0.0190206351161    0.0851424074514    6    5.70196294785    0.0992168043257    
1.06046077143    -0.116962382974    0.0617085572421    2    2.01508784294    0.0992168043257    
1.06270756738    -0.0795796255697    0.0648491480643    1    0.821125984192    0.0992168043257    
0.943230102931    -0.0512921515477    0.0629508021417    4    3.38825321198    0.0992168043257    
1.04814659764    -0.084439843744    0.0772802766413    3    3.10715603828    0.0992168043257    
0.969362192122    -0.144849779204    0.0933142787058    1    1.22937393188    0.0992168043257    
0.936155013139    -0.129988965816    0.0619221245981    1    1.33579802513    0.0992168043257    
1.02274924385    -0.0633139236606    0.0230308529622    1    1.26347184181    0.0992168043257    
0.966046667263    -0.127686621008    0.0726435861569    1    1.17724990845    0.0992168043257    
1.06885010568    -0.182667061026    0.0932596586602    6    6.70795798302    0.0992168043257    
1.00184519872    0.082371060515    0.089886603826    4    4.87481093407    0.0992168043257    
1.01673556774    -0.0603526715256    0.0279376109527    1    1.37234997749    0.0992168043257    
1.06518938807    -0.197133717377    0.0882318233893    1    1.10786485672    0.0992168043257    
0.966714813665    0.026304960329    0.0988697553476    12    15.1929898262    0.0992168043257    
0.973860039102    -0.00272084031824    0.0874801478156    3    3.01186394691    0.0992168043257    
1.02575864423    -0.10647781918    0.0726973464241    5    4.70881199837    0.0992168043257    
0.992894678616    -0.131270011823    0.055454860534    1    1.06746315956    0.0992168043257    
1.08395239454    -0.0441616345006    0.0964163903057    3    3.16668105125    0.0992168043257    
0.980523526533    -0.160967311041    0.0179170103633    1    1.15583109856    0.0992168043257    
0.967655689984    -0.17963514898    0.0529238892648    2    2.36117506027    0.0992168043257    
0.903465727349    -0.0394229945927    0.0945635962893    2    2.27203416824    0.0992168043257    
1.06004123287    -0.160447465662    0.0849706393267    2    1.98640704155    0.0992168043257    
0.983744223251    0.0176105387391    0.0440500900491    3    2.99762010574    0.0992168043257    
0.976469114097    -0.0571179210248    0.0249307696357    1    1.09748411179    0.0992168043257    
0.979372453295    -0.165532760745    0.0962896737093    1    1.12269997597    0.0992168043257    
1.03228884886    -0.0775168121838    0.0687393568529    2    2.03960299492    0.0992168043257    
0.97386141229    -0.0654088306348    0.0740445652985    2    1.82667803764    0.0992168043257    
0.957460791611    -0.0997928221379    0.042123656276    2    1.91899108887    0.0992168043257    
0.926420772059    -0.019548838631    0.0763091721333    1    0.959807872772    0.0992168043257    
1.01422288445    -0.118139279739    0.0679402878655    1    0.942188978195    0.0992168043257    
1.00975173652    -0.153870430494    0.0785824312445    6    6.96645998955    0.0992168043257    
0.919710447982    -0.153732171804    0.0810760914926    1    1.23863196373    0.0992168043257    
0.960400624729    -0.118583684972    0.0404639390146    1    0.986936092377    0.0992168043257    
0.934504228945    -0.034360560539    0.071057044341    1    1.34039187431    0.0992168043257    
1.08011566696    -0.115989177851    0.0907729438582    1    1.02468800545    0.0992168043257    
0.996666379909    -0.113740570341    0.0653937574967    1    1.26991295815    0.0992168043257    
1.05672822508    -0.0105580999449    0.0676205266107    1    1.01317596436    0.0992168043257    
1.00904755523    -0.145261856774    0.0782526449974    1    0.969093799591    0.0992168043257    
1.09079677171    -0.0674404170948    0.0925544915131    1    0.922646999359    0.0992168043257    
0.972949858876    -0.00946292698574    0.0688740491327    5    5.22977089882    0.0992168043257    
0.940249334376    -0.0611005469232    0.0608450723769    1    1.0767660141    0.0992168043257    
0.976178141211    -0.00342669469499    0.0928498611337    5    5.37713098526    0.0992168043257    
1.01143818677    -0.122299369343    0.015540080533    3    3.37415790558    0.0992168043257    
0.935578096634    -0.0968378483969    0.0703922287192    2    2.3315320015    0.0992168043257    
1.03415264796    -0.0725316003689    0.0565019929215    1    1.27357387543    0.0992168043257    
1.00754595659    -0.0631420150491    0.0217240602273    1    1.05721592903    0.0992168043257    
1.01130061171    -0.0453358728922    0.0340327106939    1    1.46045923233    0.0992168043257    
0.928942714288    -0.0390910280943    0.0777278361808    7    8.71557593346    0.0992168043257    
0.925228570901    -0.108184854183    0.0753309557755    1    1.12100195885    0.0992168043257    
0.901070767374    -0.134154379546    0.098648668051    4    4.53641796112    0.0992168043257    
1.02719697522    -0.0592120292606    0.0927899355675    1    1.05385494232    0.0992168043257    
0.992341340261    -0.112682851536    0.036089438432    1    0.927930116653    0.0992168043257    
0.92419096099    -0.0541162381294    0.0878156704903    1    1.05086493492    0.0992168043257    
1.03306654502    -0.043703562245    0.0516892717804    1    1.04484200478    0.0992168043257    
1.03312169867    -0.0261521532139    0.0402859208552    2    2.68906211853    0.0992168043257    
0.931600654466    -0.0674569376733    0.0801302777369    1    1.04316091537    0.0992168043257    
0.935859700826    -0.079861782306    0.0762033247517    2    2.03736209869    0.0992168043257    
0.960808116469    -0.145915029501    0.0796916090914    1    0.661187171936    0.0992168043257    
1.00256556451    -0.110047874451    0.0302077184985    3    2.84680390358    0.0992168043257    
1.01240402559    -0.0973812202201    0.0197026211019    2    1.51893091202    0.0992168043257    
0.956209917829    -0.0571177193964    0.0527702088819    1    0.604555130005    0.0992168043257    
0.948253368002    -0.0726680836663    0.0500781583112    1    0.863017082214    0.0992168043257    
0.961959278874    -0.192780869477    0.0599722006472    2    2.01498222351    0.0992168043257    
1.09499631401    -0.124457111325    0.0972092707498    1    0.980917930603    0.0992168043257    
0.994860820011    -0.121071855503    0.0544260908087    2    2.12267279625    0.0992168043257    
1.02477649984    -0.161214402866    0.0808638045441    1    1.00532197952    0.0992168043257    
0.976202519038    -0.0326644339531    0.0619473380168    1    1.02046489716    0.0992168043257    
1.00619106882    -0.107707106225    0.0498416408946    1    0.91699385643    0.0992168043257    
1.08048516329    -0.082703113343    0.0819858298203    6    6.06704592705    0.0992168043257    
1.06838238774    -0.122308548681    0.082480834061    1    0.775213956833    0.0992168043257    
1.03841411945    -0.0944325919634    0.041248972426    1    0.764601945877    0.0992168043257    
1.04735695292    -0.108317594033    0.0874496820936    1    0.76023888588    0.0992168043257    
0.958325397045    -0.0625709525983    0.0434683117748    1    0.823173999786    0.0992168043257    
1.00479896044    -0.107735908732    0.0906505288201    1    0.822777986526    0.0992168043257    
0.941952186295    -0.0679927144783    0.0749475764938    1    0.843329906464    0.0992168043257    
0.929484660885    -0.0634264594733    0.0694864918553    1    0.68155503273    0.0992168043257    
1.01095004591    -0.0878136961716    0.0408945170123    1    0.763889789581    0.0992168043257    
1.0662267754    -0.105199485259    0.0734230837825    2    1.80585312843    0.0992168043257    
0.949507559738    -0.110533447143    0.083406647845    1    0.807085037231    0.0992168043257    
0.97082313201    -0.107438694511    0.0316555889916    8    7.24589490891    0.0992168043257    
0.93514833557    -0.0972706275237    0.0834378731987    1    0.891857862473    0.0992168043257    
1.00584101676    -0.108203092489    0.0381593578757    5    4.66665005684    0.0992168043257    
1.00356368379    -0.110618072517    0.00761828598839    1    0.806524038315    0.0992168043257    
1.02551288107    -0.0616739533513    0.0316372243344    2    1.59083199501    0.0992168043257    
1.03200173756    -0.0571228585175    0.0531934006877    2    1.64261102676    0.0992168043257    
0.965094843642    -0.138054959947    0.0890571200675    1    0.906207084656    0.0992168043257    
0.961020997194    -0.0727987637428    0.039758719024    1    1.09686589241    0.0992168043257    
0.941757797336    -0.108679894351    0.0593029616185    1    1.01093316078    0.0992168043257    
1.06370538038    -0.021013684653    0.0882623837491    1    0.918903827667    0.0992168043257    
0.98890310498    -0.114767182817    0.0726181498584    4    2.99497509003    0.0992168043257    
1.01901840573    -0.0578462959917    0.0200840902531    2    1.44531202316    0.0992168043257    
0.977328579315    -0.0552698936511    0.0878710959967    1    0.810976982117    0.0992168043257    
1.00732080566    -0.106793438647    0.0201030403945    1    0.849980115891    0.0992168043257    
1.05765811145    -0.0596662121284    0.059977064868    7    7.81664395332    0.0992168043257    
1.00466556021    -0.0631143680209    0.0414715721844    1    0.681259870529    0.0992168043257    
0.902088372832    -0.0785745996356    0.0970475692864    2    1.43834805489    0.0992168043257    
1.05820861738    -0.0961032157849    0.0771234737581    2    2.24893903732    0.0992168043257    
1.06539073685    -0.0706707547582    0.0747644712928    5    6.53600382805    0.0992168043257    
0.956629861097    -0.159248091422    0.0782367866593    1    1.54849791527    0.0992168043257    
1.05924404335    -0.0106766736648    0.0715017731618    2    3.27449011803    0.0992168043257    
0.926452550519    -0.128488081079    0.0751137819888    1    1.21519994736    0.0992168043257    
0.964665319818    -0.180427525138    0.0750314861336    6    7.33337712288    0.0992168043257    
0.928451135887    -0.100584699515    0.0945927255174    2    2.19187688828    0.0992168043257    
0.975216087857    -0.121488081791    0.0319313165467    1    1.01576900482    0.0992168043257    
1.01339549031    -0.103332504357    0.0241109988296    2    2.30446195602    0.0992168043257    
0.908948419827    -0.0284785762971    0.0960469813793    1    1.14658689499    0.0992168043257    
0.985453870287    0.0157325431898    0.0346583359066    4    4.79645895958    0.0992168043257    
1.07417688869    -0.0895084551462    0.0774937565309    5    5.54807114601    0.0992168043257    
0.923971423838    -0.0788585085982    0.0743633709689    2    2.29640007019    0.0992168043257    
0.902135001892    -0.0656880443213    0.0955849975797    3    3.06183600426    0.0992168043257    
1.01980270956    0.0209861304793    0.055008717365    1    1.05647587776    0.0992168043257    
1.04299118008    -0.0761905419931    0.0447050073599    1    1.16880583763    0.0992168043257    
1.04665543292    -0.087706215325    0.0524463987813    2    1.95619511604    0.0992168043257    
1.0195948697    -0.0272243595562    0.0385973761289    4    4.23792290688    0.0992168043257    
0.925739790391    -0.119905412027    0.0754770751472    2    1.80512690544    0.0992168043257    
0.998193486865    -0.093997897781    0.0280135823907    2    1.82578396797    0.0992168043257    
0.975452126146    -0.0246450858202    0.0742452023294    1    0.917335987091    0.0992168043257    
0.981534058148    -0.158488663551    0.0186399691749    1    0.818439006805    0.0992168043257    
0.921646933462    -0.0117260864867    0.0821127162962    1    0.818307876587    0.0992168043257    
0.965358724529    -0.117588442597    0.0342331839704    2    1.92578005791    0.0992168043257    
1.0549438244    -0.130235244312    0.0827415043912    1    1.02388691902    0.0992168043257    
1.00953407552    0.0244743518634    0.0868171678614    1    0.937042951584    0.0992168043257    
1.02013186933    -0.0769355210612    0.0270723610551    6    7.37555813789    0.0992168043257    
1.01427854837    -0.0786591312524    0.0604430496337    2    2.19220209122    0.0992168043257    
0.945320001652    -0.0861397840548    0.0574146363222    1    1.10416793823    0.0992168043257    
1.03675462469    -0.0501263207594    0.0612118037025    2    1.99677395821    0.0992168043257    
1.09063759593    -0.112461598943    0.0954971321294    1    1.14281105995    0.0992168043257    
1.02965329138    -0.0743725315682    0.0617021780217    2    2.04992103577    0.0992168043257    
0.978474202261    -0.18369097424    0.0872538101928    1    0.909930944443    0.0992168043257    
1.03607932041    -0.0749035345922    0.0587169320383    2    2.01602506638    0.0992168043257    
0.931650943968    -0.0785103147664    0.0674827978533    1    1.16549897194    0.0992168043257    
0.946479841632    -0.0606058649435    0.0696969630334    1    0.965771198273    0.0992168043257    
1.05001867254    -0.175236572331    0.0843515462758    1    1.01815009117    0.0992168043257    
1.08369531934    -0.0421546070968    0.094218699913    7    8.80614495277    0.0992168043257    
1.01641914694    -0.0998325520219    0.076097832301    2    2.18161201477    0.0992168043257    
1.00629367936    -0.0431799466974    0.0167157071879    3    3.28853201866    0.0992168043257    
1.04096415704    -0.106103918657    0.0892085160005    4    4.22395300865    0.0992168043257    
0.991604294199    -0.109731226827    0.0697873639102    1    1.25790786743    0.0992168043257    
1.02815923682    -0.0559936001082    0.0599621827579    2    2.554926157    0.0992168043257    
1.04396961194    -0.0308156684169    0.0497665552883    2    2.32588386536    0.0992168043257    
1.02928080932    -0.123899312101    0.0390978280352    1    1.16855883598    0.0992168043257    
0.948417808414    -0.0609997551417    0.0534182873964    1    1.16155409813    0.0992168043257    
0.931085508975    -0.0724292599317    0.0694340716748    5    6.1125421524    0.0992168043257    
0.931499698117    -0.103800055091    0.087001932839    4    4.44914913177    0.0992168043257    
1.02273635613    -0.142944530471    0.0448662215811    2    2.23440599442    0.0992168043257    
1.0357797099    -0.0305960501772    0.0376726914657    3    3.45146012306    0.0992168043257    
0.943035475137    -0.0476474741712    0.0560660660454    1    1.38741397858    0.0992168043257    
0.946057004198    -0.145936517756    0.0982472773103    1    1.33439993858    0.0992168043257    
1.01686797226    -0.130009939979    0.0203420081321    2    2.7186729908    0.0992168043257    
1.07707820861    0.0318573016453    0.0942969093573    2    2.63111805916    0.0992168043257    
0.987914678222    -0.122800928701    0.026719666222    2    2.5624730587    0.0992168043257    
0.939093229725    -0.00316624036993    0.0598272739578    7    7.55419993401    0.0992168043257    
0.987040074279    -0.106729695186    0.0394623176646    4    4.05943107605    0.0992168043257    
0.934847656164    -0.0564605113575    0.0636214959079    1    0.969884157181    0.0992168043257    
0.917794742823    -0.11755422843    0.0819970721078    3    3.23595905304    0.0992168043257    
0.932138019532    -0.0296901178926    0.0800581353824    2    1.93552994728    0.0992168043257    
1.06204452751    -0.151148842799    0.0756438139321    1    0.777213811874    0.0992168043257    
1.02140015269    -0.168059312481    0.0721872127936    6    5.64493298531    0.0992168043257    
1.07811723299    -0.0572164299506    0.089547321939    1    1.12112498283    0.0992168043257    
0.925482095039    -0.069666729709    0.0916402487486    2    1.67003202438    0.0992168043257    
1.01032719075    -0.0701908189492    0.0348913098325    1    0.925518035889    0.0992168043257    
0.942755368493    -0.1608153188    0.0675758668387    1    0.881628990173    0.0992168043257    
0.92187368512    -0.0813383919339    0.0772412697219    1    1.03251314163    0.0992168043257    
0.968275245185    -0.0396673968173    0.0607420134088    1    1.13302302361    0.0992168043257    
1.07074657338    -0.0460164701718    0.0825867879458    1    1.1891310215    0.0992168043257    
1.00849133688    -0.0755689503554    0.0754142211699    1    0.959061145782    0.0992168043257    
0.959138649202    -0.0550654442755    0.0661732531841    1    0.951144933701    0.0992168043257    
1.0263956733    -0.203643970387    0.0830798487698    1    0.992685079575    0.0992168043257    
1.02561845384    -0.194678382281    0.0530311466424    3    3.13651990891    0.0992168043257    
0.910929628613    -0.114128673362    0.089733838345    1    0.909212112427    0.0992168043257    
0.982602986721    -0.0853253851021    0.0469063270709    3    2.90793299675    0.0992168043257    
0.953732794798    -0.0801253690989    0.0485159212252    2    1.78966188431    0.0992168043257    
1.00043779698    -0.0760904979747    0.0279866445932    1    0.950557947159    0.0992168043257    
0.969443307355    -0.0915292271376    0.0292084660513    2    2.0002810955    0.0992168043257    
0.953332700529    0.0193943311016    0.0716893687465    3    3.070073843    0.0992168043257    
0.967355403978    -0.10827630379    0.0595856512177    1    0.750287055969    0.0992168043257    
0.996141093472    -0.128383919667    0.00237656939965    1    0.792721033096    0.0992168043257    
0.97745530734    -0.126409141587    0.0211968635847    2    1.65714406967    0.0992168043257    
0.941991050702    -0.0839375842205    0.0578995238358    2    1.94708180428    0.0992168043257    
1.0095441185    -0.164519918844    0.0612604171656    3    2.8524479866    0.0992168043257    
1.08928956354    -0.054499054601    0.0907470044495    3    3.59408402443    0.0992168043257    
0.990103800823    -0.178405078697    0.0793565011569    1    1.13339304924    0.0992168043257    
0.949876146841    -0.113780984549    0.0894881360946    3    3.04651784897    0.0992168043257    
0.986806388524    -0.0667893627983    0.0408738353643    1    0.874579906464    0.0992168043257    
1.00918987069    -0.0117531729617    0.0853872873976    8    8.35389184952    0.0992168043257    
1.03734156337    -0.0962077589244    0.0892966393138    2    2.39406013489    0.0992168043257    
1.01979103333    -0.073298959652    0.0625225606306    1    1.27397608757    0.0992168043257    
1.04819801789    -0.0327769890422    0.0571326102617    1    1.29205107689    0.0992168043257    
0.958139583117    -0.0829599374093    0.046017202831    1    1.19001889229    0.0992168043257    
1.05366627535    -0.029479298598    0.0867947161475    1    0.979671001434    0.0992168043257    
1.07311742014    -0.0555590551202    0.0931176674653    1    0.985582113266    0.0992168043257    
1.06460410286    -0.113250726894    0.0975526698142    1    1.21669983864    0.0992168043257    
0.932457493685    -0.0715913921515    0.0672571352574    1    1.26572489738    0.0992168043257    
0.904756286554    -0.0441196577559    0.0981352545136    3    3.06238889694    0.0992168043257    
1.02483339749    -0.014441600719    0.075907330096    2    1.93565893173    0.0992168043257    
1.0654116587    -0.0680818086268    0.0666479326803    2    2.15832304955    0.0992168043257    
0.969826599675    0.00169426839275    0.0898869501329    1    1.21299791336    0.0992168043257    
0.976554222519    -0.170545412838    0.037850905891    2    2.02228403091    0.0992168043257    
1.01406034089    -0.0852944674822    0.0155260059994    2    2.25559616089    0.0992168043257    
1.04663291222    -0.109236359407    0.0527127870926    4    4.71229410172    0.0992168043257    
0.94904092729    -0.0525886112659    0.0615403809669    1    1.706854105    0.0992168043257    
0.906388829768    -0.0834914256071    0.0957148744792    1    1.55483794212    0.0992168043257    
1.02604850911    -0.0315589862222    0.0268054941872    2    2.53273701668    0.0992168043257    
0.952816291305    -0.179428045456    0.0732080802821    1    1.09713602066    0.0992168043257    
1.0837789402    -0.0381067534744    0.088083414797    1    1.08232212067    0.0992168043257    
0.92437761518    -0.0348027840054    0.0754467062244    1    0.879570960999    0.0992168043257    
0.992311642029    -0.183889100323    0.0634132874297    5    5.74657011032    0.0992168043257    
1.03440183791    -0.0976293243002    0.0831482014017    1    1.188601017    0.0992168043257    
0.961261033686    -0.152978942012    0.0388930722362    1    1.35700082779    0.0992168043257    
0.995837495423    -0.0153226085951    0.0134640670948    1    1.33905005455    0.0992168043257    
1.01480964504    -0.0348015058039    0.0581941667822    1    1.22604012489    0.0992168043257    
1.01168052814    -0.0667733700721    0.0171049396469    3    3.53040099144    0.0992168043257    
1.02253177469    -0.0845182685321    0.0305670884339    1    1.28618001938    0.0992168043257    
1.00743402925    0.0189119396959    0.0480446550362    1    1.05752205849    0.0992168043257    
1.09355370984    -0.0450329563477    0.0978511842978    2    2.15609002113    0.0992168043257    
0.964408733254    -0.201916031714    0.0827135045818    2    1.92862510681    0.0992168043257    
0.99993818252    -0.192398786911    0.0953624191494    1    1.11486697197    0.0992168043257    
0.992261994265    -0.0885549201572    0.0247010604214    5    6.46368288994    0.0992168043257    
0.991242067754    -0.128375982299    0.050946839013    4    5.340061903    0.0992168043257    
1.0706827218    -0.0924296741089    0.0947111490214    4    4.94788980484    0.0992168043257    
0.920758776098    -0.0854746492872    0.0853093778811    1    1.02517795563    0.0992168043257    
1.03177091376    -0.0396223368737    0.0708309323501    1    1.00821709633    0.0992168043257    
1.02980126656    -0.0942436757538    0.0322716840215    2    2.02305102348    0.0992168043257    
0.938646430109    -0.138005450425    0.0778442865654    2    1.74272799492    0.0992168043257    
1.0361160694    -0.182855458052    0.0718660119891    3    3.66087579727    0.0992168043257    
1.02192454922    -0.0700646346816    0.0657654051148    9    9.99491095543    0.0992168043257    
1.06124351249    -0.179270651387    0.0798262053466    1    0.982766151428    0.0992168043257    
1.08010240924    -0.111161543697    0.0821782044234    1    0.956032037735    0.0992168043257    
0.980963141425    -0.042030840505    0.0212256234086    3    2.73335981369    0.0992168043257    
0.973313822429    -0.121151392543    0.039150018197    3    2.69487905502    0.0992168043257    
1.01984193536    -0.0452718222446    0.0782548211801    2    1.64862298965    0.0992168043257    
1.02635300008    -0.184680954415    0.0484090381678    1    0.752346038818    0.0992168043257    
0.935688386031    -0.0334489066284    0.0656521565771    3    2.28025197983    0.0992168043257    
0.922771260812    -0.105523730969    0.0830855522187    4    3.37747001648    0.0992168043257    
0.925898623093    -0.0454945824022    0.0750799824978    1    0.752509117126    0.0992168043257    
1.04803291258    0.0106621498326    0.0896696116906    1    0.840185880661    0.0992168043257    
0.914438240029    -0.0203873820616    0.0900787477867    3    2.95965886116    0.0992168043257    
0.96185551901    -0.0645872397905    0.0372226904254    4    3.511729002    0.0992168043257    
0.933262822079    -0.09791267893    0.0650570908255    1    0.777594804764    0.0992168043257    
1.04014312249    -0.0813049032281    0.0423209264736    4    3.89268994331    0.0992168043257    
1.00924460816    -0.135717625758    0.0940393632453    3    3.44782304764    0.0992168043257    
0.923437025286    -0.0557159455573    0.0768094956966    1    1.00378298759    0.0992168043257    
0.994366294644    -0.122946348892    0.0154097214251    1    1.00476193428    0.0992168043257    
0.986697936607    -0.0220401706356    0.0957040425021    1    0.981698036194    0.0992168043257    
0.948888511449    -0.070100196032    0.0500717564765    2    1.89592409134    0.0992168043257    
1.05574708671    -0.0214573363866    0.0621055667274    2    2.04909110069    0.0992168043257    
0.956752754046    0.00251195602938    0.0820677597365    2    2.20377111435    0.0992168043257    
1.06862753335    -0.148049994034    0.0772481530251    8    8.20466208458    0.0992168043257    
0.981520850851    -0.018438677977    0.0450595931858    1    0.958722114563    0.0992168043257    
1.02211613313    -0.0865724371882    0.0621661078711    1    0.951703071594    0.0992168043257    
0.958943804369    -0.0622633098735    0.0431728135295    2    1.83592987061    0.0992168043257    
0.97865695125    -0.147793239718    0.0947701954592    2    1.89415788651    0.0992168043257    
0.987590319671    -0.017451380765    0.093515272765    3    2.84465289116    0.0992168043257    
1.02450750036    -0.061341846669    0.0287251956746    2    2.55254197121    0.0992168043257    
0.958043888532    -0.167187013663    0.0809475651288    1    1.23521113396    0.0992168043257    
1.02384492169    0.0118297464873    0.0977245375762    3    3.51585483551    0.0992168043257    
0.984981498816    -0.174990509497    0.0580793719732    4    4.43893694878    0.0992168043257    
1.01020486059    -0.0932771540726    0.01218479178    1    1.36651706696    0.0992168043257    
1.01694589722    -0.122486079178    0.0577023113863    1    1.25188398361    0.0992168043257    
0.988979406958    -0.137385714524    0.0784792915132    2    2.67067694664    0.0992168043257    
1.02393086933    -0.0771842517341    0.0434493572226    1    1.13674521446    0.0992168043257    
0.911727032171    -0.0246491797316    0.0903035435876    2    2.19572687149    0.0992168043257    
0.969646693557    -0.157205261064    0.0380624807837    3    3.6683371067    0.0992168043257    
0.947876800417    -0.12112851176    0.0703314606644    1    1.43927812576    0.0992168043257    
1.06079649464    -0.113523810643    0.0647289236977    6    6.58870792389    0.0992168043257    
0.993665365876    -0.223031538646    0.0922778860055    1    1.02159786224    0.0992168043257    
0.963064490582    -0.0495574460854    0.0732228268126    7    8.2018301487    0.0992168043257    
0.974018574565    -0.0348560454913    0.0244945544398    6    7.91578483582    0.0992168043257    
0.973079410652    -0.027004363548    0.0273643417581    3    4.01853299141    0.0992168043257    
1.01209869632    -0.0265248820491    0.0292506413299    2    2.39607381821    0.0992168043257    
1.02268277664    -0.0238354882246    0.0807314743997    5    6.22379016876    0.0992168043257    
0.996890896074    -0.00265538989147    0.049418783463    1    1.25907897949    0.0992168043257    
0.925605794484    -0.0624431040562    0.0867151332993    3    4.17149400711    0.0992168043257    
0.954133147742    -0.0548410624445    0.0480603422038    1    1.17684006691    0.0992168043257    
1.00245331901    0.00879693241095    0.0680415093619    2    2.20571613312    0.0992168043257    
1.0490620634    -0.0316281056465    0.0919445267293    6    7.00659513474    0.0992168043257    
0.943005536245    -0.120613862351    0.0726586486168    1    1.35076498985    0.0992168043257    
1.07198123434    -0.13597746849    0.081344566156    1    1.32225489616    0.0992168043257    
1.01273895894    -0.172272025366    0.0331645279251    2    2.54477620125    0.0992168043257    
1.07091691127    -0.119069421488    0.0899003020729    3    3.73374819756    0.0992168043257    
0.944168554227    -0.115063026368    0.0662364120367    1    1.00760316849    0.0992168043257    
0.938011792035    0.00683180939909    0.0950094491103    1    0.835501909256    0.0992168043257    
0.998230243979    -0.118205165159    0.0480234857895    4    5.11270499229    0.0992168043257    
1.03155291992    -0.0697714677401    0.0381167457127    3    4.31253790855    0.0992168043257    
1.0102734184    -0.123068204673    0.0876903588795    3    4.15739893913    0.0992168043257    
0.956142640117    -0.0165227373773    0.0783907689728    3    3.09138298035    0.0992168043257    
0.973862356341    -0.127711419562    0.0555707239053    1    0.926756858826    0.0992168043257    
0.993207306306    -0.183593978427    0.0428436049455    1    0.82065486908    0.0992168043257    
1.01313787156    -0.129248836881    0.0161772426771    4    3.35628795624    0.0992168043257    
1.02032932715    -0.138171168436    0.0727174002571    2    2.17677021027    0.0992168043257    
0.965410880758    -0.0375360074814    0.0873027624542    3    3.04112100601    0.0992168043257    
1.05194829001    -0.082622060938    0.0536561577024    1    1.08362102509    0.0992168043257    
0.9481592565    0.00719937698535    0.0983414960462    8    7.92099881172    0.0992168043257    
1.06062907734    -0.104696990473    0.0853655595227    1    1.10313200951    0.0992168043257    
0.969575001628    -0.147675965321    0.0695342311897    1    0.881405830383    0.0992168043257    
0.915961405625    -0.0228298031062    0.0888619209243    1    0.979506969452    0.0992168043257    
0.972702175281    -0.0349672618073    0.0813605112072    1    1.23630595207    0.0992168043257    
1.03642672208    -0.0169896090879    0.0618174459537    2    2.20724487305    0.0992168043257    
0.926332449438    -0.0993086507334    0.0973340203646    1    1.11747598648    0.0992168043257    
1.02057623946    -0.111198987635    0.0384666852397    2    2.22730398178    0.0992168043257    
1.01346164141    -0.147094266937    0.0813968622056    1    0.970302820206    0.0992168043257    
0.964900691056    -0.18177304976    0.0974644025154    1    0.904946088791    0.0992168043257    
0.945473096137    -0.114283588547    0.0728212848434    2    1.81911897659    0.0992168043257    
1.04462985266    -0.102609742542    0.0469373893921    1    0.821590900421    0.0992168043257    
1.08000471616    -0.0517527483455    0.0883927045017    2    1.67632699013    0.0992168043257    
0.998323388475    -0.0527962814111    0.00291513723341    2    2.29502296448    0.0992168043257    
1.0325551927    -0.0848988664705    0.0394794397027    2    2.80987405777    0.0992168043257    
1.03667401272    -0.0258148154724    0.0890433982929    1    1.46537995338    0.0992168043257    
1.07522459914    -0.150146341653    0.0934450861116    2    2.33572411537    0.0992168043257    
1.03476721155    -0.116983295485    0.0591081201209    2    1.74174308777    0.0992168043257    
1.05068981631    -0.112744266293    0.0550740937787    1    0.900317907333    0.0992168043257    
1.00535528617    -0.0430814265743    0.00990826736617    1    0.901016950607    0.0992168043257    
1.02484997754    -0.0145338026102    0.081113635271    8    6.75746393204    0.0992168043257    
0.991471901199    -0.100049589532    0.0539449235134    7    5.89280986786    0.0992168043257    
1.04162018499    -0.0938888542669    0.0497224713405    2    1.83018612862    0.0992168043257    
0.997188670238    -0.115247579166    0.0539401353695    4    3.46000790596    0.0992168043257    
1.07563920404    -0.0576228308218    0.0925715019472    4    5.02526307106    0.0992168043257    
1.03437818203    -0.123113131385    0.0841180767104    1    0.981289148331    0.0992168043257    
1.07877991045    -0.042509187881    0.0904899365961    1    1.12858486176    0.0992168043257    
1.07436620803    -0.129176240098    0.0825044802284    4    4.81473302841    0.0992168043257    
1.06674877448    -0.0331088250435    0.0819275825748    3    3.15881705284    0.0992168043257    
0.95950433112    -0.0946877132353    0.0468606957487    1    1.0468249321    0.0992168043257    
0.98235008417    -0.130099061695    0.0410764857182    1    1.076212883    0.0992168043257    
0.911202954496    -0.118980805363    0.0942471520836    4    4.42974805832    0.0992168043257    
1.00832417345    -0.227804853381    0.0920204721096    1    1.16413593292    0.0992168043257    
1.00195201837    -0.10526845748    0.0600899327356    1    1.11192703247    0.0992168043257    
0.992030031161    0.00594327195201    0.0658402584083    5    6.06849002838    0.0992168043257    
0.947434555784    -0.0968397813376    0.0662238523796    1    1.20159292221    0.0992168043257    
0.994146365025    -0.118249914904    0.0191115102093    2    2.25113797188    0.0992168043257    
0.945439405401    -0.120170803131    0.0652596543595    1    1.07810997963    0.0992168043257    
1.04928265444    -0.0907611198753    0.0529747049379    2    2.28279089928    0.0992168043257    
1.07048542055    -0.06919218445    0.0726563936482    1    0.994495153427    0.0992168043257    
0.953658761929    -0.124126605617    0.0786920676235    3    2.8156709671    0.0992168043257    
0.952201523075    -0.0720911561566    0.0461946721995    2    1.78988003731    0.0992168043257    
1.07720393373    -0.123226838901    0.085535502316    10    9.33407402039    0.0992168043257    
0.93856314338    0.00063867739194    0.088063525147    3    2.75426411629    0.0992168043257    
0.981369561444    -0.0885288969571    0.0172406055502    1    0.897917032242    0.0992168043257    
1.0268372489    -0.0557720592073    0.0354447417854    1    0.913576126099    0.0992168043257    
1.07613450436    -0.121586457479    0.0808223863217    2    2.32982206345    0.0992168043257    
0.948244035989    -0.0535008339442    0.0609839180654    2    2.58299303055    0.0992168043257    
1.04203141769    -0.0586402343287    0.0456466480093    1    1.15867996216    0.0992168043257    
0.933665706421    -0.0687343977859    0.0787758722625    4    4.71622395515    0.0992168043257    
0.931125153133    -0.0875690753873    0.0720441659182    1    1.25796699524    0.0992168043257    
0.98356834166    -0.137963735652    0.0578582536462    2    2.32878994942    0.0992168043257    
1.03068397347    -0.10936362053    0.0664957627941    4    4.26865005493    0.0992168043257    
0.987202566411    -0.0164514681818    0.012150316049    1    1.1894929409    0.0992168043257    
1.05093303444    -0.0413805137295    0.0531191123437    5    6.87162685394    0.0992168043257    
0.941767555886    -0.127902343798    0.0605757661967    6    7.92827486992    0.0992168043257    
1.02060595677    -0.108694947902    0.0233860068701    3    3.67605996132    0.0992168043257    
0.90763925454    -0.0172821955935    0.097897642639    1    0.846425056458    0.0992168043257    
0.939476108424    -0.109649889191    0.0653995079375    1    0.829780101776    0.0992168043257    
0.993866701201    -0.0798586986542    0.0180594107536    1    0.999548912048    0.0992168043257    
1.01767014995    -0.194399233648    0.0944830971677    2    1.7041580677    0.0992168043257    
1.09622614355    -0.0877244141433    0.0981612143077    3    2.66593694687    0.0992168043257    
1.05842457097    -0.00458207395676    0.074400308027    3    3.29773402214    0.0992168043257    
1.07363948414    -0.0571306312406    0.0809114907189    4    5.24013614655    0.0992168043257    
0.988650779066    0.0117039383143    0.0660559764666    6    7.30899977684    0.0992168043257    
0.957090841453    -0.0340766117061    0.0468167745087    4    4.62375187874    0.0992168043257    
0.943341176478    0.0156810481841    0.0943679327085    2    2.12619996071    0.0992168043257    
1.02138254784    -0.0307111064146    0.0295522398738    4    4.10504698753    0.0992168043257    
1.01882476486    -0.0704098970942    0.0247239260996    2    3.07065486908    0.0992168043257    
0.949683162368    -0.0651034630258    0.0632390806967    1    1.72037410736    0.0992168043257    
0.987418496762    -0.027279369066    0.0458722527162    1    1.16172289848    0.0992168043257    
0.932916932144    -0.0882582470796    0.0665979736552    3    3.28455686569    0.0992168043257    
0.922156302652    -0.058957495552    0.0848357996796    5    5.99788022041    0.0992168043257    
0.98378123523    -0.0544320952636    0.0152551710421    2    1.87842702866    0.0992168043257    
0.991028616987    -0.125416326186    0.0153828013547    3    3.0456058979    0.0992168043257    
1.00628707433    -0.210938452362    0.0825551811397    1    0.993278026581    0.0992168043257    
0.986701924803    -0.153644891012    0.0968106609479    1    1.29210591316    0.0992168043257    
1.00740632882    -0.138180927079    0.0704139985521    2    2.18023705482    0.0992168043257    
0.996922863041    -0.113104857797    0.0279074145146    2    2.41822814941    0.0992168043257    
1.05360040593    -0.0147414388121    0.0737609676678    1    1.14232420921    0.0992168043257    
0.964420841216    -0.0635085868493    0.040609755178    1    1.11726403236    0.0992168043257    
1.0753655845    -0.0271619014692    0.0817535214407    1    0.930913925171    0.0992168043257    
1.03639340489    -0.0166075001562    0.049141273663    1    0.855994224548    0.0992168043257    
0.983735747506    -0.0763565781008    0.0171747829423    2    1.65391588211    0.0992168043257    
1.05956235729    -0.058474537058    0.0629004425441    1    0.65202999115    0.0992168043257    
0.991024423568    -0.0604700484464    0.027134364016    2    1.59025001526    0.0992168043257    
1.03070943427    -0.0661923804287    0.0428306839862    1    0.886588096619    0.0992168043257    
0.979553219972    -0.0970061582997    0.0227459008745    1    0.924150943756    0.0992168043257    
0.912325664423    0.00287667321168    0.0963292367269    1    1.0309510231    0.0992168043257    
0.933902086032    -6.20345621653e-05    0.0862893979915    2    2.42718696594    0.0992168043257    
0.998714975408    -0.0573333010153    0.0164772284643    4    3.93914794922    0.0992168043257    
1.00248051078    -0.0768819258672    0.00583555921403    6    5.72274804115    0.0992168043257    
1.04744805626    -0.138704725759    0.0805199942682    6    6.55888581276    0.0992168043257    
0.952513016712    -0.0315020209414    0.0560434811662    2    2.39518880844    0.0992168043257    
1.08847337744    -0.107679362806    0.0883028768181    1    1.13700795174    0.0992168043257    
1.01503995912    -0.0655458603234    0.0388371925834    7    6.79785203934    0.0992168043257    
0.998115966448    -0.132013209488    0.0438226725575    3    2.56643295288    0.0992168043257    
1.08778393611    -0.073464544276    0.0899009319373    1    0.890629053116    0.0992168043257    
1.01377862059    -0.0174349960548    0.0764363697142    1    0.868489027023    0.0992168043257    
1.08161425817    -0.128807615147    0.0909152302854    2    1.84404706955    0.0992168043257    
0.906662352085    -0.0810551611978    0.0979743421794    1    0.928546905518    0.0992168043257    
0.939810214427    -0.0633500180717    0.0729416753994    3    2.67540192604    0.0992168043257    
0.954141916012    -0.159633200986    0.0775020479596    3    2.58462309837    0.0992168043257    
0.938511608996    -0.121986982786    0.0749667077922    1    1.09003400803    0.0992168043257    
0.96193885706    0.0095022411038    0.0553620121714    2    2.2472589016    0.0992168043257    
0.984409407019    -0.0486088901746    0.0412097477164    2    2.07050013542    0.0992168043257    
0.941210950256    -0.0622861283676    0.0693904769377    1    1.10905599594    0.0992168043257    
0.996263380098    -0.101697722582    0.0883793873196    2    2.18648004532    0.0992168043257    
1.0136260788    0.0259493529357    0.0848131904859    1    1.13481497765    0.0992168043257    
0.913289714467    -0.00451048288048    0.090484946125    2    2.21134090424    0.0992168043257    
0.977740748275    -0.0640368969415    0.0497986329819    1    1.02306580544    0.0992168043257    
0.931200885777    -0.112358326152    0.0947792239471    3    3.12896609306    0.0992168043257    
0.920372406316    -0.0587209963577    0.0787524342018    2    2.22063398361    0.0992168043257    
0.91223248789    -0.0891768083208    0.0934039786026    1    1.07428503036    0.0992168043257    
0.971487983456    -0.112203053131    0.0304195570132    1    1.29433703423    0.0992168043257    
0.99936584124    -0.206428191603    0.0931560164334    3    3.6622209549    0.0992168043257    
0.962175011766    -0.082090699485    0.0370139519812    3    2.45186495781    0.0992168043257    
1.00592009252    -0.0547596899804    0.0708437133342    7    5.76096606255    0.0992168043257    
1.07107877767    -0.050773903142    0.0743280666539    1    0.975593090057    0.0992168043257    
0.915126611904    -0.151590220437    0.0965809329695    1    0.773236036301    0.0992168043257    
0.999569830439    -0.130002327929    0.0244022376926    3    2.77325606346    0.0992168043257    
1.04377584903    -0.0771044993662    0.0623542233191    2    2.40264821053    0.0992168043257    
1.04840442602    -0.0967457518949    0.0514938784058    1    1.00179409981    0.0992168043257    
1.04899559189    -0.0449224266403    0.0820195067898    1    1.0027358532    0.0992168043257    
1.07364166522    0.0091960997652    0.0854163878708    1    0.955595016479    0.0992168043257    
1.00673154162    -0.0947323283906    0.0399908082256    2    2.04378199577    0.0992168043257    
1.01289126479    -0.0164560976288    0.0170337070985    2    1.98997497559    0.0992168043257    
0.979852380852    -0.151562201892    0.0853683503653    1    0.890586137772    0.0992168043257    
1.06961833176    -0.0972733945351    0.0711141760875    4    4.2994260788    0.0992168043257    
1.05358995748    -0.0643595242289    0.0629879456734    1    1.03833794594    0.0992168043257    
1.00002081798    -0.150232673732    0.0282371241343    2    1.93720912933    0.0992168043257    
0.988777537105    -0.00378031702007    0.0321552807418    1    0.857491016388    0.0992168043257    
1.01325882935    -0.140618375094    0.0292432094777    2    1.93811488152    0.0992168043257    
1.03836191319    -0.0788204548622    0.0403190882182    1    1.08130598068    0.0992168043257    
1.05328735587    -0.065973995411    0.0891184093072    6    5.42060399055    0.0992168043257    
0.977970848631    -0.0946065612958    0.036044529785    5    4.47448301315    0.0992168043257    
0.936861686909    -0.084380371993    0.0638743171816    1    0.878972768784    0.0992168043257    
1.04946003069    -0.1501398642    0.0844641539834    3    2.76133704185    0.0992168043257    
0.946337235716    -0.0385235202978    0.0957718407955    3    2.62841391563    0.0992168043257    
0.941517616385    -0.098936684503    0.0617980743804    1    1.1345281601    0.0992168043257    
0.942545103213    -0.0406474712296    0.0554389958112    3    3.07010412216    0.0992168043257    
0.960559469183    -0.016973152583    0.0421523507507    1    1.16084599495    0.0992168043257    
1.0281133341    -0.00590550980147    0.0708820675973    1    1.20905995369    0.0992168043257    
1.05760630537    -0.0436380506568    0.0725621005624    5    4.64108395576    0.0992168043257    
0.919693547684    -0.103029039196    0.0802853403031    3    2.76393198967    0.0992168043257    
1.04378645411    -0.146395183879    0.0727699113622    2    1.6800160408    0.0992168043257    
0.949354494278    -0.159613640854    0.0903041279712    3    2.48830914497    0.0992168043257    
0.92782315349    -0.0636399723082    0.0724477802487    2    1.24280309677    0.0992168043257    
1.04041953831    0.0134918418938    0.0628892017211    1    0.63875412941    0.0992168043257    
0.947725581519    -0.0440660468115    0.0591545135486    4    2.58895206451    0.0992168043257    
1.02986691791    -0.100147821072    0.0325600582591    2    1.19243693352    0.0992168043257    
1.00991986473    -0.0483830787549    0.0296533768459    2    1.26676487923    0.0992168043257    
0.999902559204    -0.185149794884    0.0625938678961    1    0.566943883896    0.0992168043257    
1.05832653311    -0.151533316834    0.0744966511548    6    6.16961503029    0.0992168043257    
1.05951457279    -0.120582929184    0.0831084774819    10    9.28793120384    0.0992168043257    
0.992588891387    -0.0963327333806    0.0219762944207    2    1.78470921516    0.0992168043257    
1.00895820497    -0.194273262736    0.0608125050189    1    0.859076976776    0.0992168043257    
0.954598156736    -0.0608285526908    0.0470031171184    3    2.22541499138    0.0992168043257    
0.986993891652    -0.0625098901203    0.012857174984    6    5.13702607155    0.0992168043257    
1.01623467546    -0.0468493973551    0.0174630744833    2    2.17084383965    0.0992168043257    
0.930079761789    -0.0809954480866    0.0683529260301    5    6.03005814552    0.0992168043257    
0.938098825302    -0.0707747805065    0.0800866196529    2    2.45664191246    0.0992168043257    
1.02561162362    -0.0420294448393    0.0411109147995    2    2.14596891403    0.0992168043257    
1.09273485636    -0.0760584638753    0.0968932930569    4    4.68756103516    0.0992168043257    
1.00537177876    -0.0375840976405    0.0336466954411    1    1.1476418972    0.0992168043257    
0.996798943266    -0.109636890331    0.0236522614565    2    1.64694499969    0.0992168043257    
1.03725162852    -0.125839833042    0.0422757302725    1    0.723169088364    0.0992168043257    
1.04036058353    -0.035145269473    0.0468249058984    1    0.81554889679    0.0992168043257    
1.06790739956    -0.118309620646    0.0741857325973    1    0.772723913193    0.0992168043257    
0.976125367582    -0.0798341504125    0.031815961315    4    2.91618704796    0.0992168043257    
1.09080012644    -0.0493315505364    0.0948638174736    2    1.58888983727    0.0992168043257    
1.0718583531    -0.0667574068958    0.0876018642927    3    1.9207110405    0.0992168043257    
0.983619289288    -0.161986219957    0.0905701967657    5    2.76629400253    0.0992168043257    
1.04374795168    -0.024384949367    0.0699988626896    5    1.84478497505    0.0992168043257    
0.978093909087    -0.144831508424    0.0326940205121    1    0.191829919815    0.0992168043257    
1.02123263443    0.0149474648778    0.0766110789321    1    0.212809085846    0.0992168043257    
1.07878874404    -0.0450965038452    0.0985998839796    2    0.393380880356    0.0992168043257    
1.00566619174    -0.0559855272834    0.0121988077189    1    0.201516151428    0.0992168043257    
0.950693572518    0.0427337378981    0.0896404596348    3    0.604796171188    0.0992168043257    
0.980240089657    -0.0900522102099    0.0309378705602    1    0.192930936813    0.0992168043257    
1.00302680084    -0.136022427406    0.030709733425    1    0.214493989944    0.0992168043257    
1.07392545823    -0.0811295845095    0.087865165245    1    0.208206892014    0.0992168043257    
0.914340244105    -0.0874068448748    0.0952018367603    1    0.20964217186    0.0992168043257    
1.06888477567    -0.0253541400298    0.0977215416547    1    0.207067012787    0.0992168043257    
0.920170032541    -0.0702585044212    0.0781252922306    3    0.608164072037    0.0992168043257    
1.01880399067    -0.103401547812    0.051768984075    5    5.0566110611    0.0992168043257    
0.991247736529    -0.0826169617028    0.0131592604509    1    1.21596002579    0.0992168043257    
1.00353791008    -0.19498840954    0.0570916381138    3    3.20519995689    0.0992168043257    
1.01493087798    -0.0872037293076    0.061281380447    4    3.769354105    0.0992168043257    
1.04088438074    -0.0904500393021    0.0866468296033    2    2.49890017509    0.0992168043257    
1.0399414942    -0.156737114896    0.0477452938054    6    7.24075698853    0.0992168043257    
0.930078870545    0.00686536940136    0.0883108727566    1    1.50922298431    0.0992168043257    
0.964265655344    -0.102224254778    0.093793511508    1    1.52120900154    0.0992168043257    
1.03235850275    -0.0337550964519    0.037392046676    1    1.44222903252    0.0992168043257    
0.935076845518    -0.103697945156    0.0698721890025    4    4.3027009964    0.0992168043257    
0.963125662178    -0.0637233727358    0.0477580772641    4    4.16339492798    0.0992168043257    
0.990472347511    -0.141304569249    0.0413998554242    3    3.12587189674    0.0992168043257    
1.05624311918    -0.0527139737095    0.0587685600101    2    1.9995970726    0.0992168043257    
0.979021322903    -0.132719229197    0.0706128145994    3    3.26038002968    0.0992168043257    
1.06452205146    -0.0260304041083    0.0827700869015    6    4.16700792313    0.0992168043257    
0.973357175333    0.0227733648344    0.0764295387929    8    5.47769498825    0.0992168043257    
1.02398684479    -0.0820703659133    0.0351620012421    2    1.04772782326    0.0992168043257    
0.90993914265    -0.109173972453    0.0954313129258    1    0.625524997711    0.0992168043257    
0.90921715522    -0.0948380691157    0.0916069592572    1    0.676327943802    0.0992168043257    
1.08931435496    0.00458022005131    0.0974899016773    1    0.548752784729    0.0992168043257    
