0.0022097254446
0.00219596049174
0.00182417538725
0.00186063229719
0.00175126423025
0.00187893561958
0.00167364357333
0.00164320312503
0.00260152059974
0.00176140350875
0.00169110213417
0.00200144908618
0.00180154007502
0.00158181654484
0.00178010757141
0.00199751352177
0.00183579166209
0.00178892140056
0.00169603354967
0.00225658495714
0.00263608111632
0.00182062421566
0.00257702252971
0.00231326343767
0.00204069606903
0.00226189277834
0.00190184756898
0.00236256801105
0.00261343382107
0.00161287617045
0.00237082883355
0.00180233639012
0.00193598779884
0.00277229985227
0.00164828837756
0.00209058260405
0.00239321567357
0.00161138154212
0.00156648629285
0.00167354833403
0.00228678371414
0.00252124652317
0.00244406739787
0.00181790123266
0.00258716850415
0.00164947405285
0.00259589968875
0.00212404699126
0.0016171048158
0.00157868810467
0.00225566641469
0.00164086122995
0.00212435454757
0.00196298209709
0.00156259632303
0.00221008035491
0.00171583009098
0.00226513576569
0.00234531721259
0.00175000353918
0.00242020209835
0.00232538429446
0.00160879110237
0.0025509642624
0.00162928162277
0.00208360175039
0.00235601642765
0.00185496390875
0.00176464442124
0.00210701446537
0.00177674912035
0.00267471200689
0.00215465172225
0.00162206445564
0.00181711289764
0.00270115972371
0.00199649383727
0.00181551190291
0.00241235788532
0.00217504082732
0.00157766725334
0.00258372648903
0.00246117636253
0.00195032314276
0.00195154655635
0.00188877337912
0.00194482031332
0.00257605536846
0.00181653203142
0.00236549505945
0.00158581534318
0.00220718718965
0.00229949487791
0.00211124981736
0.00167588511635
0.00190939263789
0.00253547890921
0.00162875461227
0.00193953595044
0.00254160281043
0.00185533040048
0.0020141261512
0.00210542408703
0.00233845007078
0.00170245348357
0.00214516813262
0.0015771318663
0.00158731088591
0.00166769573249
0.00188857820233
0.00199650414531
0.00173099881173
0.00193945427801
0.00205351199945
0.00226446619794
0.00164759528728
0.00207325536999
0.00178970989471
0.00243037380415
0.00238164701414
0.00208281350511
0.00198700012745
0.0015974777256
0.00232228354174
0.00229656416434
0.00172546950541
0.00261860993489
0.00165604768511
0.00169119737226
0.00260319585007
0.00193853737149
0.00170795476838
0.00158138041214
0.00183507839509
0.00218929096139
0.00197319682826
0.0019324815545
0.00219346240651
0.00178760833142
0.00171027849542
0.0018853590802
0.00218674366914
0.00236176966084
0.00221126096309
0.00183910735217
0.00204462379329
0.00202304572021
0.00168910100735
0.00164836815477
0.00206917967198
0.00159122621442
0.00186611438683
0.00204249440117
0.0019386909861
0.00188527629072
0.00162046857451
0.00215433698481
0.00225997324512
0.0016362824186
0.00215552165113
0.00176154532659
0.0018315673674
0.00245379427457
0.00158230862515
0.00187210659183
0.00257706113765
0.00191760676046
0.00160690078329
0.00166540621897
0.00216799277584
0.00188593870808
0.0026910213094
0.00194487095433
0.002081631078
0.00157772036005
0.00170909654316
0.00202019295396
0.00225491612244
0.0018340005575
0.00167506993295
0.00181759915554
0.00173353461204
0.00236423481335
0.00175741705827
0.00165381345512
0.00243601059048
0.00169006766769
0.00204489597451
0.00193894614926
0.00190860652871
0.00171560730558
0.00157375345228
0.00156800855738
0.00273519802289
0.00199822303357
0.00159615642345
0.0023106785157
0.00238772873789
0.00259470860625
0.00268923113753
0.00226358906774
0.00172555448354
0.00168108434268
0.00179085988548
0.00186104956627
0.00163020272807
0.00227309728802
0.00207078215301
0.00161223064629
0.00184055532711
0.00232446564747
0.00196536875663
0.00212733599345
0.0025458344315
0.00156592519001
0.00204244387549
0.00215222299448
0.00185095140239
0.00160174087797
0.00161884547816
0.00200916249804
0.0017650864487
0.00241226495146
0.00164131430131
0.00191441773636
0.00161978000731
0.00159452297692
0.00187309096253
0.00162664069057
0.00265418635013
0.00182037964597
0.00159798947837
0.00174309209522
0.00268526287748
0.00195504230444
0.0017529015349
0.00227396130575
0.00170479651864
0.00274198272615
0.00159652912194
0.00230209822595
0.00233426263662
0.00227465642613
0.00163334792635
0.0019672809902
0.0015949000212
0.00179747750854
0.00184514785349
0.00253276114691
0.00218123191638
0.00175423157849
0.00204371852309
0.0023070614002
0.00177694479279
0.00163640790224
0.00167538377506
0.00167193805661
0.00196271521109
0.00186596457359
0.00253130045588
0.00157225458375
0.00237644933534
0.00211489914274
0.00173668889569
0.00162088870787
0.00222891622739
0.00253986304731
0.0022460818048
0.00212823783156
0.00240374792147
0.00226683258418
0.00255603811871
0.00160552990093
0.00168269632858
0.00249562614122
0.00258307677996
0.00161995444503
0.00191802319758
0.00196626860878
0.00163548711846
0.00212727011849
0.00242072011847
0.00179220831625
0.00223421993517
0.00248319947597
0.00201303890625
0.00189433815957
0.00212007015498
0.0020552594527
0.00160327476285
0.00256128326497
0.00157120221948
0.00244745519945
0.00205280206882
0.00250279987448
0.00159848844797
0.00162204018671
0.00205023980203
0.00164029578764
0.00205680315659
0.00204796134221
0.00199823849749
0.00223922565414
0.00262252826943
0.00171373552487
0.00251438671075
0.00195183746609
0.00204931671897
0.00244274215443
0.00208065874514
0.00165040342698
0.00198090819378
0.00259144994775
0.0027243424538
0.00256310848484
0.0016445559461
0.0016972332405
0.00217490464121
0.00165448650822
0.00177489707001
0.00166659358092
0.00161264117737
0.00193201211164
0.00178724751444
0.00166241506608
0.00206667953614
0.00178492529882
0.00224348411391
0.00228131609
0.00237427931854
0.00212992800004
0.00193349557369
0.00223819451334
0.00195960907662
0.00173355343024
0.001620110727
0.00166899825203
0.0016993686088
0.00170424818214
0.00271437917939
0.00159789077855
0.0017413490255
0.00189165022472
0.00180034079141
0.0021790746693
0.00212609782649
0.00183890860031
0.00198614578476
0.00173747233687
0.00191432990821
0.00161204567961
0.0019024092879
0.00158695911871
0.00198202312728
0.00219847723799
0.00203650177059
0.00267267688974
0.00166716969178
0.00182764624229
0.00158309622568
0.00256561760348
0.00173407584115
0.00220805766811
0.00266976314096
0.00260415151815
0.0021734951479
0.00184358277736
0.00173911644588
0.00184203808707
0.00166185026311
0.00232266215447
0.00159950862951
0.00171564093559
0.0025484803207
0.00170289084034
0.00254021844636
0.00182433896681
0.00237906241246
0.00200422501648
0.00160289070692
0.00156963405279
0.00175817750306
0.00212705933709
0.00157162554744
0.00201458753319
0.00229283908816
0.00189968734222
0.00176578401651
0.00223268420948
0.00286936761031
0.00180434603632
0.00274289060519
0.00185133995809
0.0020295510831
0.00207749318616
0.00189865232384
0.00225685864312
0.00191375549681
0.00156269923327
0.00218236720771
0.00199524209657
0.0022018193114
0.00166085391169
0.00197449601934
0.00257199601543
0.00185242972864
0.00212859043341
0.00263466039046
0.00215777163131
0.0016616151969
0.00197412771883
0.00203958470491
0.00263512420933
0.00158188848772
0.00234233695727
0.00196640164953
0.00159599604497
0.00184303714708
0.00168959639551
0.00187584221932
0.00261695696973
0.00158176228209
0.00240740572583
0.00157248449735
0.00226606320885
0.0020761602
0.00162544149676
0.00199653188421
0.00213854400532
0.00199580790658
0.00179695045832
0.00261797477285
0.00185435812296
0.00213075584071
0.00158143933405
0.00164150123421
0.00263727052385
0.00162838586829
0.00234731270345
0.00244911346487
0.00177741918318
0.002004787959
0.00228034140858
0.00160261613318
0.00258468329364
0.0018151198702
0.00173736585791
0.00163655830154
0.00166693426636
0.00242983650912
0.00173157479956
0.00237099709757
0.00165241608496
0.00235057887757
0.0023207074377
0.0016458009357
0.0022996636099
0.00162808819192
0.00169413467917
0.00165491326142
0.00215810309804
0.00259540640258
0.00165419516744
0.0018873312635
0.00192219171099
0.00161639600149
0.00169374855027
0.00198088638698
0.00199229133541
0.00195150376828
0.00175396277028
0.00230226670812
0.00214766821902
0.00235554333335
0.00163229184791
0.00176179384443
0.00185118563802
0.00194802406201
0.00157891680211
0.00233204982538
0.00168993632388
0.00183272619491
0.00189266956795
0.0021802241506
0.00197932949422
0.00244545908199
0.00217719791918
0.00185801629748
0.00184661621266
0.00202758484836
0.00179469294495
0.0017850378434
0.00196105148841
0.00225228164015
0.00224805288152
0.00186601152469
0.00169290623063
0.00212726576343
0.00182790692676
0.00165117527039
