a    b    distance0    NDraws    time    dist_threshold1    
1.03828284916    0.000688166554794    0.0424347726159    2    2.50940203667    0.0696411468406    
0.997454424112    -0.101055264924    0.0301848298426    1    1.20545887947    0.0696411468406    
0.977735861859    -0.0745111267019    0.031603964022    3    3.7470228672    0.0696411468406    
0.960837308579    -0.0625524840165    0.0647580238835    5    5.72255301476    0.0696411468406    
1.04754519041    -0.0478458642136    0.055768675154    1    1.02441811562    0.0696411468406    
1.00204814205    -0.078864188331    0.0230188554681    2    1.94568896294    0.0696411468406    
1.0501229811    -0.130630033015    0.052467069855    1    0.870242118835    0.0696411468406    
0.98370075035    -0.0235750569204    0.0483490691968    4    4.1515891552    0.0696411468406    
0.975754235446    -0.0151505914556    0.0282406234386    8    8.5304338932    0.0696411468406    
0.998164945961    -0.130120386776    0.0484727697533    2    2.04395794868    0.0696411468406    
0.997611840127    -0.015079918899    0.0572218031123    10    12.0921239853    0.0696411468406    
1.00760881901    -0.0581342272689    0.0403290324029    6    6.69416999817    0.0696411468406    
1.00808060445    -0.0801368331955    0.037686801084    1    1.1983191967    0.0696411468406    
0.987250740445    -0.138035059983    0.0549458796363    8    8.87064886093    0.0696411468406    
1.04161792121    -0.0356847855004    0.0684742950479    2    2.29504108429    0.0696411468406    
1.01675340398    -0.0887649078138    0.0201744684714    3    4.02245903015    0.0696411468406    
1.01396363713    -0.00799835491926    0.0417101752771    1    1.31015896797    0.0696411468406    
0.964650108917    -0.00242622340659    0.0407425969098    1    1.24097180367    0.0696411468406    
1.04457564187    -0.0400332265166    0.0524851458192    8    8.48751497269    0.0696411468406    
1.05726362112    -0.100383107635    0.0654013495026    1    1.0835108757    0.0696411468406    
1.02767568628    -0.082296001163    0.0439343290279    3    3.09503698349    0.0696411468406    
0.986888809516    -0.0259157547485    0.0538306232318    1    1.04800510406    0.0696411468406    
0.982319463671    -0.0271310658565    0.0582251548236    1    0.958723783493    0.0696411468406    
0.98081454733    -0.0535228041598    0.0376581604352    1    0.866819858551    0.0696411468406    
1.02327544274    -0.043727590309    0.0618548747028    7    6.25158286095    0.0696411468406    
1.01042224381    -0.0859597098742    0.0591804647118    12    11.0416049957    0.0696411468406    
1.00146414782    -0.0881615746956    0.0206095252804    2    2.09644198418    0.0696411468406    
0.947869230898    -0.127855584164    0.0562339709544    8    8.833537817    0.0696411468406    
0.975279620581    -0.121441095389    0.0614357811553    2    2.56579399109    0.0696411468406    
1.06028715245    -0.0870592262289    0.0695307586802    1    1.30213284492    0.0696411468406    
0.969435142795    0.0200264880597    0.0569931804434    1    1.19826483727    0.0696411468406    
1.01695514742    -0.11187422941    0.0262546621152    2    2.20027804375    0.0696411468406    
0.964618399561    -0.0683178385945    0.0357517961153    1    1.65339112282    0.0696411468406    
1.01651763324    -0.0897907976903    0.0401453135308    5    7.00599598885    0.0696411468406    
0.949888187482    -0.101351646902    0.0513919812244    7    9.3466629982    0.0696411468406    
1.00651829449    -0.0692164462829    0.0519063637856    2    2.94098305702    0.0696411468406    
0.98062445089    -0.133455862737    0.0333184375539    2    2.76448082924    0.0696411468406    
0.970984568239    -0.000168565800017    0.0431936119567    2    2.69444799423    0.0696411468406    
1.04193624086    -0.034498519211    0.0620359578782    1    0.903963088989    0.0696411468406    
1.01454435088    -0.0503568626746    0.0222079257125    4    4.36402893066    0.0696411468406    
0.945703623784    -0.0992968765966    0.0577533910899    5    5.46394085884    0.0696411468406    
0.941095564868    -0.119580937426    0.0584333197717    6    6.5029540062    0.0696411468406    
0.975747075437    -0.134787482926    0.0478000256488    1    1.13451004028    0.0696411468406    
0.998774491493    -0.0961609842604    0.0419331772351    1    1.02626991272    0.0696411468406    
0.981102424551    -0.105585545883    0.0260808262185    2    1.91050720215    0.0696411468406    
1.0327297158    -0.0793771965763    0.0405099070575    4    3.52998614311    0.0696411468406    
0.960099490597    -0.166923555245    0.0513163073602    1    1.00003290176    0.0696411468406    
0.99083501973    -0.0670419972961    0.00883163521887    2    2.04024410248    0.0696411468406    
0.976389514436    -0.0800871640319    0.0351530363954    1    0.826397895813    0.0696411468406    
0.982338794196    -0.013381105164    0.054605099766    5    4.62858080864    0.0696411468406    
1.00493989902    -0.141063754321    0.0379674320192    1    1.01543998718    0.0696411468406    
1.03226971699    -0.110838799383    0.0356802564018    2    2.20867800713    0.0696411468406    
1.03905293498    -0.0399831854617    0.0406042208919    2    2.81325793266    0.0696411468406    
1.03320200315    -0.0733389436922    0.0474877138125    2    2.09882211685    0.0696411468406    
0.985884248373    -0.181816430552    0.0625256194897    1    1.34852790833    0.0696411468406    
0.946832877827    -0.0581022406798    0.0546509669064    2    2.12827682495    0.0696411468406    
1.00197049165    -0.0159222272488    0.0484157485386    1    1.12843608856    0.0696411468406    
1.03676000626    -0.0934797768808    0.0398390146359    1    1.24880290031    0.0696411468406    
0.979514641074    -0.0666167744907    0.0196974955879    2    2.09904193878    0.0696411468406    
1.0065073929    -0.141915210675    0.065671919404    1    0.986742973328    0.0696411468406    
0.994221018099    -0.105263182954    0.0211332373787    3    3.9269528389    0.0696411468406    
0.948298941605    -0.101704374387    0.0545652724746    2    2.76890993118    0.0696411468406    
0.946559326361    -0.0183988129737    0.05794167811    1    1.3121008873    0.0696411468406    
1.00485720094    -0.0827363497182    0.0622786458576    1    1.23934292793    0.0696411468406    
1.0414676379    -0.122621400652    0.0501736957636    1    1.38304781914    0.0696411468406    
1.02238866171    -0.00347181771397    0.0512969033014    18    18.2020699978    0.0696411468406    
1.01993208974    -0.0244756908487    0.0364408999333    2    2.27401804924    0.0696411468406    
1.01100447268    -0.0526925182508    0.0246481628421    2    1.84846615791    0.0696411468406    
0.999448780822    0.0236740362319    0.0609801141177    1    1.30725097656    0.0696411468406    
1.00089732454    -0.0907726950076    0.0114033254913    3    3.08865308762    0.0696411468406    
1.04890567057    -0.132617442294    0.0625692522392    1    1.29284596443    0.0696411468406    
0.989701313653    -0.0374050029432    0.045820658745    5    4.78414511681    0.0696411468406    
0.996409023332    -0.0614548623103    0.0249800457685    5    5.84006905556    0.0696411468406    
0.956943568814    -0.0708161696021    0.0691257967489    6    6.40359687805    0.0696411468406    
0.964575886739    -0.0884482464763    0.0379930514154    3    3.39887404442    0.0696411468406    
0.980922084426    -0.0335424262246    0.0331387468977    1    1.11945295334    0.0696411468406    
1.01420528087    -0.146585699389    0.0242824726253    5    5.3221578598    0.0696411468406    
0.953335465365    -0.0808523010831    0.0453568467636    4    4.02208805084    0.0696411468406    
1.00404704803    -0.0968937403238    0.0620560695534    3    3.27302503586    0.0696411468406    
1.00671989628    -0.0440437772611    0.0668077005676    4    4.85776400566    0.0696411468406    
1.05028780803    -0.0979579975227    0.0634505474573    2    2.48756313324    0.0696411468406    
1.0596777782    -0.093753125194    0.0614087335004    6    6.8404109478    0.0696411468406    
1.039834992    -0.0411841099756    0.0442457828466    4    4.34078407288    0.0696411468406    
0.968431215939    -0.0520778301636    0.0376391841791    2    2.06029701233    0.0696411468406    
0.953178707992    -0.0566711801778    0.0535552362001    1    0.973977088928    0.0696411468406    
0.967226690704    -0.0919240915438    0.0557873211687    2    2.3275270462    0.0696411468406    
0.959638868775    -0.0654998624993    0.0529392854918    4    3.45074295998    0.0696411468406    
0.985627695968    -0.0130164895249    0.0463299745369    2    1.69926595688    0.0696411468406    
1.03803751739    -0.00577392500703    0.0420382981797    4    4.33046793938    0.0696411468406    
1.01019712861    -0.0248385315321    0.0408423743767    2    1.92889499664    0.0696411468406    
0.973351765834    -0.0925670780093    0.043146348906    1    1.05701398849    0.0696411468406    
1.03961288371    -0.0570531969717    0.0559910597519    4    4.01933813095    0.0696411468406    
1.04912451183    -0.0889147711325    0.060699385552    2    2.66376709938    0.0696411468406    
1.01631435635    -0.0231225176053    0.0334661524908    1    0.887825965881    0.0696411468406    
0.980615086022    -0.0249448109368    0.0369147706009    3    3.39445900917    0.0696411468406    
1.00233574736    -0.042913489854    0.0187372374984    3    4.34264707565    0.0696411468406    
1.02403049961    -0.0729704191846    0.0551803637207    2    2.41434693336    0.0696411468406    
0.98992123808    0.00472784750346    0.0109074616879    1    1.1620798111    0.0696411468406    
0.957396885041    -0.117661432975    0.0418145233175    1    1.26283288002    0.0696411468406    
1.02635304998    -0.0363172686782    0.0645087477847    2    2.03021717072    0.0696411468406    
1.02606273642    -0.111134030356    0.0662471118978    4    4.39414405823    0.0696411468406    
0.955549464809    -0.0780267144574    0.0638314997525    1    1.16461181641    0.0696411468406    
1.03125084962    -0.014711195083    0.035750875399    8    9.45601010323    0.0696411468406    
1.05120341508    0.000351893437583    0.0577296370964    2    2.12738704681    0.0696411468406    
1.01653521859    -0.1527789465    0.0522723216139    3    3.2558119297    0.0696411468406    
0.974848090131    -0.0396317786588    0.0240924973926    7    7.62470197678    0.0696411468406    
0.981170264655    -0.105211070062    0.0347588205074    2    2.27884411812    0.0696411468406    
1.05133952699    -0.105839642393    0.0671753124995    2    1.74004817009    0.0696411468406    
0.993901912902    -0.0688875742121    0.027020296696    1    0.941228866577    0.0696411468406    
0.98262679129    -0.13796997346    0.0414247664458    3    2.54522585869    0.0696411468406    
0.986184978929    -0.0221229763318    0.0502702406061    4    3.81005692482    0.0696411468406    
1.0101572642    0.0131490507239    0.0564279535719    1    1.16561794281    0.0696411468406    
0.955808507358    -0.0867757753561    0.0470846651435    2    2.50110507011    0.0696411468406    
0.994587988814    0.0201863625378    0.00665827866866    2    2.3124859333    0.0696411468406    
1.04485488523    -0.0860964750679    0.0502087306331    2    1.95998096466    0.0696411468406    
1.01926721921    -0.021329297143    0.0350531971952    2    1.62779283524    0.0696411468406    
1.02980634228    -0.0786869820707    0.0525127715691    2    1.36104011536    0.0696411468406    
0.99162547685    -0.0426730231953    0.0248508274433    5    3.90377020836    0.0696411468406    
1.04211735914    -0.0899780226204    0.0436101902676    3    3.14643883705    0.0696411468406    
0.977566259668    -0.0754090853858    0.0508636192515    1    1.37530517578    0.0696411468406    
1.02291352581    -0.0883528125498    0.0275728070862    1    0.99875998497    0.0696411468406    
1.0539428982    -0.0574660672711    0.0685245513431    5    5.36279988289    0.0696411468406    
0.991761309845    -0.102889232308    0.0493688328284    2    2.30796909332    0.0696411468406    
1.0160895042    -0.0565833871933    0.0190631780216    2    2.43217611313    0.0696411468406    
1.01998726266    -0.0255626269873    0.0445427914223    1    1.20367908478    0.0696411468406    
0.976689120738    -0.0533299760407    0.0683931705018    5    5.44134998322    0.0696411468406    
1.05782553391    -0.118769497838    0.0599709599919    1    0.837862968445    0.0696411468406    
0.971327567193    -0.114313658856    0.0345712652279    1    0.981477022171    0.0696411468406    
0.97716793376    -0.127600280183    0.0242471329889    6    6.27802801132    0.0696411468406    
1.0189315483    -0.015249400576    0.0530739744109    2    2.32276201248    0.0696411468406    
1.00174587403    -0.0747245479416    0.0418840152485    5    5.88825917244    0.0696411468406    
1.00432710089    -0.0720500872691    0.0543582400468    5    4.8562130928    0.0696411468406    
0.994815072237    -0.147136054108    0.0604178494051    3    2.72566103935    0.0696411468406    
0.980855637743    -0.0459863740035    0.0297874206693    1    1.03968501091    0.0696411468406    
0.983478330703    -0.030422039802    0.061430688255    5    4.35053515434    0.0696411468406    
0.989334830891    -0.109771457351    0.0136879660244    2    1.96457505226    0.0696411468406    
0.968200040658    -0.198499213624    0.0463280326931    3    3.03630518913    0.0696411468406    
1.04105928899    0.0352045871035    0.0629540578281    1    0.95468711853    0.0696411468406    
0.980439309316    -0.113504062695    0.0365300821547    11    10.1357760429    0.0696411468406    
1.04842329062    -0.0336213836939    0.0508913584285    2    2.07197189331    0.0696411468406    
1.00362975718    -0.0678688575687    0.00913800750342    4    5.10432386398    0.0696411468406    
1.02363418294    -0.15077339801    0.0354075929748    7    7.52235507965    0.0696411468406    
0.986992637269    -0.0903491639208    0.0116352737126    1    0.844285011292    0.0696411468406    
0.994410347068    -0.110248334997    0.0654784464145    2    1.89437389374    0.0696411468406    
0.971605400863    -0.0330609239602    0.0520917541733    3    2.94737505913    0.0696411468406    
1.03336086625    -0.0334091005699    0.0356232170819    5    5.26104092598    0.0696411468406    
0.941017204506    -0.0713186985236    0.0679980946809    4    4.61874890327    0.0696411468406    
1.06279899832    -0.0534321809409    0.0662846512353    1    1.05044698715    0.0696411468406    
1.01082137349    -0.0292465641621    0.0601926795738    4    4.20267987251    0.0696411468406    
1.02880045035    -0.110229159665    0.0612072982676    1    0.945175886154    0.0696411468406    
0.984783876903    -0.0830153107273    0.0438945890333    2    1.987169981    0.0696411468406    
0.985239091985    -0.0899476464062    0.0166016441685    2    1.90129494667    0.0696411468406    
1.03830491375    -0.0456999643242    0.0420596587729    3    2.88295912743    0.0696411468406    
0.972172784173    -0.14495053373    0.0689830742446    1    1.22647809982    0.0696411468406    
1.03068411271    -0.125657407787    0.040031947591    2    3.02574205399    0.0696411468406    
1.02160247282    -0.0719280735564    0.0285574203841    2    2.43092393875    0.0696411468406    
0.947695391358    -0.116670591243    0.050414774943    3    3.37793207169    0.0696411468406    
1.01837528116    -0.0681723226587    0.0219291758959    4    4.812759161    0.0696411468406    
0.969614272783    -0.154566344827    0.0584181776473    1    1.22490382195    0.0696411468406    
0.993907081786    -0.0935585848    0.0105224500035    1    1.06668806076    0.0696411468406    
0.952384770726    -0.00158272122871    0.0509091607561    1    1.25205802917    0.0696411468406    
1.01353281585    -0.110395303727    0.0502232688366    2    2.26482009888    0.0696411468406    
1.00250402155    -0.117025019987    0.0490143485306    2    2.21506810188    0.0696411468406    
1.00042269572    -0.068624533566    0.024778477064    2    2.22323989868    0.0696411468406    
1.03494386053    -0.104346029134    0.0445668396869    1    0.970911026001    0.0696411468406    
1.01195920522    -0.0799506078726    0.023280565414    9    9.01536297798    0.0696411468406    
0.983373966492    -0.0777232623244    0.0195198181342    11    10.5695931911    0.0696411468406    
0.950357726598    -0.122448731279    0.0696346481442    2    2.10092115402    0.0696411468406    
1.03347334037    -0.02443522743    0.0680052438423    1    0.9380838871    0.0696411468406    
0.960905392844    -0.117854724885    0.0680304981156    2    1.84909701347    0.0696411468406    
1.02626809415    -0.0483014559327    0.0301993073714    2    1.93258309364    0.0696411468406    
0.988443619444    -0.118151606693    0.0113067942181    1    1.04252815247    0.0696411468406    
0.975629507133    -0.17144182842    0.0692908809094    1    1.04467201233    0.0696411468406    
0.986055091897    -0.0928963014731    0.0420957516405    1    1.17991304398    0.0696411468406    
0.973690759418    -0.0733001266749    0.0298704958183    1    0.984222173691    0.0696411468406    
1.02017300096    -0.109451793943    0.0268518718191    4    4.02399611473    0.0696411468406    
0.968491539301    -0.0778169073768    0.0531580566777    4    3.98452305794    0.0696411468406    
0.981067905276    -0.0236524820986    0.0429605743468    2    2.02675104141    0.0696411468406    
0.966459486788    -0.0729017180366    0.0423599159698    3    2.69071793556    0.0696411468406    
0.96600019131    -0.138937722939    0.0373143869027    5    4.75086307526    0.0696411468406    
0.967139412577    -0.0548266383417    0.0607095234096    2    1.82135796547    0.0696411468406    
0.963641167655    -0.113115068111    0.0514308171709    1    0.898359060287    0.0696411468406    
0.998496624065    -0.0356994924567    0.0388340028623    1    1.0182800293    0.0696411468406    
0.984510204545    -0.0514732447619    0.0342009880401    5    4.28998589516    0.0696411468406    
0.977734060947    -0.0461031705769    0.0204605982753    1    0.848300933838    0.0696411468406    
1.01010401865    -0.0460556299986    0.0556340618949    2    2.04946684837    0.0696411468406    
0.946650775482    -0.121470669699    0.0534208065473    3    3.26202893257    0.0696411468406    
0.996501643961    -0.0740480196022    0.0255099015531    4    4.07049703598    0.0696411468406    
0.994873860505    -0.0116272472807    0.00571239126263    1    1.08645796776    0.0696411468406    
0.975758292144    -0.0267788078681    0.0259989865469    1    1.23945999146    0.0696411468406    
0.996079496709    -0.0361089273146    0.0171405789684    8    8.79851508141    0.0696411468406    
0.992487085145    -0.0421199332097    0.038347719923    2    2.57063794136    0.0696411468406    
1.00560132196    -0.125443756155    0.0564838413955    3    4.03262782097    0.0696411468406    
1.05614510765    -0.0986490195871    0.0560552002302    7    9.22729206085    0.0696411468406    
1.05894428952    -0.0696295821047    0.0605293733396    4    3.89123797417    0.0696411468406    
0.957734922522    -0.00186385918611    0.0693467363633    7    6.78376197815    0.0696411468406    
0.969748559973    -0.0587549727318    0.0650491497693    1    1.11261701584    0.0696411468406    
0.960426578074    -0.012092161344    0.0473614309797    1    0.997445106506    0.0696411468406    
1.00038031701    -0.118884320365    0.0680195688323    9    8.1992919445    0.0696411468406    
0.938701723154    -0.0690426087793    0.0604349443568    3    2.99085402489    0.0696411468406    
0.99961305816    -0.0234394141205    0.0327714036499    2    1.797342062    0.0696411468406    
1.00093765916    -0.0268270675436    0.00556545738179    2    1.88251018524    0.0696411468406    
0.996619681293    -0.136083475793    0.013907793508    5    5.3703751564    0.0696411468406    
0.956344024855    -0.0715083602611    0.0446661226997    2    2.02717709541    0.0696411468406    
1.01349853451    -0.0717980360434    0.0169453762857    1    1.02505803108    0.0696411468406    
0.959094526648    -0.0383243423338    0.0417307825566    1    1.03998398781    0.0696411468406    
1.01383626955    -0.00354344692718    0.0281647323717    1    0.92525100708    0.0696411468406    
1.00185103984    -0.0775053974217    0.0506552715344    12    14.602725029    0.0696411468406    
0.968020055179    0.00456162456398    0.0663584080057    2    2.17990684509    0.0696411468406    
0.973274406569    -0.124818382091    0.0338241117291    1    1.17745804787    0.0696411468406    
0.944973571129    -0.0559018004174    0.0543993278579    1    1.01863503456    0.0696411468406    
1.04673911219    -0.110144083796    0.0677003594393    2    2.16325807571    0.0696411468406    
1.0080567949    -0.119584175671    0.0109701918611    2    2.39275407791    0.0696411468406    
0.994234381686    -0.0196907606615    0.0559372915481    2    2.09135007858    0.0696411468406    
1.00343587581    -0.131063068224    0.0178494986424    1    1.08058285713    0.0696411468406    
0.942787298069    -0.0277091626599    0.0549677923273    3    3.19668698311    0.0696411468406    
0.959892815402    -0.0957679171936    0.0524644803451    11    10.1139571667    0.0696411468406    
1.00693737195    -0.135244209502    0.00775033534416    1    0.835870981216    0.0696411468406    
1.05026225463    0.0199114936977    0.0598179241977    6    6.24065995216    0.0696411468406    
1.00161325927    0.0112647814243    0.0565932227241    3    3.17237091064    0.0696411468406    
0.983776588231    -0.14973229997    0.056237948529    6    5.92453694344    0.0696411468406    
1.03719045899    -0.0532495482949    0.0516353208017    1    0.83785700798    0.0696411468406    
0.985456364496    -0.102814432503    0.0325397218206    8    9.14000511169    0.0696411468406    
0.982397033328    -0.0587582370161    0.0459449983383    3    3.5226380825    0.0696411468406    
1.01116113154    -0.0817350951877    0.0397327175224    6    4.7808380127    0.0696411468406    
0.985313771096    -0.123454623936    0.0673190575596    1    0.790594816208    0.0696411468406    
1.00959427134    -0.0818272124065    0.0526521364993    6    5.33392596245    0.0696411468406    
0.982202424627    -0.0779243589955    0.0364220657046    5    4.6289229393    0.0696411468406    
1.05712145046    -0.0976559613844    0.0596767808523    2    2.17982196808    0.0696411468406    
1.05774648608    -0.076009836853    0.0635410744237    1    1.12054514885    0.0696411468406    
1.04350314103    -0.0528096506262    0.0471037428229    6    6.36549711227    0.0696411468406    
0.980939912499    -0.0334241587855    0.0265501725774    2    1.98487496376    0.0696411468406    
1.03642177896    -0.0535814718626    0.0389992868169    2    2.11865115166    0.0696411468406    
0.958335692407    -0.0721997800617    0.0414273320021    3    2.92863488197    0.0696411468406    
1.00358239317    -0.146202145982    0.0469156584674    2    1.81820106506    0.0696411468406    
0.966387187736    -0.106313927277    0.0686487813158    4    4.22882080078    0.0696411468406    
0.984285977867    -0.00765908341251    0.0297034484705    5    5.7974832058    0.0696411468406    
1.02568373876    -0.0482943719374    0.0304544160738    4    3.35940718651    0.0696411468406    
0.971054695732    -0.0710616341762    0.0533815958105    1    0.809614896774    0.0696411468406    
1.01641420842    -0.163531013408    0.043017385092    3    3.01933979988    0.0696411468406    
0.972495196286    -0.129171918462    0.0563608082862    3    3.49043297768    0.0696411468406    
0.97561504884    -0.0106431705358    0.0622187600492    1    1.0988240242    0.0696411468406    
0.999170728634    -0.0860107608605    0.0090300196052    3    2.95941090584    0.0696411468406    
1.04227325956    -0.0891536773379    0.0647949096648    1    0.924860954285    0.0696411468406    
0.978811009611    -0.0760376898096    0.0413486983704    5    4.24025297165    0.0696411468406    
1.02702235652    -0.123518314205    0.0484230303545    2    1.820966959    0.0696411468406    
1.04215392941    -0.115793361339    0.0637552347155    1    0.930677890778    0.0696411468406    
1.03295953767    -0.0173139060511    0.0492787390855    2    1.77221798897    0.0696411468406    
1.05066911719    -0.024154594517    0.0594116228487    2    1.98651719093    0.0696411468406    
1.04373192993    -0.0983983389202    0.0479668019648    6    5.70841789246    0.0696411468406    
0.995060635699    -0.106259037793    0.00521134381088    1    0.884065151215    0.0696411468406    
0.964353101127    0.013126563273    0.0408886306884    1    1.19205904007    0.0696411468406    
0.959764654836    -0.010215944831    0.0564477609398    6    6.60770511627    0.0696411468406    
0.954231611508    -0.0754160011587    0.0630965688015    8    10.5357480049    0.0696411468406    
1.02695198675    -0.124981095017    0.0488769012671    1    1.25963521004    0.0696411468406    
1.02502438611    -0.101921254956    0.0573630116666    2    2.6504919529    0.0696411468406    
1.0230732064    -0.123031892629    0.0377784397253    2    2.44819688797    0.0696411468406    
1.04324987651    -0.0342390060704    0.06203983796    2    2.17119503021    0.0696411468406    
1.02199253103    -0.162399943123    0.0646390913696    1    1.02592301369    0.0696411468406    
0.957376652683    -0.0295282685998    0.0562754068493    1    0.845019102097    0.0696411468406    
1.02541790616    -0.0404390685709    0.0265643332261    2    2.10018086433    0.0696411468406    
1.06063265771    -0.0488033273448    0.0636875526147    4    3.38312602043    0.0696411468406    
0.994316095795    -0.0464403079288    0.0229712660269    1    0.81622004509    0.0696411468406    
0.943311239033    -0.0815499705946    0.058425645294    6    6.46431207657    0.0696411468406    
1.05679034314    -0.116890314545    0.0587855562575    4    4.78528094292    0.0696411468406    
0.973045466284    -0.0934251481363    0.0464772610348    2    2.36112093925    0.0696411468406    
0.982830011986    -0.0832065436757    0.0550162330318    4    4.79272294044    0.0696411468406    
0.996869747422    -0.0836844871706    0.0476298611536    1    1.08546805382    0.0696411468406    
1.0096162555    -0.128702985723    0.0116862454945    2    2.13516306877    0.0696411468406    
0.975918468439    -0.0275479701539    0.0336281035604    2    2.39476799965    0.0696411468406    
0.944143999154    -0.0438862301911    0.0629488487283    1    0.980873823166    0.0696411468406    
1.06114686879    -0.050649503117    0.0633434783084    1    1.00221800804    0.0696411468406    
1.00798624074    -0.0819376125717    0.0182433889604    3    2.91888785362    0.0696411468406    
1.02508580889    -0.124729205768    0.0262789492671    4    4.13337111473    0.0696411468406    
0.992232381682    -0.0595624014669    0.0212792597544    2    1.95035195351    0.0696411468406    
1.02805734815    -0.148930280045    0.0306554315759    1    0.822201013565    0.0696411468406    
1.00454436249    -0.0960894417454    0.00604221968711    7    7.22116708755    0.0696411468406    
0.991894777243    -0.102171125778    0.0233084751152    7    7.48446702957    0.0696411468406    
0.994076043433    -0.0325044645998    0.0253607196722    6    6.71841096878    0.0696411468406    
1.04289068075    -0.0374882046475    0.0574970592955    1    0.886960983276    0.0696411468406    
1.00918379129    -0.0719664920363    0.0589142562762    4    3.76682019234    0.0696411468406    
1.05751821981    -0.0822446569122    0.0605342466685    2    2.22556495667    0.0696411468406    
0.98275326173    -0.0684012407554    0.0355496805957    3    3.34274196625    0.0696411468406    
1.06104734253    -0.0918029606578    0.0621932949684    3    2.61223697662    0.0696411468406    
0.966508426331    -0.129868294226    0.0621352585853    9    9.62680792809    0.0696411468406    
1.02963580939    -0.142754507385    0.0355976841423    1    1.18713188171    0.0696411468406    
1.00801461075    -0.148663477658    0.0628181984681    3    2.79212403297    0.0696411468406    
0.990090700706    -0.117442850127    0.0214865373133    3    3.11689805984    0.0696411468406    
0.961162439408    -0.0864653561864    0.0386659958987    8    7.88015007973    0.0696411468406    
0.95240177465    -0.132212503329    0.0661763074355    4    4.52009487152    0.0696411468406    
0.982661166927    -0.0667965671442    0.0180884915182    1    0.93597984314    0.0696411468406    
0.959690038829    -0.0395456657986    0.0455097842572    2    1.78974604607    0.0696411468406    
0.950717736646    -0.0748958854623    0.0565910768829    2    2.05051112175    0.0696411468406    
0.989318867843    -0.0531862239137    0.0473562764863    1    0.919972896576    0.0696411468406    
0.971651615384    -0.0473420645096    0.0571114982846    2    1.93891787529    0.0696411468406    
1.0107296706    -0.0934356493738    0.0159482725802    2    2.14972305298    0.0696411468406    
0.994388841311    -0.0592181679864    0.0591183047481    3    3.18665194511    0.0696411468406    
0.956410408834    -0.000727476899373    0.0514426388981    1    1.13981413841    0.0696411468406    
1.00145131151    -0.0317172261033    0.0322058858906    2    1.85193014145    0.0696411468406    
0.977211335101    -0.0861461415804    0.0303570546854    1    0.901988983154    0.0696411468406    
1.02362666213    -0.11385507406    0.0298589893962    1    1.06171894073    0.0696411468406    
1.02778819361    -0.0794721767052    0.0490508437764    1    0.989144086838    0.0696411468406    
1.03726397563    -0.092098625715    0.0511961398353    2    2.07207298279    0.0696411468406    
1.00006409777    -0.0278351276286    0.00371017347819    6    6.54775810242    0.0696411468406    
1.02414559227    -0.0926279241864    0.0522544538732    1    0.778496980667    0.0696411468406    
0.988348854494    -0.0563957764805    0.015218241374    5    5.16543197632    0.0696411468406    
0.961722443351    -0.124081451662    0.0440943105553    5    5.08289289474    0.0696411468406    
1.02983953103    -0.0870914659083    0.040422859681    2    2.15947008133    0.0696411468406    
0.995333029603    -0.054793628002    0.0369397402621    1    0.930353879929    0.0696411468406    
0.974281596701    -0.0398840730938    0.024884072731    6    6.96999001503    0.0696411468406    
0.985801427126    -0.129955168119    0.0591894232058    2    2.35535407066    0.0696411468406    
0.976954988593    -0.133993885764    0.0228609983686    2    2.7764070034    0.0696411468406    
0.956821136609    -0.076792259053    0.0432581213167    2    2.14068293571    0.0696411468406    
0.987260819731    -0.0735882099374    0.0218587121153    4    3.24279499054    0.0696411468406    
1.05434535868    -0.10980834419    0.0610524279034    12    12.4806261063    0.0696411468406    
0.959439728944    -0.108426602455    0.0399545222279    2    2.11746883392    0.0696411468406    
0.986857753377    -0.13556460064    0.0348241311976    9    10.522660017    0.0696411468406    
1.00159689084    0.00752744052313    0.0575140806424    4    3.96670794487    0.0696411468406    
1.03856909932    -0.0611670890754    0.0551907956888    7    6.96802592278    0.0696411468406    
1.00984812256    -0.0759717111657    0.0638249525762    1    1.09391403198    0.0696411468406    
0.985240031814    -0.0253645353087    0.0627040078698    1    1.40834784508    0.0696411468406    
1.04226893136    -0.094606746989    0.0530553477665    1    1.33147501945    0.0696411468406    
0.980088839453    -0.0930797912329    0.0209617727431    1    1.29520606995    0.0696411468406    
0.981354899413    -0.0848771441974    0.0545961143626    2    2.13107895851    0.0696411468406    
0.980738506098    -0.0623928816006    0.0275324204885    2    2.11583614349    0.0696411468406    
1.01196012814    -0.0248590719731    0.0644861242391    2    2.56351900101    0.0696411468406    
1.01444939023    -0.0641782784131    0.0487411028848    1    1.38162302971    0.0696411468406    
1.0014063147    -0.0592074354313    0.0256729171715    1    1.15256381035    0.0696411468406    
0.971570061522    -0.148209183088    0.0462441063134    2    2.09206604958    0.0696411468406    
0.969151859639    -0.0527549556925    0.0591296951249    6    7.41655516624    0.0696411468406    
0.968128280576    -0.0731328641842    0.0464662613465    2    2.09976196289    0.0696411468406    
1.0425981147    -0.0829307439111    0.0619307831964    2    2.21171283722    0.0696411468406    
0.977571441364    -0.112470169211    0.031033235833    1    0.91756105423    0.0696411468406    
0.972167096253    -0.0665129929066    0.0266545164871    7    7.00878214836    0.0696411468406    
0.973090892863    -0.0226460331607    0.0313961053094    4    4.51583790779    0.0696411468406    
1.00140913904    -0.110115143183    0.033755565713    4    4.30770206451    0.0696411468406    
0.993294063229    -0.0670634535889    0.0226050648797    1    1.07345294952    0.0696411468406    
1.01535876915    -0.0650476631393    0.0529126630037    7    8.25414705276    0.0696411468406    
1.01453362202    -0.0449778755613    0.0645244855281    7    7.85182094574    0.0696411468406    
1.04689432385    -0.084867237222    0.0670901661126    1    1.51443886757    0.0696411468406    
0.97236439233    -0.119549228607    0.027898996309    1    1.48590803146    0.0696411468406    
0.976584820947    -0.135067889907    0.0297441435607    8    11.0678179264    0.0696411468406    
1.02791671615    -0.132301894765    0.0296796653592    2    2.43615889549    0.0696411468406    
0.9595330409    -0.127868943233    0.0503813852416    3    3.7547390461    0.0696411468406    
0.993178200252    -0.0625845709306    0.00916730865689    2    2.38958692551    0.0696411468406    
0.954884448163    -0.042905912497    0.0546644545345    7    8.87189912796    0.0696411468406    
0.950840971339    -0.0843180707612    0.0648027125716    1    1.95350599289    0.0696411468406    
1.01358046726    -0.125648318416    0.0192348617205    2    2.66635084152    0.0696411468406    
0.955742611351    -0.12192244598    0.0455017513686    5    5.41382789612    0.0696411468406    
1.00536019475    -0.116501837767    0.00854378998582    3    3.45376205444    0.0696411468406    
0.989520763423    -0.042278187746    0.0424764740192    4    4.45553708076    0.0696411468406    
1.00661662881    -0.0921959346218    0.0085635531489    2    2.05380392075    0.0696411468406    
1.02777706462    -0.0936557077558    0.0375149220262    2    2.61981511116    0.0696411468406    
0.981708639277    -0.00897730995936    0.0690101615623    2    3.22336196899    0.0696411468406    
0.993772775432    -0.145038533932    0.0320065779328    7    8.91981077194    0.0696411468406    
0.97464047342    -0.0637591312334    0.0284753022644    1    0.999796152115    0.0696411468406    
1.00431468232    -0.0425015775105    0.019695011907    2    2.30737996101    0.0696411468406    
0.97432423852    -0.12383684721    0.0258906867889    5    4.49003601074    0.0696411468406    
0.986878006457    -0.0574972187463    0.0323073422027    2    1.64083695412    0.0696411468406    
0.984438613619    -0.0457120431349    0.0452283806583    3    2.65349197388    0.0696411468406    
0.964315168744    -0.0527979471612    0.0388975528287    1    0.867850065231    0.0696411468406    
1.01485865404    -0.00386808244255    0.0504408534605    8    8.99322605133    0.0696411468406    
0.93534741317    -0.104164726552    0.0616727740671    1    1.07074594498    0.0696411468406    
0.988472933994    -0.102503279637    0.0287640677508    5    4.79695415497    0.0696411468406    
1.01461012117    -0.0462235967731    0.0199977194237    5    5.95845198631    0.0696411468406    
0.992495104852    -0.0448265080036    0.0396492083321    1    1.12143206596    0.0696411468406    
0.935653368327    -0.0898126677806    0.0655191619154    2    2.35518980026    0.0696411468406    
0.96124028376    0.00814324856711    0.0549224196271    3    3.01642894745    0.0696411468406    
1.04883466409    -0.13896141536    0.054615600785    5    5.1448469162    0.0696411468406    
0.970020834331    -0.0970313120019    0.0379746948129    3    3.39957213402    0.0696411468406    
0.970299840107    -0.0704441827819    0.037179633539    3    2.67781686783    0.0696411468406    
1.01536884991    -0.0684714607229    0.0345045491708    1    0.933388948441    0.0696411468406    
1.05272104072    -0.203009981764    0.0624452155016    4    3.62370014191    0.0696411468406    
1.03591400544    -0.0509196118753    0.0622192540744    1    1.11434602737    0.0696411468406    
1.01982775688    -0.0726463048688    0.0222149721095    2    1.97359490395    0.0696411468406    
0.936720174337    -0.0775241783733    0.0622240162274    6    6.31034398079    0.0696411468406    
0.967096201355    -0.0597988598442    0.0355702145753    2    1.8229060173    0.0696411468406    
0.945053624549    -0.029029011817    0.0649238908265    1    0.769456863403    0.0696411468406    
1.03997537762    -0.0335606147637    0.0450865830067    2    1.63530015945    0.0696411468406    
0.958480174298    -0.109847682677    0.0403452526137    1    0.969440937042    0.0696411468406    
1.02835755687    -0.0726463980442    0.033241176949    1    0.970277070999    0.0696411468406    
0.997919068423    -0.0663056153786    0.0153388981942    2    1.66830205917    0.0696411468406    
0.990539498031    -0.0194781254139    0.0683488184169    3    2.81625103951    0.0696411468406    
1.04256111269    -0.152064037112    0.063854146831    1    1.04625797272    0.0696411468406    
1.02225120314    -0.0641527559226    0.0284566576956    1    0.821937084198    0.0696411468406    
0.970624381742    -0.0679993852923    0.0288924141017    2    1.51905202866    0.0696411468406    
0.948493443419    -0.00169931297255    0.0504310440125    2    1.92905902863    0.0696411468406    
0.945373909555    -0.0784776385278    0.0556981262534    1    0.988085985184    0.0696411468406    
1.0348143723    -0.0984712666646    0.0511880581819    8    9.30933499336    0.0696411468406    
0.972910078374    -0.0202800135673    0.045514603506    4    4.7970662117    0.0696411468406    
1.00434447734    -0.105567182256    0.0498397878038    1    1.14166092873    0.0696411468406    
1.02087810285    -0.0495562465848    0.0379383103591    2    2.45315289497    0.0696411468406    
0.951169958158    -0.0803169127725    0.0617794320426    4    4.06804084778    0.0696411468406    
0.943705799619    -0.143936154179    0.0690635480235    1    0.918332099915    0.0696411468406    
0.983820963521    -0.0693401513825    0.0438107559925    2    2.22658109665    0.0696411468406    
0.994829733095    -0.064613546592    0.00900099407065    7    8.10899019241    0.0696411468406    
0.977488112003    -0.106283917244    0.033317482888    2    2.00970387459    0.0696411468406    
1.05587532632    -0.0532775435482    0.06114056873    4    4.5249080658    0.0696411468406    
1.0031453258    -0.0946761168258    0.01511292708    1    1.15648698807    0.0696411468406    
0.978818641574    -0.193361540134    0.0650608454254    3    3.12402915955    0.0696411468406    
1.02873117916    -0.0567379713424    0.0538605452949    2    2.56672096252    0.0696411468406    
0.969116587983    -0.0585109526239    0.03493664005    7    8.33181190491    0.0696411468406    
1.04311514217    -0.0150388236979    0.0542133128566    3    2.83652997017    0.0696411468406    
0.974236869556    -0.125528952057    0.0360107522616    1    1.00595188141    0.0696411468406    
0.991354619863    -0.0948325184104    0.0279962225471    1    0.914374828339    0.0696411468406    
0.955355309491    -0.115344851005    0.0479374466274    3    3.02101206779    0.0696411468406    
1.01064510687    -0.11823221436    0.0388212045893    1    1.13838386536    0.0696411468406    
1.03979025141    -0.0468324031551    0.0638130221589    6    7.3939678669    0.0696411468406    
1.02251282389    -0.105196768436    0.0244668407653    1    1.16017889977    0.0696411468406    
1.04486168609    -0.0567755356024    0.0495707020882    10    9.07108211517    0.0696411468406    
0.974064749805    -0.11776198104    0.0459042650137    4    4.46453905106    0.0696411468406    
1.01576371966    -0.0755413294174    0.0502476958485    2    1.72607398033    0.0696411468406    
0.93597091583    -0.106813703094    0.0672226701197    1    0.764744997025    0.0696411468406    
0.971359764259    -0.092530336438    0.0388484561257    1    0.859188079834    0.0696411468406    
1.0187680588    -0.145924470836    0.0235973993513    2    1.91068601608    0.0696411468406    
1.02406693048    -0.0841417026506    0.0255521291735    3    3.11728382111    0.0696411468406    
0.986417539651    -0.0199234762241    0.0416561718821    1    1.08611798286    0.0696411468406    
0.991726123927    -0.0413431133185    0.020016256968    1    1.06795406342    0.0696411468406    
0.986631763656    -0.0173024964165    0.0287306709029    3    3.60890197754    0.0696411468406    
0.958480518496    -0.0721574695139    0.0417717071609    1    1.14436912537    0.0696411468406    
0.989530543102    -0.039636629582    0.0442740319273    2    2.23298597336    0.0696411468406    
1.01979676115    -0.0593472265044    0.066203674841    3    2.71381998062    0.0696411468406    
0.951642646747    -0.0875280740782    0.0489264122169    3    3.28534293175    0.0696411468406    
0.943850884844    -0.0982863356397    0.0555233783094    2    1.94580101967    0.0696411468406    
0.993974914472    -0.110830374139    0.0124209047562    2    2.39459705353    0.0696411468406    
0.998035092713    -0.0539414347196    0.00904067399132    1    1.00239706039    0.0696411468406    
1.04507423864    0.00753674070049    0.060548073248    9    10.31665802    0.0696411468406    
1.03937230544    0.0427536549423    0.0684494627268    2    1.84078001976    0.0696411468406    
1.01672533745    -0.00435605768117    0.0380327240961    9    8.76698803902    0.0696411468406    
1.03826802334    -0.122194916794    0.044715676927    1    0.915884017944    0.0696411468406    
1.00197140625    -0.0881809777361    0.0554677735923    6    6.8586499691    0.0696411468406    
1.02997004731    -0.0858080987334    0.031848651842    2    2.58993911743    0.0696411468406    
1.05676563063    -0.0667831681267    0.0577936941664    9    8.44253396988    0.0696411468406    
1.01074239095    0.0310014526519    0.0683186422553    2    1.62365317345    0.0696411468406    
1.02815609905    -0.0463509133318    0.0490658067611    1    0.861404895782    0.0696411468406    
1.01749517949    -0.0233381518234    0.0682335350375    1    0.832823038101    0.0696411468406    
1.05498900001    -0.0668340539995    0.0568602228721    6    5.67036104202    0.0696411468406    
0.999697017284    -0.0461014124484    0.0660710111068    1    0.99470615387    0.0696411468406    
1.00950466299    -0.066954032806    0.0173737436691    11    9.61917495728    0.0696411468406    
1.02860785415    -0.167173393171    0.0517697750468    2    1.46652007103    0.0696411468406    
0.998113405745    -0.0472077073619    0.00254109871038    7    5.03565001488    0.0696411468406    
1.04148893123    -0.0589029274851    0.0624888402454    2    1.47283196449    0.0696411468406    
1.0195824507    -0.074040182786    0.0268607566983    1    0.669831991196    0.0696411468406    
0.934536107257    -0.111028298149    0.0653667912033    2    1.40141892433    0.0696411468406    
0.97241649751    -0.0549598386941    0.0647596496306    5    2.10600185394    0.0696411468406    
1.01113341428    -0.0840468538131    0.0133333611303    4    1.86945414543    0.0696411468406    
0.976420559218    -0.0935138461499    0.0439728187999    5    2.54967904091    0.0696411468406    
0.987939842018    -0.163604922507    0.0583534266801    1    0.460016965866    0.0696411468406    
0.986033791884    -0.0955649586427    0.0157802436871    2    1.99151206017    0.0696411468406    
0.969574372023    -0.124812147725    0.0348852111529    3    2.51117992401    0.0696411468406    
0.969306947505    -0.186325857825    0.0402568602001    1    1.3449280262    0.0696411468406    
1.06004660484    -0.0545326431822    0.0614845015473    2    2.20754718781    0.0696411468406    
0.982623814246    -0.000690929066645    0.0346459410983    1    1.06597089767    0.0696411468406    
0.94017328893    -0.0782788200258    0.0677056211273    2    2.00477910042    0.0696411468406    
0.96897554998    -0.0587415416663    0.0425410356033    2    2.55278491974    0.0696411468406    
1.01201646963    -0.142574569376    0.0674769981322    1    1.07715797424    0.0696411468406    
1.01141564778    -0.145779853776    0.0420612624646    1    0.985030889511    0.0696411468406    
0.959637015295    -0.114292579084    0.0387460730534    5    5.12103104591    0.0696411468406    
0.979680209364    -0.0314191904785    0.0214321633478    1    1.09073209763    0.0696411468406    
1.03763344804    0.00396816781599    0.0576218667082    2    2.53059411049    0.0696411468406    
1.04289714468    -0.0680220714894    0.0541000107222    1    1.1904668808    0.0696411468406    
0.96964485679    -0.0910237241233    0.0299275931079    1    1.10926604271    0.0696411468406    
1.01510976869    -0.144538418217    0.0390191602977    1    1.08018088341    0.0696411468406    
1.03677293423    -0.0722974837838    0.0619350451037    4    5.03772211075    0.0696411468406    
1.02750274482    -0.0562450551686    0.0320759310792    4    4.79741096497    0.0696411468406    
0.942420079646    0.0177967981426    0.0656730309812    1    1.41909503937    0.0696411468406    
1.03868922247    -0.0258109079266    0.0420359973804    1    1.18926286697    0.0696411468406    
0.998293287027    -0.0432838399624    0.0571442536831    4    4.88534998894    0.0696411468406    
1.00281901187    -0.127244199044    0.046389037648    2    2.05419182777    0.0696411468406    
1.04090233806    -0.0529994083893    0.042071000113    3    2.46075892448    0.0696411468406    
0.989001758143    0.0160643741672    0.0589432345914    1    0.776695013046    0.0696411468406    
0.990798237599    -0.108569798317    0.0610924303064    5    3.68452215195    0.0696411468406    
0.99122138954    -0.0388515471542    0.0261066033127    11    7.21978521347    0.0696411468406    
1.04579066758    -0.0605057394768    0.0504740444626    5    2.47740077972    0.0696411468406    
1.04254060005    -0.0730538612843    0.0447983808398    9    3.5463180542    0.0696411468406    
0.983534022093    -0.0573884229628    0.0150338673144    1    0.225229978561    0.0696411468406    
0.936384334131    -0.083665571104    0.0640319862394    1    0.240203142166    0.0696411468406    
0.980520636268    -0.0584963066275    0.0182313874025    1    0.214849948883    0.0696411468406    
1.0328543082    -0.058901879656    0.0434717255667    1    0.230913162231    0.0696411468406    
0.93930279891    -0.09442496938    0.0678800029185    1    0.208126068115    0.0696411468406    
1.0331144573    -0.139577570156    0.0644275846568    1    1.08014988899    0.0696411468406    
1.00447790202    -0.0330638950767    0.0214311611037    1    0.93326997757    0.0696411468406    
1.02280899657    -0.0262487214143    0.0314537862906    2    2.00459599495    0.0696411468406    
0.971684191983    -0.0503581054782    0.0370163320084    1    0.968865156174    0.0696411468406    
1.00086357983    -0.0246697654884    0.00297757813098    4    3.84739804268    0.0696411468406    
1.03033424084    -0.132454617695    0.0467401182574    1    1.1356010437    0.0696411468406    
1.02944236962    -0.114475742869    0.0320855166012    7    8.52633309364    0.0696411468406    
0.956861471615    -0.0743880079999    0.0434806424552    2    2.0553278923    0.0696411468406    
1.04060405638    -0.111004687043    0.0471144189354    1    1.008259058    0.0696411468406    
0.960711728562    -0.0548262670507    0.0393470323114    1    1.04751896858    0.0696411468406    
0.973914168191    -0.072344568035    0.0567315933873    2    1.76201105118    0.0696411468406    
1.05927638888    -0.094480270694    0.0622415959743    4    3.23416590691    0.0696411468406    
1.0333059813    -0.0813088345521    0.0370833181108    2    1.68039298058    0.0696411468406    
0.984616312464    -0.0827772495559    0.016251141088    4    3.19967985153    0.0696411468406    
0.976418348991    -0.0382202749868    0.0363312865476    2    1.83934593201    0.0696411468406    
0.991959441233    -0.0368086508353    0.0234869735669    8    9.07525682449    0.0696411468406    
1.01579670342    -0.0539642637549    0.0417257676309    1    1.05585098267    0.0696411468406    
1.00353374027    -0.0767204136741    0.0417974079509    3    2.46772909164    0.0696411468406    
0.989183703344    -0.0382819949803    0.0325604348526    1    0.811902999878    0.0696411468406    
0.948046833433    -0.153458471293    0.0588129519784    10    7.16492891312    0.0696411468406    
