a    b    distance0    NDraws    time    dist_threshold1    
1.04089817164    -0.109316440903    0.0637256287115    2    2.29837417603    0.118080909366    
1.01050385205    -0.136614906377    0.05131749386    1    1.27430796623    0.118080909366    
1.04682962175    -0.115555580342    0.0591702313031    2    2.04200196266    0.118080909366    
1.04919381875    -0.0374871241725    0.051112862837    3    2.96026301384    0.118080909366    
0.970916831419    -0.145757320972    0.0821967258618    2    2.08287191391    0.118080909366    
0.99348801369    -0.159071930782    0.0296287455371    2    2.08387899399    0.118080909366    
1.0535606337    0.0175917457779    0.0720617761563    3    3.45760297775    0.118080909366    
1.0075725904    0.0271943589806    0.0764224087805    2    2.13918113708    0.118080909366    
1.1084699086    -0.0397815817888    0.113302669088    6    7.4068031311    0.118080909366    
1.04117510258    -0.122857851984    0.0950404378742    2    1.85237407684    0.118080909366    
1.03137906663    -0.130864954245    0.0955551039681    2    2.20967197418    0.118080909366    
0.940154861205    -0.0332212274139    0.071034024603    3    3.36827898026    0.118080909366    
1.01717732925    -0.206825472587    0.108993908303    2    2.14332199097    0.118080909366    
0.967714153602    -0.152080400601    0.0626612700906    1    0.95614695549    0.118080909366    
0.903439158838    -0.0953235225735    0.0981494361696    2    2.07562303543    0.118080909366    
0.889382512666    -0.11794130335    0.110945266567    1    1.2365899086    0.118080909366    
0.969978134337    -0.16304828648    0.0417627471043    5    5.44108009338    0.118080909366    
0.975000587816    -0.107067820706    0.058640507247    3    3.46897816658    0.118080909366    
0.988907403674    0.0104329072067    0.0325152608111    4    4.98436498642    0.118080909366    
0.976152573244    -0.0909536791466    0.0412794546665    5    5.7611579895    0.118080909366    
1.0663426879    -0.07895890881    0.0762535842638    6    6.42550301552    0.118080909366    
0.980072197815    -0.0605872390989    0.0763676067188    2    2.05980110168    0.118080909366    
0.924772368498    -0.0191633868549    0.0816590162643    2    2.1988260746    0.118080909366    
0.942814208132    -0.0735707969036    0.0566959926518    3    2.55668711662    0.118080909366    
1.00219976637    -0.0818998415202    0.0587690947139    2    1.78093910217    0.118080909366    
0.984336676868    -0.100248337186    0.0498078539487    1    1.26237607002    0.118080909366    
1.04077398995    -0.195735522324    0.10552018538    4    4.74740695953    0.118080909366    
1.0306973339    -0.177934372665    0.0965959946163    1    1.25865602493    0.118080909366    
1.03737385777    -0.118396159146    0.0456621766685    1    1.23649191856    0.118080909366    
1.06872821045    -0.0932353777003    0.0707785718634    1    1.40044498444    0.118080909366    
1.09141437562    -0.0544532290218    0.0931010474832    1    1.28935790062    0.118080909366    
0.941157761117    -0.176263199651    0.0704228835761    3    4.47221207619    0.118080909366    
0.934591972753    -0.0686819356851    0.0847012672495    2    2.3577978611    0.118080909366    
0.892311618858    -0.108280893032    0.105434407227    1    1.39508700371    0.118080909366    
0.96793416212    -0.162154095359    0.0541166291687    4    5.31642007828    0.118080909366    
0.965155567978    -0.0665013955481    0.0351276139951    3    3.39068198204    0.118080909366    
0.981158036838    -0.0589984223423    0.0219127220306    2    2.26564502716    0.118080909366    
0.941194135956    -0.114260917453    0.0949113428641    1    1.26918697357    0.118080909366    
0.946609073975    -0.0595316373955    0.0570492749957    2    2.21270084381    0.118080909366    
1.02557406779    -0.158050205938    0.0741114146546    7    6.28180813789    0.118080909366    
0.933835959702    -0.0174551175248    0.105590781277    7    6.36907601357    0.118080909366    
1.01387953313    0.00647107836951    0.0692841221998    1    1.00478887558    0.118080909366    
1.05182454839    -0.00878712476819    0.0836974163133    1    1.26160097122    0.118080909366    
1.03908683738    -0.0775676013651    0.0465850083785    1    1.06823801994    0.118080909366    
0.890400719581    -0.025523920806    0.114478856738    2    2.14633202553    0.118080909366    
0.933969607557    -0.0889077574172    0.0733222254871    1    0.96878194809    0.118080909366    
1.01809295452    -0.215219107645    0.0443997727931    3    3.01704692841    0.118080909366    
1.01383709343    0.0599738020019    0.0930673168512    3    3.51806902885    0.118080909366    
1.00780014641    -0.12649963742    0.0790304514056    1    1.18833208084    0.118080909366    
0.91627725207    -0.170362547923    0.100497814675    1    1.15250992775    0.118080909366    
0.956873791652    0.0455053025001    0.0897932484962    4    4.4134209156    0.118080909366    
0.9666175916    -0.195309104867    0.0855058442204    1    1.204652071    0.118080909366    
0.987697861216    -0.0702622888544    0.0451880589464    1    1.24767208099    0.118080909366    
1.10086908073    -0.152604588501    0.116058766507    1    1.41039800644    0.118080909366    
1.04762205375    -0.11935713129    0.0579188584528    1    1.28001999855    0.118080909366    
0.912579814841    -0.0615575751435    0.0871730346877    1    1.25237894058    0.118080909366    
0.944313247353    -0.0621502633562    0.0550464945536    5    6.75474309921    0.118080909366    
0.979365931541    -0.0781303535417    0.0566972559673    1    1.29191184044    0.118080909366    
0.930253280018    -0.139499370145    0.103164943808    1    1.08259892464    0.118080909366    
0.976669564654    -0.00689577946603    0.0907899426685    3    2.72446203232    0.118080909366    
1.00538385284    -0.1304561578    0.027439475251    1    1.11151599884    0.118080909366    
0.914018967065    -0.0854777566337    0.0878655950573    4    3.70709395409    0.118080909366    
1.02195076148    -0.170672369565    0.0638999341272    1    0.965363025665    0.118080909366    
0.966417346203    -0.0104268705161    0.0518872931883    3    2.81318998337    0.118080909366    
0.991554048303    -0.167280616611    0.108512624269    1    1.00799393654    0.118080909366    
0.93342103304    -0.0982916133796    0.0654123887228    1    1.02516508102    0.118080909366    
1.03004976026    -0.0916226309374    0.0383822699203    1    0.920780897141    0.118080909366    
0.960309655685    -0.103937132983    0.0482717541592    5    5.06182789803    0.118080909366    
1.10897663401    -0.103954696464    0.113371603995    2    2.12365913391    0.118080909366    
0.959852136158    -0.0766124863466    0.0678756998394    2    2.04124116898    0.118080909366    
1.04623367864    -0.00233632402641    0.0478566727434    1    1.51393699646    0.118080909366    
0.980163331938    -0.137660875646    0.0399968583001    2    2.16259503365    0.118080909366    
0.943974473855    -0.10067292511    0.0581895288772    5    5.65993380547    0.118080909366    
1.0022945352    -0.160058545911    0.0705614723615    1    1.08927607536    0.118080909366    
0.980585158323    -0.0718992339442    0.0295209469867    2    1.83968997002    0.118080909366    
1.06472983719    -0.0606500323243    0.0898916454777    2    2.385420084    0.118080909366    
0.911646780108    -0.085675270622    0.0948403435614    1    0.921706914902    0.118080909366    
0.970246052726    -0.199481638869    0.109215328762    1    1.02282190323    0.118080909366    
1.00703675978    -0.0437901171738    0.0351575696824    3    3.34757995605    0.118080909366    
0.970735674025    -0.0298984233557    0.0546241291387    2    2.35115385056    0.118080909366    
1.01630015798    -0.0230963996766    0.103621530649    1    1.21319913864    0.118080909366    
0.932125338613    0.0137537835904    0.0998643479865    1    1.09068799019    0.118080909366    
0.950127182288    -0.00738148081475    0.0827471645498    4    4.38590407372    0.118080909366    
0.931973678646    -0.171803985931    0.0918399104258    1    1.00575900078    0.118080909366    
1.00059864555    -0.132600769608    0.0388304459212    4    4.89545893669    0.118080909366    
0.925742101888    0.0159970768325    0.103017351862    3    2.81576299667    0.118080909366    
0.995853749744    -0.112983025269    0.00375564516885    1    0.767697095871    0.118080909366    
1.00788574184    -0.0590500170467    0.00962176679672    4    3.38377285004    0.118080909366    
1.08849523563    0.0114571775853    0.108292119058    1    0.967069149017    0.118080909366    
1.01651407237    -0.153026562476    0.0570724182078    6    7.12341809273    0.118080909366    
1.03270756571    -0.0242625444873    0.0422250096241    3    3.42285394669    0.118080909366    
0.91006441652    -0.0227296027805    0.0875424903445    4    4.76408886909    0.118080909366    
1.01391618457    -0.0921227769856    0.0165997439125    1    1.0939040184    0.118080909366    
1.10105096839    -0.0881917523433    0.110987852997    2    2.13401412964    0.118080909366    
0.952571902472    -0.124761236186    0.0693404306128    1    1.07020998001    0.118080909366    
0.990083230539    -0.133142855235    0.111838742916    4    4.21533799171    0.118080909366    
1.07279100467    -0.00575331167029    0.115085213164    1    1.0847659111    0.118080909366    
0.949308880745    -0.16914949695    0.0810372254952    1    1.05523991585    0.118080909366    
1.02557522764    -0.0415357457476    0.0809828010823    2    1.95562291145    0.118080909366    
1.03182115333    -0.0362900926972    0.0495489903699    1    0.957161903381    0.118080909366    
0.951356464797    -0.0756837098782    0.0760247680172    4    4.14421200752    0.118080909366    
1.05722581392    -0.0957115756656    0.0636614264916    3    3.37421584129    0.118080909366    
1.02606704236    -0.0828427663873    0.0547100098429    1    1.27364182472    0.118080909366    
1.02530238611    -0.165983629829    0.0891981423927    3    3.6435418129    0.118080909366    
1.08377221104    -0.153081336065    0.10956884139    2    2.78188514709    0.118080909366    
0.994404700369    -0.12933472636    0.0568999031171    3    3.58651614189    0.118080909366    
1.09699911465    -0.0224296901068    0.1133271425    3    2.6489918232    0.118080909366    
1.05399564644    0.0346162361233    0.0946198543491    1    1.3690559864    0.118080909366    
0.998773941491    -0.136827942842    0.0764548025846    1    1.31649303436    0.118080909366    
1.02639468122    -0.0753380571297    0.0291725131509    3    3.75029397011    0.118080909366    
1.05138304597    -0.112970508037    0.0584677975665    2    1.95463585854    0.118080909366    
0.93830231104    -0.0700164162919    0.0736803680287    4    4.64314293861    0.118080909366    
1.00986527747    -0.00771530473465    0.100611431977    3    3.42634606361    0.118080909366    
0.975292162518    -0.0733305222902    0.03989046618    1    1.05295395851    0.118080909366    
1.0135916397    -0.210131259268    0.104335751395    6    6.73871207237    0.118080909366    
1.01045844445    0.0183148240535    0.115111392143    1    0.827215909958    0.118080909366    
0.903683440244    -0.119983240738    0.100414919199    2    1.73892688751    0.118080909366    
0.916671431956    -0.13498999388    0.0954309860023    2    2.14838600159    0.118080909366    
0.964245017617    0.00287894970257    0.116316275092    3    2.63983988762    0.118080909366    
0.92117102696    -0.0252472525143    0.0851381785068    4    5.03985786438    0.118080909366    
1.00637684418    -0.0341604592757    0.0371426844326    1    1.63811397552    0.118080909366    
0.9190581308    -0.162983428625    0.112962969874    2    2.28493595123    0.118080909366    
1.06561677251    -0.08333172065    0.0676313690971    4    4.65332603455    0.118080909366    
1.00992774491    -0.231916559118    0.079467693707    2    2.48778295517    0.118080909366    
1.06519794019    -0.0837266651178    0.0732076351254    2    2.28590106964    0.118080909366    
0.992318730001    -0.0688033776888    0.0546922396698    1    1.08912611008    0.118080909366    
1.02084050775    -0.172717911696    0.112476965252    3    3.7504529953    0.118080909366    
1.02345382463    0.00656105339316    0.105134426966    5    6.90901684761    0.118080909366    
1.06912612862    -0.0414501634498    0.0714678477652    1    0.954065799713    0.118080909366    
0.946018493103    -0.18264674731    0.0992316447723    6    5.9459540844    0.118080909366    
0.997929440248    -0.000806796083984    0.112824877222    5    6.16981482506    0.118080909366    
0.947451632508    -0.0588596497748    0.0586352428983    1    1.0126209259    0.118080909366    
0.925077995582    -0.12644531949    0.0789145846567    4    3.72609615326    0.118080909366    
0.967642567618    -0.0996744322245    0.032707144345    2    1.96522712708    0.118080909366    
1.10356824092    -0.124711999121    0.110918832995    4    3.94606089592    0.118080909366    
0.954324466146    -0.0541861715524    0.0834245815012    2    2.04595398903    0.118080909366    
1.01893241693    -0.0926527519908    0.0206020232842    12    12.6496260166    0.118080909366    
0.980561443245    -0.149726685951    0.0915040747918    6    6.60869979858    0.118080909366    
1.10173475032    -0.0541610258426    0.112308283094    5    4.41550087929    0.118080909366    
0.979855554344    -0.110102208285    0.025124298939    5    4.37000584602    0.118080909366    
1.10308258219    -0.0227406434043    0.116563482439    1    1.03400111198    0.118080909366    
1.05406580843    -0.0832479981447    0.0727745761576    1    1.15118694305    0.118080909366    
0.921700161961    -0.169651396597    0.0800141101353    1    0.935151100159    0.118080909366    
0.984551989892    -0.0533906117102    0.0336572424045    5    5.08152103424    0.118080909366    
1.01276219261    -0.147544007551    0.105959938562    2    1.68006086349    0.118080909366    
0.959485959544    -0.131024511041    0.0560989852068    1    1.10580897331    0.118080909366    
0.925334715597    -0.108926391495    0.0810068543804    1    0.956489086151    0.118080909366    
0.943058897783    -0.0489649298543    0.0607684894229    1    1.37252211571    0.118080909366    
1.06449606991    -0.0607753176726    0.110904525499    1    1.24041986465    0.118080909366    
1.10146648448    -0.073163460564    0.112949916078    3    3.46547698975    0.118080909366    
1.03040053459    -0.15042433915    0.0390309600434    2    2.01687312126    0.118080909366    
0.983015415157    -0.132748989807    0.0626705692132    4    3.88645410538    0.118080909366    
1.07560204772    -0.0319145040699    0.0858981893202    1    1.13697886467    0.118080909366    
1.00610568136    0.0356007870834    0.106194269077    5    4.51220417023    0.118080909366    
1.05877949754    0.0143275001551    0.100076420226    1    1.00577092171    0.118080909366    
1.06599252665    -0.158913481872    0.099198666002    2    1.81456899643    0.118080909366    
1.06428138478    -0.0192624790081    0.0750548232394    1    0.839994192123    0.118080909366    
1.08770266383    0.0263433491071    0.113906879038    1    1.04926300049    0.118080909366    
1.08692983799    -0.0698785738785    0.0891970559085    4    3.60323905945    0.118080909366    
0.946612098973    -0.155897137878    0.0518050815874    1    0.879425048828    0.118080909366    
0.908932217857    -0.117440428095    0.107289654542    2    1.46378898621    0.118080909366    
1.05078647536    -0.137107377833    0.0759261651067    10    12.5782880783    0.118080909366    
0.952100810879    -0.128206541394    0.077928641948    1    1.16564011574    0.118080909366    
0.93611773449    -0.0775384339618    0.087510434136    5    4.92988586426    0.118080909366    
1.01425799914    -0.112829729997    0.0502951841316    2    2.40546894073    0.118080909366    
1.07745472065    -0.0880136978335    0.0984571367956    1    1.11963200569    0.118080909366    
0.92998461462    -0.0630907616825    0.0698412608727    5    6.2684071064    0.118080909366    
1.00911122278    -0.0605801369794    0.036102389608    2    2.63837599754    0.118080909366    
0.974077098269    -0.0619312769041    0.0538384286239    1    1.27711510658    0.118080909366    
1.02359910077    -0.177241039488    0.104422230385    1    1.47301411629    0.118080909366    
1.03534667162    -0.136662138582    0.0614631845766    5    5.93547701836    0.118080909366    
1.00926317204    -0.194540883061    0.117489028691    1    1.12205290794    0.118080909366    
0.93352413173    -0.182637303195    0.109202142938    3    3.46906900406    0.118080909366    
0.965001568699    0.0200025119785    0.109026674858    1    1.01306200027    0.118080909366    
0.957835708155    -0.0409961200757    0.0463883829437    2    2.21493291855    0.118080909366    
0.918100905396    -0.12448076025    0.0907749031908    1    1.21556305885    0.118080909366    
0.999449271513    -0.178443903117    0.072628893523    2    1.92864322662    0.118080909366    
0.935431381244    -0.117193959649    0.0908347698467    1    0.947115898132    0.118080909366    
0.981353010923    0.0610295463507    0.114487742625    1    1.10830616951    0.118080909366    
1.02249541365    -0.0212989547847    0.0340041063796    1    1.49156093597    0.118080909366    
1.08632615836    -0.0400202713993    0.0980432651687    1    1.29455804825    0.118080909366    
1.08724823248    -0.0558220998412    0.0905331863326    2    2.73953390121    0.118080909366    
1.03594447125    -0.198256647453    0.110582896202    3    4.47738385201    0.118080909366    
0.900202508456    -0.114516164693    0.115168634059    2    2.98207592964    0.118080909366    
1.03342747546    -0.092462963916    0.0391636809607    13    13.8896288872    0.118080909366    
1.03969646422    -0.0783902028164    0.0450144142794    5    5.35983109474    0.118080909366    
1.02693425996    -0.104022817087    0.0319878461121    7    6.269135952    0.118080909366    
1.03340132174    -0.171439064854    0.101524573815    2    1.6364068985    0.118080909366    
0.948476908026    -0.172399299789    0.0646696826025    5    4.13432407379    0.118080909366    
1.10983216948    -0.108064948173    0.116624193195    3    2.74600696564    0.118080909366    
1.07582124905    -0.103677307035    0.0772845697177    2    2.06543111801    0.118080909366    
0.981518454424    -0.124837582575    0.0380814134655    2    2.32709288597    0.118080909366    
1.01583576213    -0.124948918366    0.0577218532605    1    1.36440086365    0.118080909366    
1.05763591885    0.0236526029971    0.104929664114    3    3.99164509773    0.118080909366    
1.08522538592    -0.0274444988653    0.0861210387097    4    5.62037992477    0.118080909366    
1.05358790287    -0.0922751744079    0.0707524856886    2    2.76789903641    0.118080909366    
0.92827728138    -0.143178348142    0.0950587723701    2    2.77297496796    0.118080909366    
1.04702517009    -0.0677559605642    0.0502828357802    1    1.44751691818    0.118080909366    
0.995545099547    -0.0915053610596    0.0625136267522    3    3.52504301071    0.118080909366    
0.924957480137    -0.0926626388444    0.109121716812    3    3.23450493813    0.118080909366    
0.999748957047    -0.0430707090139    0.00153516381481    7    6.82751893997    0.118080909366    
1.08112557147    0.00839450783628    0.0938145087463    2    1.91451692581    0.118080909366    
1.10943558724    -0.0578411182891    0.115284944523    3    3.11822509766    0.118080909366    
0.946446544133    -0.0193761354585    0.0851626538681    1    0.964295864105    0.118080909366    
1.03241269548    -0.0231116710152    0.0336353912015    1    0.957904100418    0.118080909366    
0.976668968071    -0.056303123277    0.034036562436    2    2.11451411247    0.118080909366    
0.929863726009    -0.120374296866    0.0852054508567    1    1.05163502693    0.118080909366    
1.03077961109    -0.162104250527    0.114656314895    1    0.99328494072    0.118080909366    
0.920215280755    -0.0286739702016    0.085073916929    14    15.7053527832    0.118080909366    
1.05144434824    -0.0436734208154    0.0814379695489    1    1.30405592918    0.118080909366    
0.997518458471    0.0152835224734    0.115265478877    3    3.46145319939    0.118080909366    
1.03246440003    -0.049373909366    0.0941135814529    1    1.04193210602    0.118080909366    
1.07447302587    -0.135056645737    0.110301308516    3    3.09928703308    0.118080909366    
1.05891176023    -0.0320188265713    0.0786075599893    3    2.9731400013    0.118080909366    
1.08270528082    -0.0869363308705    0.0834155313646    3    2.90248298645    0.118080909366    
0.967776490337    -0.0808720522164    0.0306291971783    4    4.37040901184    0.118080909366    
0.928167062603    -0.148341454501    0.104762932878    1    0.958540916443    0.118080909366    
0.972515078684    -0.224095265427    0.116741788538    3    3.23167300224    0.118080909366    
0.937902089595    -0.133593719284    0.0844476144259    6    7.18301486969    0.118080909366    
0.983075704976    -0.0284812927427    0.0408742636479    1    1.10857486725    0.118080909366    
1.02827153371    -0.131809375768    0.0990641040674    2    2.42709112167    0.118080909366    
1.02418828693    0.0313150865296    0.0990376786341    2    2.56344890594    0.118080909366    
1.02024507062    -0.137238360842    0.0895810703685    7    9.18428111076    0.118080909366    
0.922740189092    -0.101738752353    0.0768318736496    3    3.53975892067    0.118080909366    
0.937557451117    -0.0256328280017    0.0704391213572    2    2.58380389214    0.118080909366    
0.932352345423    -0.06655685168    0.0809495640494    1    1.38775014877    0.118080909366    
0.96962119243    -0.177559407356    0.0842195160601    6    7.55529904366    0.118080909366    
1.04440313803    -0.149575563522    0.109969270272    3    3.46096801758    0.118080909366    
0.94903681148    -0.120161779524    0.0492224873027    1    1.14008116722    0.118080909366    
1.00614569142    -0.128086833434    0.00768218096496    1    1.26244091988    0.118080909366    
0.977348610515    -0.0360887328028    0.033001362773    2    2.11981105804    0.118080909366    
0.990549752624    -0.153377209079    0.116793854679    1    1.13623714447    0.118080909366    
0.988966409418    -0.121274389481    0.0211022497356    1    1.24875020981    0.118080909366    
1.04422212512    -0.0705947136155    0.0710324402169    1    1.18440198898    0.118080909366    
0.954006178135    -0.0239278051514    0.088655393492    2    2.06819701195    0.118080909366    
0.998064511527    -0.144758985332    0.105634970223    1    1.05387687683    0.118080909366    
0.990676627505    0.0385598830223    0.0747272384552    1    1.05954313278    0.118080909366    
0.988819684549    -0.132804874032    0.0215132197437    1    1.16311097145    0.118080909366    
1.10066263789    -0.0887491802034    0.102144133144    1    1.0889840126    0.118080909366    
0.996285835777    0.0460956214238    0.0862849107734    2    2.28909611702    0.118080909366    
0.989443382713    -0.0449922661745    0.0176999464047    1    1.03790998459    0.118080909366    
0.953918702574    0.0118499945411    0.0891602577618    1    1.03253412247    0.118080909366    
0.9378959384    -0.110355475282    0.0623093388516    1    1.24585604668    0.118080909366    
1.0770227394    -0.122823068698    0.0939060189981    2    2.20136809349    0.118080909366    
0.95646547617    -0.109911585462    0.0437206563139    2    1.93731689453    0.118080909366    
0.979021908172    -0.14518268991    0.0494252202711    2    2.45581507683    0.118080909366    
0.965409267415    0.0279175048914    0.112660630365    2    2.22938013077    0.118080909366    
0.925757446621    -0.0896453557292    0.0767457113752    5    5.02895092964    0.118080909366    
1.01057726181    -0.181232268767    0.0527933702524    1    0.796742916107    0.118080909366    
0.960757482453    0.047484199019    0.108317775567    2    1.77734398842    0.118080909366    
1.05020230751    0.0678688209483    0.0962511811992    1    0.80073595047    0.118080909366    
1.01271096588    -0.0428523278434    0.0302205748594    2    2.05635595322    0.118080909366    
0.96373325769    -0.123583639978    0.0563588307409    7    7.19371509552    0.118080909366    
0.914777243968    -0.0562297321443    0.100321824191    1    1.27601790428    0.118080909366    
0.993376479793    -0.0187640445513    0.027609198835    2    2.43757796288    0.118080909366    
0.93879765246    -0.121660663274    0.0630534215051    2    2.6147081852    0.118080909366    
0.962327305668    -0.0719406508909    0.0439186632687    1    1.10459899902    0.118080909366    
0.935628790939    -0.132861235722    0.0656495613605    2    2.06445813179    0.118080909366    
0.918007155241    0.029043828322    0.100165991217    1    1.24235486984    0.118080909366    
0.979047455229    0.00800544233143    0.0759377028253    1    0.974611997604    0.118080909366    
0.93119960014    -0.0558759758736    0.0670539131654    2    1.89407205582    0.118080909366    
1.08202696932    -0.126982407108    0.104860033462    2    2.03469491005    0.118080909366    
1.00057108206    0.0718642727538    0.115716435377    1    1.08054995537    0.118080909366    
0.992104416167    -0.0847141114575    0.0208610851938    2    2.07596302032    0.118080909366    
0.926982218618    -0.0974503871445    0.0979229068987    2    2.02938389778    0.118080909366    
0.939561178068    -0.0405429668429    0.0649677226314    1    1.1246201992    0.118080909366    
1.04993035133    -0.142995055222    0.0842715731686    4    4.45616102219    0.118080909366    
1.07965445134    -0.0986142423537    0.0872147139216    1    1.04298114777    0.118080909366    
0.954392990435    -0.130660421534    0.0747889773776    3    3.38770294189    0.118080909366    
1.01267562431    -0.0850748166843    0.0577473522389    1    1.304074049    0.118080909366    
0.985442525291    -0.130640472294    0.109163130559    2    2.57966113091    0.118080909366    
0.902630409074    -0.179467750923    0.106092347632    1    1.1748380661    0.118080909366    
0.982693462733    0.0409088786663    0.0699099711273    1    1.19839191437    0.118080909366    
1.02403727582    -0.180821456989    0.0816544020627    1    1.05012011528    0.118080909366    
0.979595399787    -0.0759169141545    0.045144727746    1    0.979925870895    0.118080909366    
0.991928776788    -0.193844180254    0.105797984807    3    3.25371694565    0.118080909366    
1.00128294707    -0.079359092066    0.0708356059231    1    0.935575962067    0.118080909366    
1.04117588478    0.000517704173613    0.0630034995605    1    0.794715166092    0.118080909366    
0.962858519963    -0.165939099968    0.0563260985816    1    1.06104588509    0.118080909366    
1.01758534011    -0.171240372451    0.0718196832797    2    2.30807495117    0.118080909366    
1.05330016939    -0.140897652613    0.0835578432226    2    2.52267694473    0.118080909366    
0.972946072172    0.0218128404407    0.0429029567901    5    5.28191208839    0.118080909366    
1.0094259247    -0.0256896137971    0.100987036047    3    4.08683300018    0.118080909366    
0.983745013645    -0.125648065839    0.0534875150048    2    2.2473950386    0.118080909366    
0.945494079338    -0.124189700285    0.0535693935401    3    3.23192811012    0.118080909366    
1.03270203439    -0.00934424532947    0.0665826916079    4    3.59514904022    0.118080909366    
1.01481334331    -0.105468304373    0.02277499672    3    2.52160787582    0.118080909366    
0.889356817118    -0.0456308681007    0.108408351702    1    0.975482940674    0.118080909366    
0.950732834715    -0.0757564829274    0.0584383728359    1    0.839347839355    0.118080909366    
0.901901871798    0.0222981990716    0.100859590912    1    0.800139904022    0.118080909366    
1.09753366982    -0.0549873352165    0.10143758357    1    0.854276895523    0.118080909366    
1.00444480117    -0.106424636878    0.030435488905    2    2.17990803719    0.118080909366    
1.07213268399    -0.0629642257397    0.0777942437704    2    2.30692887306    0.118080909366    
0.909571382706    -0.0506161178245    0.0931316159911    2    2.24690914154    0.118080909366    
1.06522647067    -0.00856563953136    0.112194767606    2    2.25015616417    0.118080909366    
1.04421733083    -0.166858814039    0.116422863454    1    1.01819992065    0.118080909366    
1.04675029181    -0.212940970437    0.115276316013    1    1.49125909805    0.118080909366    
0.991317025119    -0.0781456774697    0.0338640753509    2    2.47721910477    0.118080909366    
0.905030528331    -0.00596734421288    0.108435969661    2    1.98376202583    0.118080909366    
1.0442922465    -0.129879523886    0.0555309770138    1    1.146078825    0.118080909366    
1.01190643193    -0.0847420729434    0.0146004841629    5    5.2109940052    0.118080909366    
0.920724680391    -0.0325339306281    0.0788693562154    1    0.874552965164    0.118080909366    
0.935925373056    -0.0458335504722    0.0633298851175    1    0.898215055466    0.118080909366    
0.965284553832    -0.0227573119244    0.0342238594216    1    0.791881084442    0.118080909366    
1.06176467808    -0.108886087585    0.10355914055    1    0.829523086548    0.118080909366    
1.02810293605    -0.0924640894958    0.0437677743576    1    0.953834056854    0.118080909366    
1.05279644662    -0.0465770748813    0.0935606194997    1    0.930476903915    0.118080909366    
0.901669138318    -0.155171175191    0.0979655045591    2    1.77519202232    0.118080909366    
1.06265298658    -0.0256735852288    0.073074693484    1    0.896054029465    0.118080909366    
1.08680065158    -0.0457679690804    0.0902990226216    1    1.02983212471    0.118080909366    
1.00335717799    -0.0634986550181    0.015681469064    1    1.18797111511    0.118080909366    
1.02862977803    -0.100351591157    0.0633225489897    1    1.14321303368    0.118080909366    
1.06155320903    -0.183360517203    0.0856836048201    1    1.39506793022    0.118080909366    
0.997387557926    -0.174809266161    0.0756382627172    13    15.4977879524    0.118080909366    
1.0020017454    -0.164011468677    0.0859056427113    2    2.17421388626    0.118080909366    
1.00493586606    -0.016104079177    0.0412553756151    1    1.10812306404    0.118080909366    
0.989258421084    -0.105889844312    0.0507052340302    1    1.09051609039    0.118080909366    
1.01292821628    -0.00679033039748    0.0603809005389    1    1.06246495247    0.118080909366    
0.895589960964    -0.0490194961038    0.109236575934    8    9.80909490585    0.118080909366    
0.958552082695    -0.0819638983616    0.0504132254055    4    4.84616994858    0.118080909366    
1.01503911256    -0.0941558964831    0.0389463590375    1    1.07901501656    0.118080909366    
1.06259345536    -0.0504382021476    0.0745207051848    2    2.61913490295    0.118080909366    
0.992698713152    -0.206947092167    0.0832928668894    2    2.4777610302    0.118080909366    
0.973872349753    -0.140353378563    0.0494867880678    3    3.30313706398    0.118080909366    
0.984429179498    0.00827288334874    0.0526624582546    4    4.16558909416    0.118080909366    
0.999844412842    -0.192769120414    0.0849006351852    3    2.97353196144    0.118080909366    
0.978571599637    0.00366155140498    0.0714507966642    2    1.81266403198    0.118080909366    
1.01521323313    0.00632256233462    0.0808166713855    1    0.880083799362    0.118080909366    
0.90251998436    0.00234895112506    0.111875388512    3    2.90647602081    0.118080909366    
0.912186811157    -0.0752262891352    0.092229375194    1    0.854679107666    0.118080909366    
1.04995907376    -0.0603534580324    0.0580423663214    3    2.54701590538    0.118080909366    
0.986866282317    -0.0245210877974    0.0881320885865    2    1.50716805458    0.118080909366    
0.994082052444    -0.0637100969441    0.0106044372915    1    0.856945991516    0.118080909366    
1.10483418532    -0.102723572279    0.111694088283    1    0.991816043854    0.118080909366    
0.989248100385    -0.118060965152    0.0604793178612    2    1.85798716545    0.118080909366    
0.976522394495    0.0518739522033    0.0929656716398    1    1.00212597847    0.118080909366    
0.9563895801    -0.103392324227    0.044223945201    1    0.967700004578    0.118080909366    
0.964145850489    -0.125042037298    0.0630195879158    2    1.87261390686    0.118080909366    
1.04789201067    -0.0505232909652    0.0648050614053    4    3.94355916977    0.118080909366    
1.00334604728    -0.0430586580028    0.0295386886272    2    2.38194894791    0.118080909366    
1.09269661309    -0.145178985778    0.103182597248    4    3.75524806976    0.118080909366    
0.913495421098    -0.155277332216    0.1092896861    5    4.89566278458    0.118080909366    
0.983158106814    -0.0401839154604    0.0147875027131    1    1.28577303886    0.118080909366    
0.984076154331    -0.120690358749    0.0466682042535    2    2.26222991943    0.118080909366    
0.975485659263    -0.0834175217084    0.0717350589951    3    3.46736502647    0.118080909366    
1.033166532    -0.148743987414    0.083760884234    1    1.32324790955    0.118080909366    
0.996420890398    -0.0441991119317    0.0209434909636    2    2.11473011971    0.118080909366    
1.09809421206    -0.151061217721    0.112387127913    2    1.96729183197    0.118080909366    
1.0390086737    -0.0720091978886    0.0406259713708    1    1.17591309547    0.118080909366    
1.08690412888    -0.0948516409364    0.107911348378    3    3.17476582527    0.118080909366    
1.02529275262    -0.0806134168212    0.035295707259    3    3.0445330143    0.118080909366    
0.958885207797    -0.0722182325534    0.0605818977732    2    2.8394100666    0.118080909366    
1.05526837409    -0.0806859041558    0.0574301144249    2    1.90963387489    0.118080909366    
0.994643283257    -0.142577361735    0.0224871974966    2    2.19818806648    0.118080909366    
1.0671091329    -0.0809980895375    0.0743228062157    5    5.37967300415    0.118080909366    
1.04269619379    -0.0705301636529    0.0443673464826    1    0.981658935547    0.118080909366    
1.0072078692    -0.0612788880849    0.0120796975862    1    1.17304682732    0.118080909366    
0.991026529987    -0.0939230509366    0.101531855632    1    0.980108976364    0.118080909366    
0.885423192023    -0.0726092533369    0.114609002897    2    2.0582818985    0.118080909366    
0.986543142057    -0.0924417899506    0.0253408705338    1    0.768763065338    0.118080909366    
1.04040636695    -0.00821990267658    0.077780519671    1    0.785094022751    0.118080909366    
1.06846320925    -0.0666093601508    0.0725878047277    4    3.37888407707    0.118080909366    
1.02548343723    -0.0889581985368    0.0443949127296    2    1.88298010826    0.118080909366    
0.961955750277    -0.135821105009    0.0429123158823    5    4.99109315872    0.118080909366    
1.01079798086    -0.0592723506814    0.0129673731356    5    4.80635499954    0.118080909366    
1.04012405436    -0.0343400288689    0.0438962212063    7    6.17161488533    0.118080909366    
0.948785371585    -0.144723831288    0.0509877298708    2    1.79638409615    0.118080909366    
0.974743406689    -0.0530159475609    0.0874025514924    2    2.28140997887    0.118080909366    
0.91733837132    -0.0933062240281    0.0814717694354    1    1.16118907928    0.118080909366    
0.943422811978    -0.0651635135545    0.0558174171761    1    1.01010203362    0.118080909366    
0.967150604953    0.0189284408224    0.0983054232286    1    1.14057207108    0.118080909366    
1.11368339726    -0.0883629775166    0.115992918329    4    5.12491488457    0.118080909366    
0.917329528819    -0.144742789718    0.0900870493024    2    1.97607302666    0.118080909366    
1.06276652461    -0.0838594887595    0.0695796404774    2    1.97525882721    0.118080909366    
0.925198292881    -0.153298550716    0.0755018330315    2    2.10060310364    0.118080909366    
0.959665554999    -0.0802975040675    0.043571734884    1    1.0195338726    0.118080909366    
1.02589220181    -0.202605921664    0.09389599569    3    3.22929596901    0.118080909366    
0.964101894038    -0.137313379601    0.0555290138815    1    1.17578697205    0.118080909366    
0.98110988679    -0.149201971416    0.0461990051145    3    4.14307594299    0.118080909366    
1.03918808987    -0.149608011746    0.11095272084    1    1.05977487564    0.118080909366    
0.982611200881    -0.0647539499686    0.0661111314354    1    1.23980998993    0.118080909366    
1.02075253284    -0.00981506987147    0.11000591655    2    1.98871517181    0.118080909366    
0.968008321288    -0.0133376328778    0.0554714858448    1    0.761301994324    0.118080909366    
0.965511412972    -0.10647889088    0.0371155601664    1    0.987143039703    0.118080909366    
0.977227603549    -0.0834611676403    0.0297933726957    6    5.53215193748    0.118080909366    
0.995917614602    -0.117561234089    0.0898028070827    2    1.80468201637    0.118080909366    
1.10892105103    -0.0606197369189    0.111881817053    1    1.14471888542    0.118080909366    
0.977341829752    0.00893729993146    0.0829873992334    2    2.0811419487    0.118080909366    
1.01905444285    0.017029918693    0.102426602648    2    2.83226394653    0.118080909366    
0.882884801549    -0.0490012132492    0.116690016819    1    1.37259483337    0.118080909366    
0.935701729384    -0.159586730542    0.0832733334983    3    3.28585386276    0.118080909366    
1.09022098399    -0.0845184662595    0.108084557463    2    1.69029116631    0.118080909366    
1.08474457358    -0.0965041011858    0.0910668560337    2    1.64994812012    0.118080909366    
1.04330125186    -0.138944945268    0.0845910920319    2    1.78801107407    0.118080909366    
0.894509400029    -0.0790296639216    0.104349087294    3    3.04984998703    0.118080909366    
0.935248884438    -0.0092778840865    0.10365137522    2    2.2236931324    0.118080909366    
1.04751738386    -0.149903972135    0.113510131969    1    1.18041706085    0.118080909366    
0.951942828313    -0.154268745862    0.0699766182313    1    1.44447612762    0.118080909366    
0.957054418949    -0.105962046807    0.0691476294933    1    1.59308505058    0.118080909366    
1.05994553928    -0.0837912575913    0.0738131698905    3    3.71049594879    0.118080909366    
1.03638459448    -0.0851754529198    0.0574346545676    2    2.42282509804    0.118080909366    
0.963534514332    -0.0412731975831    0.0449578101249    1    1.14479804039    0.118080909366    
0.900696087774    -0.0468351232272    0.0994454287413    2    2.23389601707    0.118080909366    
0.996880666986    0.0129314488192    0.115351472097    1    1.1221780777    0.118080909366    
1.0557773945    -0.0768193602406    0.0784435680535    4    4.17407393456    0.118080909366    
0.956375317723    -0.0976471429898    0.0428566992031    4    3.63231086731    0.118080909366    
0.967745371614    0.0156392549939    0.0778803709399    3    2.7362639904    0.118080909366    
1.04271345482    -0.117150999892    0.0664992453801    1    0.913674116135    0.118080909366    
0.943740918709    -0.148791322531    0.102714122596    4    3.90852117538    0.118080909366    
1.04263070046    -0.0205843488446    0.0462646512407    1    0.900301933289    0.118080909366    
1.07855980653    -0.0423293864431    0.0868653057651    1    0.884648084641    0.118080909366    
1.03780344949    -0.073759419276    0.049263042686    2    1.7054810524    0.118080909366    
1.00802407757    -0.143080228232    0.0732403867301    1    0.889312982559    0.118080909366    
1.05157986951    -0.13913157474    0.0813263574959    2    1.86656117439    0.118080909366    
0.926928988773    -0.076968446671    0.0774420103538    1    1.04234790802    0.118080909366    
0.941025815927    -0.0300944600771    0.059225922463    2    2.27417206764    0.118080909366    
0.977860143969    -0.177612937928    0.112696876685    2    2.09779906273    0.118080909366    
0.916112571078    0.0264448682793    0.115718110717    6    7.32994604111    0.118080909366    
1.0273202063    -0.0434383853198    0.0513474927342    3    3.69587492943    0.118080909366    
1.06678668273    -0.059481224143    0.0927618259268    1    1.38351678848    0.118080909366    
0.927072030003    -0.13106385985    0.107853014118    1    1.22880411148    0.118080909366    
1.07479322697    -0.100303976726    0.0765150680673    1    0.901234865189    0.118080909366    
0.971422851002    -0.103452524767    0.0675928279773    6    6.6712231636    0.118080909366    
0.983688140649    -0.0502198654732    0.014689268897    3    4.65094900131    0.118080909366    
0.924274664898    -0.110522913178    0.0886739349077    1    1.24823284149    0.118080909366    
1.09825745709    -0.0506845698024    0.101053154386    5    6.5108320713    0.118080909366    
1.03056377462    -0.00284695685215    0.0587976259239    6    5.34827399254    0.118080909366    
1.05415686002    -0.0173253073216    0.0562722646298    2    1.90337300301    0.118080909366    
1.00091430966    -0.120808425558    0.0560085381129    1    0.994623184204    0.118080909366    
0.999873036322    -0.037454849767    0.0512405111754    9    9.47963500023    0.118080909366    
0.897507549986    -0.144219161689    0.102151992615    1    0.742649078369    0.118080909366    
1.02946205076    -0.112655133129    0.0505191139083    1    0.676182985306    0.118080909366    
0.953787838562    -0.0162658880303    0.0764319495795    1    0.790200948715    0.118080909366    
0.987793191523    -0.0507166222648    0.0122513311158    2    1.58873009682    0.118080909366    
1.08338605788    -0.116430003891    0.0935554366029    2    1.59559702873    0.118080909366    
0.91717029855    -0.0854194427688    0.0816648453961    2    1.76930904388    0.118080909366    
0.93842099873    -0.0216557624548    0.113503380926    3    1.52469706535    0.118080909366    
1.05530263148    -0.00943371121599    0.110141990821    2    0.959156990051    0.118080909366    
1.0384776919    -0.0598600403735    0.0400713343076    6    2.66326999664    0.118080909366    
1.04125782521    -0.0685309616503    0.0610415781399    2    0.890537023544    0.118080909366    
0.980268910677    -0.106150271648    0.0238080217478    4    1.75174498558    0.118080909366    
0.969062961136    -0.0488201475421    0.0323041220982    1    0.414002895355    0.118080909366    
1.00809391179    -0.0124568757112    0.0863713078175    1    0.435070037842    0.118080909366    
0.891424492553    -0.114352284319    0.108543392411    3    0.72346496582    0.118080909366    
0.948500796103    -0.132724236853    0.0620076685298    2    0.351230859756    0.118080909366    
1.05665790991    -0.00962678785297    0.0847561569116    1    0.182565927505    0.118080909366    
1.03373891519    -0.115407165707    0.0456080554996    6    1.18281292915    0.118080909366    
0.921518720818    -0.102087225262    0.0797932278599    1    0.177891969681    0.118080909366    
1.06196977368    -0.0488706407979    0.0635627724721    1    1.38675618172    0.118080909366    
0.919438582351    -0.0552107132524    0.0945162295467    1    0.965237855911    0.118080909366    
1.08827004144    -0.0400730452542    0.0927607622659    2    2.12250208855    0.118080909366    
1.02700780028    0.0175322780422    0.0458822610057    2    2.46184396744    0.118080909366    
0.951960961993    -0.0961495968938    0.059238296979    2    2.69180107117    0.118080909366    
0.9752867023    -0.026008001973    0.0716856282145    2    2.41047096252    0.118080909366    
0.969953606295    -0.138676197233    0.0481567028768    1    1.13063883781    0.118080909366    
1.05241014605    -0.104170635608    0.0599019204565    1    1.26255488396    0.118080909366    
0.999975995246    0.0117670750852    0.0946360562745    1    1.03519392014    0.118080909366    
1.10819945022    -0.094525251242    0.11079740918    2    2.12521314621    0.118080909366    
0.995296832658    -0.139096668821    0.112839945262    3    2.54914903641    0.118080909366    
0.906156836727    -0.120807456629    0.117654672335    2    1.73364090919    0.118080909366    
0.981028626439    0.0361140122059    0.0456829866954    5    4.83091211319    0.118080909366    
1.11434915224    -0.130737402692    0.118016150826    1    0.97042798996    0.118080909366    
1.04796977655    -0.111863980241    0.0555737889307    4    4.03007411957    0.118080909366    
0.971140115558    -0.122666620567    0.0641896063372    1    1.06827712059    0.118080909366    
0.895708272051    -0.14176905325    0.11641305748    1    1.08753204346    0.118080909366    
1.05345355843    -0.0721898890685    0.0644992131028    3    3.17317819595    0.118080909366    
0.939152605823    -0.041096567336    0.0746605472804    1    0.773959159851    0.118080909366    
1.10156120412    -0.0791668999146    0.103032496294    5    3.62769508362    0.118080909366    
1.03099937229    -0.0550426472966    0.0789561468153    1    0.615067005157    0.118080909366    
1.0311030127    -0.168207632777    0.0373004978104    1    0.688246965408    0.118080909366    
1.01975260933    -0.135708789594    0.0484383941884    1    0.594581842422    0.118080909366    
1.09407862444    -0.049163310353    0.103712510009    1    0.777879953384    0.118080909366    
1.05172885042    -0.0490618383946    0.0541927408046    2    1.36280989647    0.118080909366    
0.92904613903    -0.213034212355    0.116451859377    1    0.679286003113    0.118080909366    
0.976109975104    -0.100182179489    0.0546933107978    3    1.98097705841    0.118080909366    
1.02700439196    -0.108963904426    0.0949446962659    1    0.517772912979    0.118080909366    
1.064310937    -0.109844954251    0.0669874287017    2    1.13364005089    0.118080909366    
1.01100722431    -0.0440681570787    0.0468626173774    4    2.1078979969    0.118080909366    
0.947661841618    -0.10126865535    0.0626306395009    4    2.14735984802    0.118080909366    
1.02293975931    0.00417963570759    0.059983117684    3    1.70518398285    0.118080909366    
0.996783074681    -0.142227064009    0.116483584772    2    2.13274002075    0.118080909366    
0.912132524632    -0.0571840632335    0.0919029318826    1    1.03179812431    0.118080909366    
1.03535197621    -0.106131867692    0.0563250755892    1    1.01899981499    0.118080909366    
0.964834953694    -0.102082332531    0.0355521128819    1    1.01582288742    0.118080909366    
1.00840111065    -0.137255626623    0.101845417859    1    1.05319404602    0.118080909366    
1.03701782723    -0.151186882583    0.0463808805696    1    1.02945709229    0.118080909366    
0.974783520868    -0.0473030590714    0.0688874295793    6    6.65665411949    0.118080909366    
0.987194627283    -0.136911929652    0.0947320778298    1    1.10672593117    0.118080909366    
0.931525014336    -0.0947922672383    0.0733915257397    4    4.89389896393    0.118080909366    
0.949963878699    -0.146928450247    0.0486120268208    1    1.19534778595    0.118080909366    
1.01380592557    -0.135087797687    0.0705030857329    2    2.66403603554    0.118080909366    
0.902206981087    -0.0432610258966    0.109423741658    2    1.92101883888    0.118080909366    
0.948333565476    0.00914180771502    0.0857814636993    1    1.00094795227    0.118080909366    
0.988586344894    -0.0492126308967    0.102591527122    2    2.00061607361    0.118080909366    
1.00916146735    -0.0547543177956    0.0368224951634    1    0.87876200676    0.118080909366    
1.05366633197    -0.0304757252167    0.0582537612334    2    1.80217814445    0.118080909366    
0.980265416372    -0.0288384186024    0.105308365424    1    0.819993972778    0.118080909366    
1.11216003543    -0.107181984631    0.115046816691    1    0.741404056549    0.118080909366    
0.98211898777    -0.0716582701886    0.0511665570561    1    0.899796009064    0.118080909366    
1.07468411171    -0.0440897868853    0.0767758185786    3    2.82924079895    0.118080909366    
