0.00148571123738
0.00168744702105
0.00157587202874
0.00170813799507
0.00156480380487
0.0020969454155
0.0021803733108
0.00159513696539
0.00157159226962
0.00160165454175
0.00168175044506
0.00160427441345
0.00173234317613
0.00253508443447
0.00162973241709
0.00242253354464
0.00169144227778
0.00176076821847
0.0017660190821
0.00171390444523
0.00199736450953
0.00156672276872
0.00211945206319
0.0015481138982
0.0015847827946
0.0014938998256
0.00182340409024
0.0029095808613
0.00188525648774
0.00175097004943
0.00273688477189
0.00441123854106
0.00258910710643
0.00206638877799
0.0022749725257
0.00166940841625
0.00150748530388
0.00204998007347
0.00249483429631
0.00164532661706
0.0015542905232
0.0016684697241
0.0017483537894
0.00166304233589
0.00253877196116
0.00200397979548
0.00197258823265
0.00172293495805
0.001715638139
0.0014897905192
0.00157141041855
0.00188072348137
0.00161124403865
0.0019649568195
0.00284887256913
0.00332726520802
0.00259972221133
0.00151874681322
0.00211148341464
0.00226343784167
0.00234480932618
0.00250451592337
0.00155408708525
0.00239662658296
0.00208243508971
0.00155233470469
0.00183837013097
0.00162936662457
0.0020036883792
0.00170043902958
0.00244353401069
0.00173704463652
0.00199357808907
0.00210977060201
0.0019433701941
0.00180416360176
0.00169641930689
0.00354331097872
0.00169015445697
0.00259773102095
0.00243306715422
0.00250400032878
0.00200059875892
0.002154443104
0.00278089597441
0.00162183456543
0.00168155015455
0.00207357627959
0.00150106289599
0.00184721987947
0.00160802513628
0.00165444034081
0.00171733640303
0.00160283139121
0.00160229949276
0.0017643562978
0.0015213187999
0.00205702908482
0.00220928872239
0.00263988737718
0.00255173905476
0.00157495251289
0.0020424896762
0.00152379793964
0.00347287075427
0.00162192149583
0.00245903007183
0.00244069024386
0.00226998973986
0.0016811630376
0.00188765573217
0.00203549225616
0.00198664254284
0.00245401758309
0.00185260588125
0.00152552346105
0.00210388186968
0.00188875797269
0.00194879513924
0.00189234618995
0.0031147601323
0.00274779614277
0.00294135956267
0.00237347261852
0.00227603364022
0.00182955419096
0.00269305453328
0.00164558485134
0.00251842554525
0.00249692155225
0.00175628144081
0.00177135751852
0.00198029084733
0.00173214926695
0.00157056825867
0.00157087049824
0.0020739277146
0.00149385003652
0.00190196276609
0.00187954640538
0.00162689538938
0.00230385574945
0.00160312474263
0.00221988955857
0.00169277491066
0.00166204812309
0.00360486232439
0.00150941964498
0.00151627097281
0.0019426766984
0.00247665153945
0.00174519870359
0.00206667416436
0.00202584801233
0.0017355809411
0.00222842300943
0.00156066593046
0.00165335513701
0.00149904404577
0.00152551944562
0.00250786890636
0.0019577142507
0.00247416135814
0.00221902352965
0.00160276996741
0.00178053216619
0.00178220486696
0.00166649759655
0.00179681307785
0.00419803486454
0.00407082995251
0.00214598197477
0.00148731206632
0.00215763277648
0.00150756563944
0.00189108306008
0.00318104593637
0.00189178012161
0.00237199389689
0.00191249294255
0.00150261051639
0.00178615322121
0.00175757426022
0.00240390363779
0.00203417547397
0.00181629063892
0.00151265278583
0.00149346909148
0.001504737897
0.00207611085644
0.00195569537361
0.00150399545236
0.00273536591974
0.00215419596356
0.00154905268141
0.00223243333892
0.00164733208816
0.00177861080269
0.00173426696331
0.00249513707729
0.00281934147801
0.00190112424994
0.00199911994082
0.00213570444006
0.00207469114474
0.00221020396125
0.00158837077572
0.00157544638603
0.00153768411041
0.00172296403887
0.00224329198231
0.00246443531662
0.00153028133963
0.00187362156173
0.00187287273894
0.00162432043472
0.00200551471507
0.00216147538985
0.00151241373212
0.00173023997261
0.00244554001646
0.00151928379862
0.0015991965638
0.00176332794364
0.00159079758722
0.00166413465424
0.00164081582548
0.00218583738155
0.00151556894842
0.00164517761363
0.00285976247072
0.00154174370281
0.00205183119634
0.00163564478415
0.00195097769923
0.00254169272044
0.00244830027396
0.00201579804199
0.00188535094146
0.00157814722545
0.00163585535956
0.00180045011998
0.00260909628252
0.00287426486199
0.00159267741918
0.00278110695345
0.00168328885146
0.00205909383093
0.00177699589093
0.00431510737783
0.00195528559761
0.00184231646309
0.00218054998437
0.00218502223665
0.00195987346656
0.00186214197977
0.00197254612092
0.00295368582446
0.00191469464743
0.00196149515624
0.00227286055375
0.00270797216651
0.00204313096462
0.00185612588946
0.00278257692879
0.00319883318943
0.00230456193136
0.00186058626817
0.00161451335999
0.00148921630131
0.00150691017991
0.00201165764067
0.00167616166206
0.0015207661784
0.00162633767861
0.00209549025631
0.00168066159672
0.00267417834529
0.00153542258349
0.00171926135612
0.00517536672136
0.0022936426334
0.00493430293556
0.00222017748397
0.0016903329635
0.00148793762544
0.00252489456758
0.00279191809402
0.00167461730689
0.00159156163177
0.00255016750313
0.00150558771889
0.00219320735153
0.00167066473449
0.00311613642121
0.00149772175401
0.00158415858376
0.00163541941734
0.00157795130262
0.00240398948069
0.0016094291836
0.00175411016628
0.00169568306859
0.00173947014876
0.00399481076518
0.00151604105089
0.00248525977688
0.00184952737139
0.00150489217751
0.00218046980594
0.00195971763842
0.00149004623748
0.00189800863987
0.00220033393079
0.00214089539213
0.00162959411799
0.00165954900589
0.0020430620794
0.00158404426881
0.00209051606882
0.00185886818479
0.00246474223923
0.00157069234754
0.00233814540573
0.00162485304563
0.00159573077028
0.00183894283171
0.00198820919883
0.00183490210499
0.00215717095183
0.00294166488836
0.00262341940305
0.00161716262487
0.00154936802989
0.00186592887226
0.00180029982531
0.00209729075638
0.00198677532985
0.00258180549195
0.00182342449068
0.00216975877316
0.00178809533194
0.00157336708073
0.0015699848078
0.00151724956822
0.00222789653309
0.00151191377757
0.00210638324809
0.00220358619132
0.00172095631195
0.00214387603613
0.002700154819
0.00229151112562
0.00167341837755
0.00149459871442
0.00222849299661
0.00214080220134
0.00556613414719
0.00229324650049
0.00341347508639
0.00172998061885
0.0016389580759
0.00154360518429
0.00184553821594
0.00154887365716
0.00162700734772
0.00181555176009
0.00195897263151
0.00170321686355
0.00197184355068
0.00190071212363
0.00288157017135
0.00190632938464
0.00167482844976
0.00224233242227
0.0015359638976
0.00206266267529
0.00166880945818
0.00196011803204
0.00166789456239
0.00155264832615
0.00166496558056
0.00166633802151
0.0022980424716
0.00198667040276
0.00285065901814
0.00186758413074
0.00167984142466
0.00168500272903
0.00155223103658
0.0017898206876
0.00203811614029
0.00188869333963
0.0017674680467
0.0018461624376
0.00171140823772
0.00218012394146
0.00199222449688
0.00175482988181
0.00155420473249
0.00157657527411
0.00155303048948
0.00235815732534
0.00177799475803
0.00206818363814
0.0016820592681
0.00161883161888
0.0020125341579
0.00170688372105
0.00185153461946
0.00158693516924
0.00162432591438
0.00161049469739
0.00155414988824
0.00159636535716
0.00208926005363
0.00172043933878
0.00177888084321
0.00214975166093
0.0014968151555
0.00286407818287
0.00227150807551
0.00281404876569
0.00251443697806
0.0016995764477
0.00163467410003
0.00208754379539
0.00190554144801
0.00173732740577
0.00157511796474
0.00289150913488
0.00216915383174
0.00194938702071
0.00434144814537
0.00262577720112
0.00178969736496
0.00199102766355
0.00202756746936
0.00238495715299
0.00161069772716
0.0034129972779
0.00176721602963
0.00174240681823
0.00179168754482
0.00168390063253
0.00260111847119
0.00168755691441
0.00180539602081
0.00196388527891
0.00161781278533
0.00203169907099
0.00156888120328
0.0018012326951
0.00259623125212
0.00162943268028
0.00150661076593
0.00156747900394
0.00152785909033
0.00162254447227
0.00192104177084
0.00267492116737
0.00158480469403
0.00153836926715
0.00229887234227
0.00177553944848
0.00150991578238
0.001969617712
0.00151935580219
0.00179038197013
0.0023304824871
0.00178631587806
0.00241089893542
0.00149737334708
0.00202070966421
0.00162134762348
0.00245908595059
0.0027015579259
0.00162656928
0.00152534221594
0.00156628829295
0.00273960765988
0.0015773604232
0.00225668261856
0.00159350916089
0.00165248413668
0.00210588917118
0.00208025869026
0.00159064951986
0.00203169724624
0.00163356783682
0.00170836214999
0.00220278372302
0.00167983571957
0.00167626226165
0.00177892920459
0.00221298770593
0.00148880446781
0.00175550504561
0.0020806508471
0.00148976550607
