0.00241801825263
0.00165315329928
0.00165628379399
0.00171203117777
0.00179034978499
0.00167585085552
0.00235646787614
0.00186754658402
0.00235492321069
0.00237968898577
0.00200912521707
0.00200887135075
0.00171793393173
0.00221516784288
0.0018810077003
0.00198429923281
0.00163975591703
0.00236682689863
0.00175764480616
0.00207336019166
0.00173474795802
0.0025842020926
0.00166811336402
0.00221407502272
0.00263681500403
0.00200600574999
0.00232876167671
0.00207239882597
0.00202162437063
0.00185042931244
0.00226175250735
0.00178619142388
0.00221459651416
0.00183782765285
0.00234198821517
0.0020063883544
0.00212242878413
0.0024544716528
0.00227348998713
0.00166156938611
0.00168613851313
0.00243321589413
0.00165526531394
0.00181960855025
0.00178500403281
0.00183293462216
0.00168288761725
0.00185151303284
0.00208706915228
0.0022755226158
0.00172622645591
0.00268757034541
0.00216948089051
0.00228288982149
0.00256419038636
0.00215292923069
0.00254301687562
0.00174861520859
0.00242592596185
0.00231557570355
0.00221126359334
0.00171428713335
0.00215819547769
0.00193393661713
0.00187709017317
0.00161382870702
0.00240456574425
0.00246922425261
0.00213265619315
0.00168742502433
0.00203978655632
0.00212916920703
0.00178858336404
0.00248715393213
0.00231886563499
0.00182367821218
0.00178618395688
0.00166906868751
0.00204500133923
0.00169344439141
0.00206041878066
0.00201360863502
0.00239427561584
0.00214684381551
0.00218963346429
0.00182957739884
0.0016900855007
0.00179884131895
0.00175596649416
0.0022032853405
0.00237440652409
0.00217495713296
0.00184209121395
0.00174311603294
0.00165826806322
0.00163016659188
0.00199715421231
0.00211681320264
0.00177267168253
0.00162282095311
0.00214673653555
0.00175768310524
0.00163944617858
0.0019084083959
0.00242190871204
0.00196651604096
0.00250630210156
0.0018430782773
0.00186522788872
0.00194087821678
0.00210922596662
0.00225019018237
0.00163331752409
0.00169586764175
0.00217790120996
0.00177635371049
0.00253239466451
0.0016766501049
0.00179267231359
0.00185328120903
0.0023927594932
0.00186299748477
0.00171617449777
0.00167937847141
0.00161581147586
0.00249236243348
0.00210097460383
0.00246352233641
0.00226444668942
0.00241013129282
0.00234423439487
0.0021418026202
0.0020382375801
0.00176480666096
0.00200870940639
0.00215573271775
0.00162703690793
0.00164278271731
0.00198450810272
0.00259595594578
0.0016180254461
0.00230657417613
0.00161689851916
0.00166024318366
0.00184648080584
0.00207331135171
0.00266328815533
0.0017302647802
0.00196417793922
0.00222016022872
0.00191282553237
0.00180281270426
0.00201993395108
0.0017869203806
0.00201908890031
0.00243456369074
0.00177577833338
0.00183823926314
0.00169816789213
0.00206598405688
0.00190864836934
0.00182998264524
0.00177260032306
0.00247570942152
0.00163509821725
0.00165767183824
0.00250395383303
0.00230520812218
0.00167658201222
0.00206933839826
0.00170258085592
0.00189571464157
0.0022964518262
0.00261812128511
0.00208218815783
0.00199247604843
0.00208026617018
0.00180241214586
0.0021433988485
0.00187633010601
0.00164987336936
0.00242567584942
0.00195418951196
0.00192290728684
0.00190141693803
0.00183464856952
0.00213664481939
0.00243446524112
0.00222735507314
0.00197647048248
0.00227788865373
0.00177816025739
0.00221003788541
0.001628393199
0.00209529747699
0.00215918467218
0.00170720400529
0.00165981256651
0.00266393082674
0.0022500886681
0.00166427671681
0.00187485886928
0.0023476076737
0.00178843570483
0.00242636885165
0.00244414761151
0.00188095474226
0.00173926056487
0.00218659571898
0.00208344821097
0.00192352546806
0.00207789744451
0.00180437032585
0.00172186036873
0.00228121403831
0.00181880068671
0.00255410645622
0.00246347721754
0.00257026050564
0.00201083155955
0.00205444941308
0.00269121856799
0.00168857836592
0.00199098354132
0.00192880790929
0.00200290908185
0.00217138180828
0.00217005767753
0.00172913285351
0.00197792102649
0.00161448945658
0.00174080129864
0.00242927840327
0.00234773948958
0.00224292060102
0.00188265858422
0.00236023449287
0.00183312160138
0.00244345789779
0.00181440535186
0.00192622755478
0.0023273043867
0.00244209616395
0.00222305850785
0.00210854985218
0.00201720828972
0.00195344546887
0.00160703197446
0.00204283052331
0.00226487159683
0.00169250185779
0.00230368871069
0.00244659356426
0.00267147895662
0.00171964183883
0.00206413705195
0.00191376941589
0.00202731690199
0.00175111584931
0.00203964726396
0.00230369197027
0.00192781914422
0.00181164397381
0.00183843897497
0.00196789008862
0.00225853691683
0.00241558202408
0.00198876994368
0.00291331451019
0.00224007474488
0.00191861554925
0.00176272538276
0.0017401535053
0.00224899709178
0.0018985894045
0.00246950904972
0.00171918248372
0.00199409414106
0.00194856423117
0.00183288668849
0.00200016003026
0.00169368827599
0.00167089988484
0.00190919707747
0.00162555428291
0.00178036284892
0.00169563283849
0.00184297612229
0.00162746809747
0.00238956708366
0.00184163677609
0.00249141942633
0.00269918626617
0.00236796983283
0.00179042946602
0.00200456125084
0.00203686298626
0.002040803543
0.00225199781133
0.00223219345937
0.00217282338839
0.00182468135883
0.00251257773666
0.00161448623515
0.00164921195154
0.0024042086037
0.00176286814121
0.00170966972444
0.00204699343032
0.00169281342994
0.00210814787311
0.0018077299298
0.00163842772398
0.00248662315645
0.00162917769817
0.00168578186754
0.00227642069569
0.00167922992103
0.00180094169362
0.00167315099305
0.00170654137137
0.0023802554176
0.00184310016712
0.00203242565334
0.00212035861784
0.00161215404756
0.00175463078783
0.00207813725398
0.0018626320342
0.00170631918655
0.00238183689176
0.00238771217321
0.00233916987103
0.00220911085862
0.00215330412056
0.00190369960874
0.00190432365103
0.0020519009818
0.001680151496
0.00180370096181
0.00170907867556
0.00220367621418
0.00177915628385
0.00252819672402
0.00185418703055
0.00163563462155
0.00226199413757
0.00173016238594
0.0020403509369
0.00171461349229
0.00170112943962
0.0021763370083
0.00169083870042
0.00237072027602
0.00161246761661
0.00163068895584
0.00211311716401
0.00171561719014
0.00184794833606
0.00190078529434
0.00212555746137
0.00170205791367
0.00169668545389
0.00268923392345
0.00161675042795
0.00170440156828
0.0017768997632
0.00161381169006
0.00177792613205
0.00254892658448
0.00170094561463
0.00253727505828
0.00240857748761
0.00180472596406
0.00234726467926
0.00232685891811
0.00206552303355
0.001862423409
0.00181995828169
0.00179823947294
0.001886346995
0.00167604451214
0.00203012822665
0.00195315048115
0.00214698004045
0.00184940982881
0.00231724702138
0.00184890645566
0.00177544910228
0.00212744978904
0.00169382864372
0.00191418112314
0.00200370943982
0.00166267591546
0.00269328898944
0.00174636282538
0.00206232015742
0.00226106715061
0.00233149386032
0.00162509931544
0.0017512738238
0.00166985946204
0.00184300273868
0.00225453432343
0.00168796950812
0.001703502824
0.0021943615036
0.00165131404968
0.00163288471139
0.00174645907302
0.0021265607056
0.00223079349824
0.00238043552714
0.0022093564239
0.00199555201717
0.00254543206079
0.00165727167048
0.00235324884363
0.00199303035288
0.0024601796014
0.00215805513578
0.00169113601354
0.00237954390078
0.00177203156459
0.00166649566454
0.00179690046771
0.00169127114232
0.00169681130966
0.00249678671473
0.00180398114334
0.00210901135198
0.00191025185494
0.00186341248818
0.00165836542083
0.00217827823637
0.00256018654781
0.0016487800981
0.00161803798513
0.00191240149065
0.00212610121307
0.00193522645033
0.00186447393512
0.00216234375792
0.00180118280534
0.00162117927466
0.00195744783016
0.00208630360537
0.00186536346412
0.0025718756861
0.00161246272892
0.00233703214723
0.0024141454697
0.00240818003122
0.00174200161058
0.00270242145329
0.00169858841158
0.00164473852263
0.00165541408747
0.00199941732794
0.001617502981
0.00188482874393
0.00161325585051
0.00182829698359
0.00214738503035
0.00193864493157
0.00239695622617
0.00181340620202
0.00175914658831
0.00162959332765
0.00173950637462
0.00206966321735
0.00180289017794
0.00242669412491
0.00176284255599
0.00201604937603
0.00191573172705
0.00160991357013
0.00191212275744
0.00180802629086
0.0017513586397
0.00205731191228
0.00177884532258
0.00205191488492
0.00202843851962
0.00185082922365
0.00185933346437
0.0018796416072
0.00185477891154
0.00173876963982
0.00211270518952
0.00254835326335
0.00177370571257
0.00166688860108
0.00173456205392
0.00207704585773
0.00232545422719
0.00177575818918
0.00186830750006
0.00227837790914
0.00165747941925
