0.00168457790453
0.00206114155911
0.00165897839212
0.00199217183306
0.00210336497234
0.00281090421483
0.00182918342501
0.002362289663
0.00175483304519
0.00220415646317
0.00261861443908
0.00160845630432
0.00233840964713
0.00161147631594
0.00164201417145
0.00170715423383
0.00190320862504
0.00193310353458
0.00177509340646
0.00161165917907
0.00262709106087
0.00268247444762
0.00202392384021
0.0016515157813
0.00195024921117
0.00222620049407
0.00169550388647
0.00216025607008
0.00233585962606
0.00219044809236
0.00168067808207
0.00200084689044
0.00166239630631
0.0023018469223
0.00158554915806
0.00189697431585
0.00215354741493
0.00184835143298
0.00217598652883
0.00207995959772
0.00174224998806
0.00271639171616
0.00221294175934
0.00164510788279
0.00176156349328
0.00227295175175
0.00189403354817
0.00207181886117
0.00234868420645
0.00265928710479
0.00181573262997
0.00176271740239
0.00186984790673
0.00172427435598
0.00158488911418
0.00156623072474
0.00195492315671
0.0023692303843
0.00187884750304
0.0019244449864
0.00161836077761
0.00232735189778
0.00163909546434
0.0026141364437
0.00202910513758
0.00254594448459
0.00235276512415
0.00181109147256
0.00198187893393
0.00158072291175
0.00166378136239
0.0016700644856
0.00188367211357
0.00266454452692
0.00214100651259
0.00235062871345
0.00248940352545
0.00202834401518
0.00192393728135
0.0017275661953
0.00176243314388
0.002062912107
0.00159852187329
0.00184605599953
0.00252653506908
0.00157702594355
0.00181879627609
0.00225089603137
0.00164427868027
0.00171499695324
0.00246221487353
0.00212614613557
0.00194493938323
0.00225800604942
0.00177873771474
0.00238498972108
0.00181729331013
0.00172254176347
0.00191932059195
0.0018073744043
0.00253632186054
0.00166961977959
0.00172117387717
0.00243306500332
0.00205274043418
0.00179837616599
0.00178223165061
0.00235990514144
0.00266986951207
0.00206490079657
0.00215545035546
0.001833756749
0.002694432172
0.00158024266795
0.00254247581937
0.00196632350844
0.00163532060947
0.00203292360276
0.00212885541233
0.00230461935949
0.00175096775303
0.00194925681155
0.00217562470301
0.00190894509413
0.00162659458398
0.00159534695384
0.00182075900325
0.00291604604056
0.00267310007536
0.00261145707311
0.00206510095073
0.0024240418971
0.00212310494702
0.00181488219012
0.00214478622293
0.00270113747881
0.00163107078986
0.00182462995637
0.00162412513935
0.00160298842271
0.00177160298903
0.00188961993716
0.00244171030964
0.00262753969317
0.00283591988333
0.00234435818548
0.00162420757956
0.00206965621092
0.00160617382011
0.00222023138554
0.00179925894357
0.00169958927185
0.00205116541192
0.00204130744549
0.00206587359786
0.00225877480953
0.00213932960524
0.00162300038263
0.00251833673713
0.00162827693312
0.00178528837934
0.00169442997669
0.00166128208479
0.00171187588933
0.00159662509273
0.00249724522913
0.00176204328269
0.00204557695693
0.00218495300464
0.0017668937931
0.00207812900081
0.00227307156315
0.00165426116585
0.00189622514674
0.00163753629644
0.00243152528298
0.00259105784333
0.0017768488011
0.00182074442041
0.00220447294626
0.0016095819601
0.00175746729993
0.00220130637137
0.00166181877669
0.00170460904137
0.00168741869137
0.00162530893109
0.00226635041155
0.00158598031302
0.00219275975642
0.00179419815638
0.00199818497153
0.00189133171182
0.00219983406715
0.00168523314238
0.00157804406608
0.00157270326863
0.00192527914171
0.00243892095221
0.00179749821671
0.00182967764265
0.00168432873245
0.00224215577411
0.0016869928221
0.00196916224324
0.00193937630413
0.00195082121618
0.00166720322304
0.00171955530592
0.00276086078596
0.00234573465623
0.00169102668679
0.00222727179597
0.00216050392471
0.0018507571136
0.00175232561938
0.0018606241959
0.00237865384788
0.00178847883736
0.00235778107942
0.00184731582377
0.00175101586889
0.00267543940248
0.00244484654226
0.0016727433123
0.00229620901823
0.00164323939215
0.00165762721531
0.00196594714188
0.00158975909502
0.0018015308133
0.00203785281496
0.00247291731445
0.00179142692736
0.00289001137437
0.00198915439193
0.00233806232904
0.00234765603362
0.00198274549673
0.00159135198434
0.00240106910576
0.00184963534442
0.00166282023645
0.00215821063332
0.00158248319448
0.00207724682478
0.00158766038407
0.00209222340647
0.0025165569999
0.00201535269915
0.00229500192433
0.00239190740786
0.00219275903948
0.001725042564
0.00253586703708
0.00177159252022
0.00176921781975
0.00193728554375
0.00242456740628
0.00245148668034
0.00231616005514
0.00161038538596
0.00160377124517
0.00173088436359
0.00208342946274
0.00190298072116
0.00191048864765
0.00178558982885
0.00212592542418
0.00156902202793
0.00213186954963
0.00163183483167
0.00262917001305
0.00226409480163
0.00182175166571
0.00220629429808
0.00226998180317
0.00212365210429
0.0018622275218
0.00175009665976
0.00197726054592
0.00166311572044
0.0018150928242
0.0024885579368
0.00174482362034
0.00246172651267
0.00176640418621
0.00233618464945
0.00207175698444
0.00183137656415
0.00239218668837
0.00158091250411
0.00163987208898
0.00163434517581
0.00161763283102
0.00192072049459
0.00156631366708
0.00182469418107
0.0024665814279
0.00161408610298
0.00201264671038
0.001668242205
0.00164662242745
0.00226961322825
0.00231764518849
0.00201984434822
0.00219810692977
0.00157648878921
0.00160429616259
0.00183014161244
0.00169624632765
0.00175644550664
0.00241815348144
0.00165984233585
0.00211574556598
0.00168982123592
0.00159475096044
0.00180011954587
0.00219442249767
0.00190244554294
0.0026315072172
0.00250435646511
0.00159381828631
0.00172178823011
0.00200809777321
0.00201629806972
0.00212536343657
0.00165950546505
0.00220347391453
0.00196442300829
0.00157354522517
0.00208992264466
0.00289070722493
0.00286900651457
0.00195476959215
0.00229024585941
0.00187268207461
0.0020206065284
0.00198139854269
0.00238659105759
0.00203851023262
0.0019761617247
0.00252161039686
0.00210041147983
0.00239739004909
0.00158015775974
0.00225864483822
0.0019048836998
0.00272123808732
0.00199594218342
0.00224392661676
0.00201812420254
0.00205528416202
0.00165091328609
0.0022859314129
0.00209862706087
0.00196160670531
0.00210899458744
0.00180443091321
0.00171238672475
0.00197428430964
0.00176827261837
0.00166808455821
0.002556568297
0.00228137651762
0.00175088337294
0.00179340405234
0.00189295866745
0.00195258393531
0.00191189402084
0.00226124268882
0.00195954741603
0.00235376096042
0.00160121803591
0.00170136106433
0.00220521275007
0.00166605761559
0.00190276197825
0.00215574966317
0.00196772858674
0.00157928589978
0.00224660104642
0.00182258394798
0.00189554689731
0.00217859563691
0.00193572387527
0.00218653803833
0.00177248306019
0.00172872874421
0.00161576419014
0.00161679875681
0.00197781630048
0.00188796437298
0.00249158022678
0.00229351590626
0.00175170906819
0.00180072803591
0.0016065143391
0.00161020199472
0.00170963290393
0.00177478784977
0.00248380034428
0.00176836074824
0.00281313591877
0.0016204897016
0.00231057912048
0.00157468028113
0.00164049172636
0.00187090733041
0.00190896544048
0.00228125835025
0.00210949445456
0.00204653548046
0.00161601378852
0.00230480358117
0.00163542452517
0.00204296540376
0.0019583827035
0.0017284947894
0.00233581979672
0.00212952782722
0.00198670900496
0.00166500069656
0.00286763748042
0.0015759976188
0.00161560463335
0.00193906240066
0.00210374806436
0.00192015606926
0.00188902707819
0.00210232419189
0.00197929465739
0.00198834960936
0.00235888088781
0.00249512412201
0.00235315944299
0.00203166290764
0.00168026115412
0.00181226284861
0.00201004609509
0.0023709789357
0.00164452147842
0.00243948953717
0.00159013031531
0.00180196363068
0.0027269185605
0.00196262041689
0.00211227406347
0.00290877332744
0.00231256320197
0.00203943877889
0.00161626659962
0.00184673334248
0.00260876509077
0.00167877430983
0.0021222605468
0.00182563023033
0.00212689209353
0.00203373334539
0.00224098477254
0.00160732095509
0.00202224639352
0.00295575679525
0.00157706810017
0.00177416427697
0.00158648371995
0.00197414559098
0.00259245616279
0.00199611879193
0.00202182269541
0.00244359606274
0.00195581383999
0.00160958805514
0.00209223752422
0.00173038974216
0.0017566952947
0.00179413092628
0.00191096474665
0.0016771374956
0.00171441450501
0.00174606697183
0.00180489173699
0.0018273328187
0.00204135394223
0.00163077913598
0.00212762141824
0.0017172265813
0.00235709720624
0.0016495290262
0.00181935212521
0.00209824057309
0.00197500907674
0.00201945954778
0.00171690741126
0.00260902452426
0.00214588617937
0.00172082185276
0.00230841634523
0.00261607101725
0.0018773904651
