0.00374537735455
0.00248115939075
0.00173532328809
0.00388001724881
0.00197461607444
0.00186819554127
0.00183770658413
0.00170285321608
0.00181997327776
0.00198692016331
0.0015656548343
0.00168352509957
0.00357868548227
0.00603078045643
0.00155382674327
0.00415131030679
0.00282709812669
0.00210099620779
0.00158734608848
0.00163608111524
0.0024111641141
0.00199017989207
0.00243892599724
0.00279654824058
0.00260510060524
0.00246230146731
0.00157063704361
0.00207110159375
0.00158450696159
0.0015496028907
0.0016139867751
0.0024495057735
0.0015890469923
0.00190012916717
0.00264003956527
0.00166162327591
0.00209936944603
0.00234108711082
0.00153503276436
0.00233268375938
0.00179012992625
0.00243705011129
0.00200246403736
0.00181954810069
0.00207676190153
0.00160349439284
0.00182462283871
0.00160208973805
0.00152278739069
0.00161018356727
0.00214546167582
0.00201764544531
0.00288379865401
0.00159980947459
0.00153065104948
0.00210650820403
0.00171245581882
0.00186132051542
0.00191015612364
0.00181851101621
0.00188645338074
0.00152546139628
0.00151048331101
0.00168149221861
0.00169361130165
0.00289415586807
0.00289379934806
0.00157006294738
0.00210428254372
0.00172590724912
0.00152299267911
0.00217355018269
0.00215563460218
0.00163348202209
0.00175797502505
0.00164259711719
0.00152065737484
0.00177219510644
0.00196005388437
0.00149609814683
0.00198545417631
0.00170935095205
0.00155981685423
0.0018311082671
0.00152402686665
0.00152896970765
0.00158299663843
0.00163395306895
0.00177407527278
0.00159424225819
0.00178144480593
0.00227889908624
0.00154152292584
0.00157074384934
0.00157588687148
0.00152219381999
0.00184726881467
0.00151879043387
0.00253827556757
0.001832818996
0.00191546594848
0.00211125891881
0.00237165241527
0.00213288043006
0.00248515774493
0.00193695864874
0.00160403718136
0.00152700697891
0.00277576613318
0.00241080094972
0.0020601374015
0.0020042743017
0.00258958341756
0.0026002767085
0.00166011798707
0.00169144612897
0.00177569936224
0.00207520539078
0.00148337995565
0.00180434324287
0.00194877720715
0.00270810483097
0.00162689226168
0.00201690901947
0.00264001238917
0.00152720410387
0.00150662160439
0.00170424940625
0.00169802951731
0.0025888453677
0.00157331182449
0.00247751361208
0.00161093497391
0.0018792665483
0.00175225658184
0.00277543696371
0.00242499411866
0.00152777904195
0.00161400545901
0.00168881490769
0.00151989732172
0.00161766502786
0.00190321614124
0.00169980328729
0.00173128500052
0.00190149829984
0.00189882773402
0.00182993775343
0.00183620956005
0.0018643143466
0.00202977421294
0.00167663447589
0.00428139133616
0.0015830313961
0.00249168991931
0.00151416586143
0.00191482316355
0.00221904503479
0.00219278320174
0.00244960809392
0.002205253324
0.00218297439684
0.00200187450865
0.00150956756325
0.00230975492073
0.0020393637026
0.00170789196622
0.00211954874668
0.00149670392476
0.00166986551666
0.0033809946837
0.00299303012279
0.00236197148465
0.00149199684825
0.00163334066808
0.00148610162301
0.00153580782741
0.00279841887287
0.00157817580741
0.00161574892203
0.00162658693902
0.00174033394885
0.00206629441782
0.00246189982702
0.00231289264759
0.00171996400537
0.00151120180268
0.0019174934674
0.00162933513653
0.0015308120997
0.00192625423834
0.00159856219098
0.00202312924049
0.00209671015134
0.00201081749835
0.00188354976466
0.00269273503855
0.0019458336932
0.00192166225194
0.0022041094271
0.00217740161683
0.00150344314277
0.00175523131079
0.00176780938937
0.00239989993644
0.00176577236714
0.00259320354385
0.00247173132059
0.00228126141251
0.00245026081675
0.00161218751302
0.0019743915725
0.00185888561734
0.00169228305271
0.00152054492876
0.00153287786985
0.00248324806402
0.00266844053032
0.00322571863186
0.00271217316527
0.0014796121675
0.00161574772645
0.00200585263266
0.00205722213696
0.00173293512408
0.00157699519554
0.00203174665778
0.0027463789334
0.00154485968261
0.00318932619022
0.00229608331803
0.00163853679064
0.00160905456141
0.00163630317443
0.00266537332639
0.00209032255839
0.00205191083745
0.00214163084243
0.0026509441205
0.00274505114838
0.00161193057969
0.00185826677944
0.00163483665776
0.00169556641106
0.00211018229057
0.00158063122469
0.00179444932942
0.00169437732217
0.00214897840562
0.00234272635513
0.00253693544289
0.00184842189402
0.00153161223531
0.00163945121222
0.00181465817236
0.00184359474963
0.00157958759603
0.00224309755302
0.00240078558954
0.0022426554324
0.00149877809643
0.0016243825128
0.00168801874398
0.00154223465812
0.00275189888704
0.00197933448847
0.00177860288453
0.00195407839606
0.00417794850152
0.0016733621594
0.00171686243768
0.00179171636993
0.00175706074042
0.00182370005173
0.00203500607646
0.00203070183495
0.00170944428424
0.00224365615925
0.00194686753817
0.00182739690263
0.0024041821012
0.00223295691087
0.00217207286199
0.00178300771045
0.00273969346088
0.00155641803677
0.00159183339371
0.0016046961104
0.00203517905203
0.00164758688746
0.00244239268266
0.00165596916134
0.00176539232441
0.00174102117379
0.00173987868401
0.00256202689791
0.00189898936299
0.0018514712332
0.00265742005396
0.00172196147562
0.0019945134976
0.00196891895257
0.00158090952109
0.00182835726167
0.00251906917651
0.00176528999782
0.00170745613712
0.00225671916815
0.00155489979371
0.00158382432541
0.00189146344403
0.00275429962632
0.00169396157997
0.00181784967118
0.00161333063211
0.00194472108974
0.00149342558941
0.00165729237715
0.00154179893876
0.00213211121225
0.00173105344321
0.00230756767703
0.00236085987117
0.00217420727755
0.00159232586295
0.00163934651431
0.00239072250654
0.00460191128968
0.00150904416517
0.00218810074746
0.00169075103372
0.0015552564984
0.00179779526166
0.00172044705163
0.00199742201576
0.00174482154837
0.00166001440024
0.00235137400941
0.00258222454007
0.00149485855396
0.00161200530841
0.00230785837461
0.00177045115734
0.00169664355348
0.00187530955794
0.00187928192143
0.00170078812311
0.00162707186747
0.00185621343425
0.00188001547824
0.00189430972136
0.00157092248782
0.00303259553324
0.00181219707021
0.00148112055486
0.00288966281448
0.00259292815798
0.00247415005471
0.00209754189112
0.00231092581349
0.00183111816015
0.00286985791433
0.00175088880995
0.00153264759109
0.00170308623282
0.00174068058348
0.00185328916785
0.00211482768896
0.0015619243617
0.00159634402156
0.00350658594833
0.0018694299586
0.00171254000958
0.00153248990234
0.00221681975022
0.00160041390867
0.00241650010704
0.00199927036304
0.00149682155523
0.00187600350548
0.00152590787632
0.00159564744382
0.00150670191847
0.00338021850206
0.0026622916149
0.00153517594743
0.001486689505
0.00201263215155
0.00189746120609
0.00248006201221
0.00153243256881
0.00164357129278
0.0023442489168
0.00185925256363
0.00253715285279
0.00239538262825
0.00181495418297
0.00214304866332
0.00189136459479
0.00243263577067
0.00158988827843
0.00180271743622
0.00149602989412
0.00270258670214
0.00313311041917
0.00154051986062
0.00193811099876
0.00215242786502
0.00224371646753
0.00157392220759
0.00325527105891
0.00157359549972
0.00155182584185
0.00209037585535
0.00272450778637
0.00162986288178
0.00166568273852
0.00172473564128
0.00183364743933
0.00318338242706
0.00149362081059
0.00186816139302
0.00185717449992
0.0020040622624
0.00178367203379
0.00182664333609
0.00202619933184
0.00175616331702
0.00162284344272
0.00177557615345
0.00150781664838
0.00180110853499
0.00220484899499
0.0018978193959
0.0017557970895
0.00192470137316
0.00198834396752
0.00209077926325
0.00194086146668
0.00210335884957
0.00206850463644
0.0021974666933
0.00198641699945
0.00261241574365
0.00183768340669
0.00159023350979
0.00158988349064
0.00249318136661
0.00238188759338
0.00199032705446
0.00148644108514
0.00281521486857
0.00167758787683
0.00152390114382
0.00161463954367
0.0018992356021
0.00180949575659
0.00168191489112
0.00247456402187
0.00165069608237
0.00151920463156
0.00177531183827
0.00183085010247
0.00210843264807
0.00151241975106
0.00254458218959
0.00202686676909
0.00199842290665
0.00197020555894
0.00178301824214
0.00245514719977
0.00228371723608
0.00154621113307
0.0037447312507
0.00149811810749
0.00168302127722
0.00204439570289
0.00219336052469
0.00230995637781
0.00210008885143
0.00154572459661
0.0014806967811
0.00281209483174
0.00150638995981
0.00164575267138
0.00218462318405
0.00292606789266
0.00157709060529
0.00178367050869
0.00184754059695
0.00160719432343
0.00172357839591
0.00186417570099
0.00166736681845
0.00222280112068
0.00265954324044
0.00153936471301
0.00235815686784
0.00232634055765
0.00358749482482
