0.00156847581201
0.00155675402193
0.00588833391409
0.00243773511699
0.00154037213903
0.00160341372861
0.00199453394563
0.00695423521969
0.00156429100542
0.00190732741373
0.00443191153162
0.00146218853708
0.00221148420622
0.00156039784923
0.00207633172407
0.00224675162958
0.00335212717483
0.00239430991827
0.00237624126816
0.00207117012726
0.00224476768622
0.00203977771535
0.00227911552222
0.00155218797784
0.00155342633679
0.00146893592148
0.00150474556113
0.00297989666839
0.00151709215735
0.00155297656798
0.00178586684531
0.00198126902246
0.00256273522764
0.00148228071784
0.00258739058849
0.0016978247404
0.00162476898128
0.00196426670755
0.00195793466062
0.00176738849574
0.00232112572253
0.00176681911111
0.00155844546936
0.00282296213157
0.00173711822837
0.00175248287995
0.00238565674307
0.00178757596421
0.00253633664928
0.00151665536342
0.00157508201741
0.00180335318959
0.00146233811912
0.00332504280773
0.00163138403191
0.00201076124825
0.00155202293618
0.00148532767124
0.00186373802695
0.00164609672757
0.00242501437931
0.00154473419994
0.00148977107253
0.00186609311499
0.00224676634623
0.00157066366587
0.0014715996694
0.00177296772378
0.00158657121594
0.00200103480365
0.00145801057336
0.00158810715624
0.00202558642354
0.00147923589446
0.00154869602633
0.00270749923424
0.00147669559458
0.00210536429532
0.00182499351713
0.0019547221124
0.00154335197869
0.0020603966976
0.00167342012785
0.00158248024049
0.00166025528733
0.00156471291461
0.00227976372757
0.00227150517904
0.00241991385634
0.00169301326602
0.00162883032309
0.00196523451999
0.00315103612309
0.00240620239487
0.00188931356278
0.00315708879068
0.00168229568466
0.00156568158499
0.00226962940896
0.00179165148423
0.00366446391659
0.00156737939964
0.00164321119531
0.00212258751064
0.00161936865404
0.00184900960035
0.00200929887385
0.00155698001536
0.00153092248457
0.0015893759413
0.00166753045917
0.00260042367128
0.0017385309819
0.00208115228006
0.00186353216294
0.00152412606323
0.00153479747792
0.00191719289642
0.00228616760184
0.00301211234832
0.00158296933542
0.00186337420193
0.00152007939954
0.00219738623278
0.00253463771655
0.00161556716865
0.0014670673139
0.0017225204801
0.00234690058508
0.00180047978173
0.00150842574938
0.00212436548906
0.00146009572067
0.00202522905701
0.00192980960465
0.00242003316405
0.00248641171744
0.0017582280201
0.0024198846728
0.00169468867945
0.00248392484916
0.00184153591173
0.00222669718203
0.00198421050966
0.00202400958417
0.00166445284654
0.00263338593776
0.00168023448014
0.00211314290876
0.00303973986647
0.00149871358125
0.00162246947219
0.00165623486843
0.00266485480512
0.0014976957563
0.00164579632147
0.00163282846359
0.00148539101373
0.0016988668846
0.00150828005922
0.0036259506687
0.00176803342169
0.00173410911703
0.001693379136
0.00155552166231
0.00183765578382
0.00197622894302
0.00290007353505
0.00150889250852
0.00162912848281
0.0015414704537
0.00184354203457
0.0019386049289
0.00146553114809
0.00567631382623
0.00286744505689
0.00150391318911
0.00163224752389
0.00148664718453
0.00186082344395
0.0016463122881
0.00253944961446
0.00188708760891
0.00227208818269
0.00163535539279
0.00149283060117
0.0015684084676
0.00169948599812
0.00145921044247
0.00147264215379
0.00248400960187
0.00172211436747
0.00152488238552
0.00326650351138
0.00228236710107
0.00217935150646
0.00243090960612
0.00213212678106
0.00146404557786
0.00203655583759
0.00166766140677
0.00192798474409
0.00194419666406
0.00309921725673
0.00170186448561
0.00380877156408
0.00156459870582
0.00208226545482
0.00189126535928
0.0017100798789
0.00237276727321
0.00205927678953
0.00222130166391
0.00198304958056
0.00181412357349
0.00149807762025
0.00408981969428
0.00172732781061
0.00190861578437
0.00157714507398
0.00148137459912
0.00160491789172
0.00184123021591
0.00152518175814
0.00226060067201
0.00180008127614
0.00183057539416
0.00147408979549
0.0025470482537
0.00188289406545
0.00253689243278
0.00200308991792
0.0017929945785
0.00200842003116
0.00267890928088
0.00147530402125
0.00172589757812
0.00343133049057
0.00223985778899
0.00146294675157
0.00161840480427
0.00159635168616
0.00183484427018
0.00187046706996
0.00155683412259
0.00159281810515
0.00147753057856
0.00145853557067
0.00249989896463
0.0029436201222
0.00170087040097
0.00158900379474
0.00164772531817
0.0022999001605
0.00241608662308
0.00245294466951
0.00161327938086
0.00224538924714
0.0033605912108
0.00224437961358
0.00169714928508
0.00173857986303
0.00282162107952
0.0024317692241
0.00189281645379
0.00182214618702
0.00194447372981
0.00158683141956
0.00176167674145
0.0016512156437
0.00171310651487
0.00161318188299
0.00164361658215
0.00167656817531
0.00159727926456
0.00246437805405
0.00159501848316
0.00146966057977
0.00157522483736
0.00190636454886
0.00158462893078
0.00152157702398
0.00151413636619
0.00214679715577
0.00262169583213
0.00146258090054
0.00461309080065
0.00146047845672
0.00146440600611
0.00270375742392
0.0019922096025
0.00174309939627
0.00399638918904
0.00166196541976
0.00326725955261
0.00439951401735
0.0028258657801
0.00162865170341
0.00282415153081
0.00147210997845
0.00190217587619
0.00150470881889
0.00205176649076
0.00249153753721
0.00220479698773
0.00193282352768
0.00164007868515
0.00273140088846
0.00147082284307
0.00196052036727
0.00165455564434
0.00148509319656
0.00149486806825
0.00210662117627
0.00251068733626
0.00162508467249
0.00181036772901
0.00193554648403
0.00165849377732
0.00195983336803
0.00191743354744
0.00273159646896
0.00158185073899
0.0015168534679
0.00200020511137
0.00240738163826
0.00200875745685
0.00271318914296
0.00230822013816
0.00146492695254
0.0018069741768
0.00161751232722
0.00155154062773
0.00192387591943
0.00218832993615
0.00217780205221
0.00303873413524
0.00217701726716
0.00179897241292
0.00167432034131
0.0015306502067
0.0020441983712
0.00156167143786
0.00149093196168
0.00181806681638
0.00277791897148
0.00233260034736
0.00191074044416
0.00160394502602
0.00163722909323
0.00148472137311
0.00194235965989
0.00167172593298
0.00153130417295
0.00146577826265
0.00148122887452
0.00264707478941
0.00153706493952
0.00275774001631
0.00209563005048
0.00275485850694
0.00306008000736
0.00173899083951
0.00243334643745
0.00160955075224
0.00212280987875
0.00220863609969
0.00240432375842
0.00249874911288
0.00160543197511
0.00205925268416
0.00185019913375
0.00152956877023
0.00200973234508
0.00248375996941
0.00159066871051
0.00197381237209
0.00279572959875
0.00209661526973
0.00147199875257
0.00207355279712
0.00161033694234
0.00159610809289
0.00167370575995
0.00227576484316
0.0015224531718
0.00287802450056
0.00202078661803
0.00185297303479
0.002329260239
0.00153956872787
0.00167910211198
0.00162852955527
0.00160583995505
0.00198491280367
0.00182889887579
0.0020166730605
0.00257555139163
0.00224259985089
0.0016733286253
0.00207250266443
0.0018649345969
0.00310359199094
0.00193711245147
0.00158934067004
0.00166251175966
0.0017043952573
0.00150918751795
0.00154458966341
0.00182277844623
0.00157722522123
0.0018335826507
0.0017491920301
0.00149720962256
0.00211638120705
0.00153330750325
0.0041392384951
0.00158139966901
0.00204265074791
0.00172498625522
0.00246039854998
0.00200116762128
0.00158267089799
0.00149432219346
0.00434089922175
0.00223782044733
0.00223721737388
0.00168888970532
0.00148185098858
0.00165235814761
0.00154610914691
0.00149133481362
0.00253054666311
0.00153650882334
0.00161468243887
0.00156160834997
0.00194477213332
0.00149401997735
0.00228059605561
0.00167048009114
0.00161632689773
0.00192459868284
0.00152488669444
0.00244290826614
0.0017762457161
0.00177800904553
0.00168392010292
0.00191141588459
0.00182099505327
0.00187415541991
0.00145794768543
0.00150278951231
0.00163109449926
0.00147598086798
0.0020011555671
0.00195582375766
0.00181181326709
0.00180439879283
0.00174766234018
0.00206348856315
0.00176087949031
0.00225033784179
0.00160257185647
0.00153508793641
0.00148830837452
0.00193218064131
0.00170915528009
0.00156939631341
0.00149462189556
0.00152837926237
0.00172250236024
0.00569319445058
0.00228980273014
0.00154592096135
0.0018673314474
0.00155230149408
0.00152467442169
0.00160605524103
0.00205937153724
0.00147716741323
0.0023000834676
0.00288685818612
0.00332458629113
0.00147809746358
0.0016966773662
0.00212516055429
0.00405108514851
0.00151472632555
0.00176194964377
0.00209169568442
0.00211992563729
0.0031323049819
0.00177296280448
0.00192348047984
0.00153514180314
0.00149602316983
0.0017729120382
0.00243873932756
0.0024968103109
0.00192274356636
