0.00160139217022
0.00163318845814
0.00193797897801
0.00220722226354
0.00235856464696
0.00184045721596
0.00171306795806
0.0016362639864
0.00171227680515
0.00192312464313
0.00292893587474
0.00211028551876
0.0025040974362
0.00239134452122
0.00238885063991
0.00169182905195
0.00182887708443
0.00162745404373
0.00215498293808
0.00190443883994
0.00221367422829
0.00235098599955
0.00219657156897
0.00166758635286
0.00177485574198
0.00173318503662
0.00200941076014
0.00207162420517
0.00182670312766
0.00185923714669
0.0017492920099
0.00276061042355
0.00171726675802
0.0016326431172
0.00172202883623
0.00231448553138
0.00255687370136
0.00238640163188
0.00206807713678
0.0018624504101
0.00167601917017
0.0018607999674
0.00252679270223
0.00181286896603
0.00203098398586
0.00181399123466
0.00217824176483
0.0018502083297
0.00205920759339
0.00162978907207
0.00167398604564
0.00251982112731
0.0018111838282
0.00210900827484
0.00206311289961
0.001701548225
0.00160422750066
0.00164498008146
0.00185714715864
0.00193359380582
0.00190424082842
0.00172383188179
0.00211401684325
0.00176333894865
0.00192668813271
0.00161607231197
0.00220249894312
0.0016201138924
0.00194691921777
0.00172405916697
0.00213962110087
0.00201029136576
0.00163727550239
0.00179119572154
0.00160803173108
0.00205309137741
0.00168324459738
0.00203969153482
0.00177740101846
0.00228868378045
0.00196702486531
0.00212378818867
0.00218242052641
0.00199187808594
0.00192266466205
0.00229530508203
0.00183450186254
0.00165729961454
0.00200891602709
0.00234062671205
0.0021810308061
0.00177304652049
0.00233235485288
0.00232170729242
0.00188452138827
0.00181503547331
0.00193589403457
0.00179775346286
0.00172034169545
0.00180042879901
0.00216347938877
0.00196178396132
0.00190983786244
0.00169016506532
0.00213851030086
0.00210499760413
0.00234608406026
0.00252745638677
0.00169134745355
0.00203703103495
0.00180635019778
0.00195415117502
0.00223538147356
0.00176175094518
0.00192942310057
0.00166353959682
0.00172394956016
0.00204526670916
0.00245231738314
0.00212925087018
0.00191240782674
0.00197017595288
0.00161186759414
0.0017740825696
0.0020524585394
0.00185341466447
0.00160510341927
0.00217808214864
0.00188858832021
0.00227923463743
0.00208531034008
0.00207480217267
0.00210354000869
0.00235923952084
0.00159945951809
0.0017373358985
0.00261295480057
0.00189186925824
0.00231001579412
0.00215060174017
0.00193540471837
0.00226357935038
0.00198684146391
0.00228428322152
0.00187384631596
0.00197031847732
0.00212123773
0.00197067684367
0.00194441267665
0.00212368397045
0.00183436710964
0.00165529231539
0.00253308723015
0.00174173879618
0.00168978653159
0.0017836033275
0.00201638354844
0.00169938024943
0.00217035122363
0.00206936027785
0.00248657022399
0.00212629633483
0.00207609062267
0.00175340006192
0.00189376713384
0.00201935627846
0.00232138594359
0.00179488313088
0.00261818923841
0.00193573894356
0.00164410644999
0.00208330195944
0.00260507884605
0.00252407556218
0.00242492702023
0.00255113317719
0.00167325072014
0.00159646348092
0.00265550639123
0.0019829129454
0.00191797277247
0.00239834624532
0.00289696109893
0.00229615032554
0.00168398127625
0.00230684800755
0.00182935427948
0.00178202644998
0.00170878110212
0.00194555197024
0.00174006126541
0.00187022221098
0.00171701394939
0.00204427073267
0.00162451488919
0.0016618865415
0.00268498947672
0.00207920958205
0.0023428310293
0.00201505715434
0.00225694903885
0.00258162168021
0.00163838277931
0.00178226897126
0.00230984959418
0.0016823087487
0.00180880336866
0.00211281947404
0.00207059569897
0.0025652916598
0.00188086746457
0.00188001932677
0.0020151550099
0.00171853793242
0.0021407265026
0.0027115192656
0.00175709877504
0.0018191783613
0.00170857824827
0.00241076048849
0.00281749260653
0.00214587939566
0.00159656945658
0.00161876524139
0.00199480577785
0.0020568396691
0.00160613002293
0.00160180279389
0.00221238869173
0.00188151482164
0.00280608422234
0.00170493717902
0.00221052868258
0.00219665491687
0.00229099249007
0.00163877611561
0.00246719316096
0.00224906967532
0.00166751661754
0.00162005560216
0.00263950866728
0.00161945013216
0.00210742535634
0.0018228717296
0.00214335525054
0.00174823338367
0.00278193410105
0.00164576320775
0.00176044144804
0.00202352319542
0.0023403482271
0.002123761064
0.00176697486306
0.00199838744157
0.00187372723973
0.00211640372567
0.00172914994965
0.002290504143
0.00182813864777
0.00177889353254
0.00162632448408
0.0021034352419
0.00219569849618
0.00219015646192
0.00185079733608
0.00204531542918
0.00204824012938
0.00177641422035
0.00229169662468
0.0019248473997
0.00203398910256
0.00167943981257
0.00195166750621
0.00161394900362
0.0016351044007
0.00271147512725
0.00174883813484
0.00175397497766
0.00272174577879
0.00242384333925
0.00182749496239
0.00221807370475
0.00175397858964
0.00163684703185
0.001679378714
0.00169646623219
0.00164810661871
0.0017101273643
0.00180028779497
0.00199278556156
0.00188878084516
0.00282042430631
0.00181447033016
0.00201950400042
0.00162065110224
0.00201846105543
0.00165191961854
0.00201785786423
0.00219892424366
0.00235215877405
0.00184932966219
0.00161497674951
0.00200593378666
0.00171482794071
0.0019891589004
0.00216048167288
0.00163273313064
0.00172820496338
0.00182172339894
0.00222895266278
0.00167915788111
0.00195624837799
0.00169592538366
0.0016705360291
0.00191325329302
0.0025452584895
0.00170052849592
0.00181401882459
0.00198637400032
0.00190714202354
0.00191023432643
0.00177221556895
0.00167029471329
0.00238196447124
0.00181706311664
0.00233178039686
0.00250835264275
0.00273581145584
0.00184844472363
0.00164208687166
0.00184549094705
0.00198949974647
0.00199793042511
0.00209384464667
0.00212670570603
0.00218927231745
0.00166364522804
0.00181717062452
0.00166035810505
0.00168592977588
0.00226011744573
0.00205258284875
0.00160916724867
0.00266671170749
0.00215699331959
0.00168893406098
0.00168944869268
0.00161480769879
0.00164198515701
0.00237169691075
0.00235196701164
0.00234468477559
0.00242848312328
0.0017743665109
0.00161179748055
0.00182477172771
0.0019907654882
0.00208391817168
0.00202147545875
0.00165421254312
0.00190938941922
0.00178600597108
0.00232343061078
0.00170297929445
0.00253302652347
0.00224839599804
0.0017995776539
0.00172806021229
0.00220310971555
0.00271792754208
0.00193976641663
0.00160799320779
0.00221120280973
0.00242097944071
0.00260425395767
0.00174490292854
0.00161729595808
0.00229969204946
0.00180059138533
0.00215856304772
0.00162019624899
0.00256773067546
0.00220710699621
0.00159778839632
0.00239346785121
0.00179321259269
0.00166689942544
0.00196856258648
0.00207075672482
0.00170725237774
0.00201088209706
0.00179930172971
0.00160311662044
0.00206549295335
0.00201227839427
0.00175875930332
0.00223603342568
0.00220375083939
0.00217761483233
0.00166782721047
0.00167275809648
0.00180952913986
0.00190048600744
0.00175476399948
0.00197013443122
0.00209772702022
0.00238204937471
0.00174156932912
0.00188828225709
0.00162615690864
0.0018736645138
0.00290047336052
0.00224354290179
0.00198138013193
0.00247044098038
0.00173392166429
0.00164540525857
0.00209528693809
0.00187288873603
0.00176312738471
0.00163054842487
0.00162503432183
0.00255773167887
0.00224362789738
0.00193042280496
0.00213800572635
0.00205998502374
0.00227947454853
0.00210216821095
0.00160961199569
0.00234000072293
0.00193201817347
0.00241142854915
0.00225271704439
0.00203249178909
0.00230071808246
0.0022527389704
0.0020499941532
0.00170222121406
0.00213616296458
0.00183102115862
0.00248479296218
0.00237147045761
0.0020160027581
0.00179286235866
0.00188892001958
0.00235469231366
0.00163467507663
0.00235754812162
0.00203966462784
0.00170307478416
0.00272196730054
0.00291790088404
0.00162925991393
0.00214784175501
0.002390126808
0.00180388169711
0.00199443593978
0.00240348604319
0.00206520082952
0.00181991058506
0.00170265972616
0.00200491528157
0.00167263108674
0.0020726266562
0.00166860023987
0.00245429214418
0.00234460855169
0.00196729450672
0.00166757790801
0.00179058482221
0.00178431279803
0.00208017493488
0.00161890774873
0.0019514537122
0.00215682730313
0.00253702061129
0.00241289364337
0.00224134724168
0.00188658763939
0.00160063928268
0.00199689858796
0.00198734822202
0.00186320793199
0.00231376133729
0.00189190411544
0.00255337556359
0.00170593466518
0.00170232621269
0.00209953956511
0.00175463204632
0.00168781104961
0.00204300484904
0.00254989240929
0.00211242907658
0.00164271447005
0.00183734895038
0.0016722770398
0.00218550288873
0.00202433177718
