0.00291611397871
0.00159087184472
0.00158206368143
0.0017546463689
0.00221653513891
0.00154666940538
0.002524702314
0.00193114741452
0.00213604634771
0.00183536946108
0.00204484238315
0.00161176349955
0.00156631278385
0.00196765944629
0.00220890587025
0.0016242626849
0.00225899709279
0.00260920251334
0.00222504064513
0.00241124257085
0.00171830994963
0.00188336771427
0.00188527375819
0.00163622121588
0.00182087448854
0.00158148895404
0.00155397106659
0.00234385271146
0.00181940511559
0.0024641588654
0.00343271001743
0.00173121090548
0.00169311392321
0.00162470553472
0.00197732450916
0.00157056327237
0.00193390487404
0.00257247448535
0.00223240068982
0.00169343021559
0.00205268632171
0.00239927412954
0.00199249196597
0.00157166222267
0.00164784861462
0.00178342730366
0.00308152270941
0.00155417449279
0.00158832222306
0.00212081560442
0.00200517870732
0.0018908623565
0.00210011650677
0.00179559471876
0.00321993143153
0.00200956749323
0.00203603251416
0.00186714252478
0.00158699327094
0.00202471949303
0.00161245813475
0.0020126712007
0.00259122841583
0.00155567360582
0.00217497177577
0.0024624213139
0.00201126474367
0.00165687575569
0.00325596708403
0.00155852497839
0.00252091547066
0.00173647026355
0.00157064132595
0.00178236405223
0.0016964503868
0.00180927183959
0.00215179960208
0.0018332545223
0.00158475730514
0.00169667844243
0.00217919542626
0.00246322065086
0.00210294994764
0.00172878087406
0.00189643275784
0.00168017878089
0.0017591444041
0.00210991434521
0.00271437789884
0.00192675021988
0.00163130830956
0.00196443970775
0.00211433418201
0.00199698579786
0.00192670665521
0.00169118573516
0.00168315416155
0.00253974190181
0.00199364224298
0.00193135314556
0.00181162324142
0.00179677760516
0.00234646708436
0.00338271682453
0.00230037907719
0.00178022309699
0.00164521140715
0.00225942441085
0.00154822178286
0.00199078696905
0.00194324818652
0.00284578473975
0.00180455073127
0.00310327479633
0.00200618260865
0.00205362708981
0.0017440134509
0.0016846084582
0.00195589616221
0.00158229746325
0.00167492391849
0.00232125674487
0.00160130521908
0.00166803071833
0.00199570749178
0.00165861234533
0.00261526006149
0.00178137468613
0.00187813625091
0.00215723703985
0.00154793927488
0.00155798261912
0.00210591428808
0.00168761881804
0.00183544298488
0.00164723166988
0.00461470054665
0.00484051953932
0.00170871805605
0.00241810104041
0.00156395610602
0.00233538341182
0.00156103486813
0.00164405773146
0.00188177814251
0.00207215679101
0.00209309567304
0.00268953661496
0.00187056185028
0.00183831559442
0.00155403014695
0.00156469334373
0.00202622210675
0.00221450979903
0.00201309897899
0.00166137459667
0.00217770422504
0.00164168623247
0.00247696091193
0.00156083186824
0.00293272164987
0.00169748013478
0.00170334880718
0.00155460409186
0.0018877235706
0.00158502922361
0.00155628898973
0.00219544180355
0.00220642966209
0.00194044369989
0.0018177241298
0.0017171555744
0.00292113137995
0.00157063477474
0.0016073306397
0.00174017788617
0.00164477294705
0.00194395454863
0.00166642256188
0.00217965927347
0.00172369623497
0.00185373433894
0.00175173286422
0.00163456881953
0.0017029370415
0.00169688114372
0.00227090040136
0.00154095913867
0.00211215563092
0.00193283537674
0.00174540872531
0.00168862655701
0.0017939795984
0.0023618521085
0.00242625023576
0.00277707082451
0.00167901990243
0.00241803125108
0.00171604727595
0.00216075201381
0.00190795041224
0.00186229875161
0.00191659634957
0.00178984067225
0.00160009829188
0.00196719311786
0.00236318645005
0.00154646969406
0.00278059905188
0.00187591919161
0.00206549205354
0.00216958928461
0.00174363704752
0.00196434527477
0.00185474658237
0.00249226918067
0.00177942472332
0.00192232970181
0.00429088073555
0.00273857590517
0.0022044218151
0.00194411187681
0.0016144893387
0.0016028125139
0.00158129768834
0.00178124479282
0.0015736081408
0.00156043975526
0.00238976895587
0.00236730392157
0.00207460523762
0.00181058233708
0.00192823381677
0.00176073980665
0.00209217323041
0.00176488931612
0.00223409552802
0.00181081269339
0.00162937385657
0.00257576268068
0.00194040378972
0.00223469181955
0.001546426493
0.00195708497593
0.00157561235519
0.00193758633291
0.0021141497164
0.00232609655948
0.00265983641256
0.00202059982468
0.00161806084193
0.00321284548598
0.00247968625258
0.00181771003898
0.00195334770066
0.00174283037352
0.0018862881251
0.00226783443262
0.0026096000147
0.00211823996196
0.00187610622509
0.00264639200216
0.00165313303792
0.00203405661872
0.0025509254897
0.00163649723735
0.00156064919734
0.00154117000882
0.00184778744609
0.0019202919788
0.00219812191398
0.00264729263969
0.00156657171785
0.00192758243835
0.00157799468623
0.00235980166008
0.00158325568496
0.00159744675518
0.00178510882059
0.00221541384545
0.00157674683226
0.00235662192003
0.00156938926467
0.00250818852676
0.00201959609159
0.00225964818495
0.0021552310941
0.00170672787468
0.00173064873541
0.00231088748755
0.00157356367524
0.00194394630165
0.00187763503584
0.00161279756793
0.00173530186572
0.00159920489774
0.00157884853998
0.00285033682561
0.00180148203123
0.00159042449019
0.00180597978266
0.00171904571363
0.00187137410997
0.00184712896305
0.0016971693165
0.00159726215937
0.00200521121731
0.00174996281898
0.00160018404278
0.00178184500434
0.00185706731556
0.00196966045872
0.00177808584435
0.00154813267259
0.00238693053401
0.00186891671283
0.00193112213323
0.00261153619951
0.00192238096504
0.00157536928789
0.00189741460914
0.00197341698546
0.00159333529642
0.00156841183579
0.00159476145732
0.00193754121304
0.00162485053387
0.00158692435659
0.0022926508432
0.00171778295812
0.00165072666925
0.00195449760914
0.00171708180165
0.00163100361269
0.00202176717301
0.0016479900629
0.00155252520433
0.00162814801993
0.00173265146077
0.00205151964653
0.00182377991669
0.00198945442833
0.00206091442032
0.00209464631103
0.00156595825157
0.00198292210525
0.00188157035616
0.00183458760815
0.00207674336642
0.00170647807598
0.00169087605458
0.0015779083572
0.00174015282907
0.00222053534147
0.00206790795263
0.00162246976224
0.00170052980228
0.00185472848741
0.00159499481732
0.00167544186938
0.00176587975304
0.00236434966448
0.0023868170378
0.00160474764317
0.0017234003976
0.00166617760158
0.00227032017552
0.00306991058679
0.00264178076604
0.00167520705476
0.0016363696028
0.0016188049868
0.00630366698334
0.00193850529418
0.00164459616316
0.002207478492
0.00169799060482
0.00240078377808
0.00220045481661
0.00189559420161
0.00173191668727
0.00155645971006
0.00197328925305
0.00275919042186
0.00168758556997
0.00163891739448
0.00305324162786
0.00198398682145
0.00185487975497
0.00206500082313
0.00162643173863
0.0017505873979
0.00186991499418
0.00283619052121
0.00156379762002
0.00155924059629
0.00167196430552
0.00241935724798
0.00157459353734
0.00395500317412
0.00179309228708
0.00168561785325
0.00261898199667
0.00187606323879
0.00156681648141
0.00200258223807
0.00174327634524
0.0020452284904
0.00173496964202
0.00207760049526
0.00179064539366
0.00161011435488
0.00239402812418
0.00164614055101
0.00217884749663
0.00168033607619
0.00197842576492
0.00169611309827
0.00202336378661
0.00175884691131
0.00171485812531
0.00168438918189
0.00187506166145
0.00208976161175
0.00164838776916
0.00160684857247
0.00340433255281
0.00540602603249
0.00237068914436
0.00210277616295
0.0015550911329
0.00174974304982
0.00236028113156
0.00369139937194
0.00185703675863
0.00200437890979
0.00230105334877
0.00166015301472
0.00158869010879
0.00287141250866
0.00164969731775
0.00199091351407
0.00164062405902
0.00249647718557
0.00167764510881
0.00158283827042
0.00161442971353
0.00252760188469
0.00157980174191
0.00191299338897
0.00375362584769
0.00256331659273
0.0024250413036
0.00211001135549
0.00168573828495
0.0020634169721
0.00211750396666
0.00192087561771
0.00184218433841
0.00300827906262
0.00197959319941
0.00165530248982
0.00212029281626
0.00185342094058
0.0017803904233
0.00435935443073
0.00229049877884
0.00168030054275
0.00180673695729
0.00201721772795
0.00295502743116
0.0016363429111
0.00171983051742
0.00207693742015
0.00195929815628
0.00160508223237
0.00222573341674
0.00161166879211
0.00183884614439
0.00218510564596
0.00226106430916
0.00179459494025
0.00201714535778
0.00171253586537
0.00189224394328
0.0020986188397
0.00188038914805
0.00177876727118
0.00203762818363
0.00179583935152
0.00160701307707
0.00245142062571
0.00179186529634
0.00155430453091
0.00178383801122
0.00173939777074
0.00168006893163
0.00155103464238
0.00172863715434
0.00297360401899
