0.00170024696234
0.00168133743741
0.00175730242019
0.00185032033036
0.00174368980592
0.0018080417475
0.00244442554635
0.00236852753608
0.00271315341161
0.00174675873156
0.00172723655887
0.0019960540838
0.00253951197603
0.00179504298109
0.00217753536016
0.0024714526348
0.00187491201157
0.00159478317258
0.00214250885491
0.00158302379883
0.0018706082789
0.00162562163068
0.00231770563256
0.00176573031991
0.00156232754064
0.00156976457382
0.00251086314465
0.00213120589112
0.00170705472375
0.0019010919298
0.00226361560171
0.00217954442052
0.00184827658692
0.00238715493472
0.00187371463373
0.00165668813823
0.0016282820702
0.00176518662957
0.00178532879656
0.00188202359626
0.0022149215759
0.00207622487244
0.00209009704453
0.00166582564126
0.00294967073101
0.00180908430405
0.00274316510371
0.00310351175991
0.00163100262048
0.00239606751173
0.00303640110498
0.00229011122769
0.00158572707241
0.00288445930435
0.00177691889817
0.00213862064955
0.00179166645141
0.00158647776732
0.00195241035126
0.00198324017083
0.00164322127633
0.00203240424445
0.00199015037563
0.00199922095566
0.00188120964213
0.00180960410855
0.00162112267816
0.0016406445834
0.00264274911196
0.00165614649823
0.00211461001823
0.00167853174403
0.00172865418296
0.00182410626512
0.00159475568349
0.0018843286252
0.00206473466108
0.00234828580995
0.00166714797109
0.00181092410947
0.00179971107608
0.00269945046515
0.00215489722188
0.00221396928609
0.00164707285963
0.00285888276055
0.00158062947312
0.0016096633872
0.00287999410968
0.00180239567145
0.0018411975826
0.0025236117554
0.00157353683612
0.00240593738417
0.00172175849154
0.00164721229063
0.00235206670526
0.00203458380096
0.00171251547322
0.00176195207866
0.0017034807303
0.00179186244406
0.00160671686897
0.00195680011752
0.00248662432346
0.00163045328135
0.00259292253417
0.00276326230264
0.00166556408596
0.00161430512329
0.00178287237335
0.00181152148718
0.00191894242247
0.00160491605189
0.00259242279774
0.00223023806269
0.00220436323244
0.00207978689046
0.00216568228102
0.00230273772677
0.00171687824348
0.00226998221104
0.00186203691079
0.00318306769642
0.00185781018711
0.00158387121682
0.00200804758874
0.00209940456268
0.00200772657522
0.00222322501948
0.00199031295831
0.00178212129763
0.00194250077089
0.00160914278473
0.00263622839137
0.0017573004178
0.00158504148427
0.00174743717781
0.00246887685886
0.00158912189367
0.00273027212204
0.00175901810833
0.0023106720983
0.00164132486762
0.00175142087651
0.00171097898176
0.00189434811642
0.00186391282826
0.00188168443103
0.00241247678996
0.00184433720202
0.00165163957988
0.00214575043871
0.00252057738798
0.0024490185365
0.00225900398432
0.00210999566986
0.00316602002718
0.00214579831836
0.00193019320654
0.00211514770875
0.0018939629828
0.00173653873985
0.00180943785925
0.00160150268286
0.00200140371605
0.00191447908752
0.00160639955252
0.00163788166244
0.00207756658659
0.00177966522304
0.00226559066305
0.00234127804672
0.00241215250189
0.0018055267183
0.00201453289126
0.00200888371302
0.00181649329272
0.00321974679499
0.00182691216705
0.00225027069187
0.00218786634246
0.00251066333609
0.00224828238741
0.00163593092428
0.00166830383245
0.00162188131691
0.00206799013498
0.00207583978668
0.00268657805832
0.00200799252405
0.0016235005959
0.00164255801374
0.00259182803783
0.00232298187592
0.00175839721376
0.00199433900749
0.00172540158164
0.00155755864765
0.00189260473003
0.00166900709295
0.00268104796545
0.00263750343759
0.00205979499075
0.00184820239619
0.00164946128205
0.00187429784696
0.00194892207853
0.00228085828285
0.00183462555174
0.00219035557547
0.00170305648057
0.00215057916685
0.00196056828646
0.00207396330264
0.00161625979645
0.00203074435005
0.00290323549901
0.00185437623284
0.0017772666446
0.00171696880595
0.00247448727152
0.00171248932045
0.00191532495438
0.00208823662034
0.00187691171492
0.0020263393609
0.00193228683006
0.00172783616891
0.00163457519827
0.00174528562979
0.00176391723612
0.00160402564902
0.00170311169613
0.00195525708801
0.00170866495021
0.00260633053606
0.00164637604735
0.00239832636461
0.00275415381884
0.00166892339757
0.00238044135431
0.00178287486872
0.00210587501382
0.00166576167664
0.0017213962736
0.00255021688806
0.00188685421804
0.00207107548873
0.00303926062545
0.00363530373768
0.00167737552754
0.00166662701169
0.00213683133255
0.00182806531083
0.00180178816955
0.00165473432844
0.00186966234445
0.00334530799787
0.00214671605701
0.00193629243676
0.00220910000338
0.00347784856393
0.00156124533092
0.00186994230013
0.00194718070494
0.00192746812324
0.00204746576176
0.00173390876927
0.00157173767028
0.00163998411439
0.00277423785036
0.00269179267869
0.002127527289
0.00158943491861
0.00221859491585
0.00156439047292
0.00211210599906
0.00192792829658
0.00197648913824
0.00194288294166
0.00238463207219
0.00177236611555
0.00162314860306
0.00176214096477
0.00196385529968
0.0015880253627
0.00272076473125
0.00170708656362
0.00363445663084
0.00237702017541
0.0015729099927
0.00195767036072
0.00225540264062
0.00222433957554
0.0021016284204
0.00299459917573
0.00156832281494
0.00288834250456
0.00180044010001
0.00157059527225
0.00223488257071
0.00194683867756
0.00189234538315
0.00186199821259
0.00161393299232
0.00183137605641
0.00246830035617
0.00204088061456
0.00222529890822
0.00159424434804
0.00162300045804
0.00255276492867
0.00196352814147
0.00185877258119
0.00184218332182
0.00157044667513
0.00193109885254
0.00253828902504
0.00165354417
0.00157660056311
0.00189823592682
0.0024591096951
0.00170519019799
0.0021285320391
0.00221044380784
0.00209384851437
0.00207655195192
0.00311577361848
0.00208460940536
0.00176205380152
0.00179602826274
0.00159497623344
0.00253218170476
0.00159477568516
0.00299717122157
0.00165821992925
0.00166979627221
0.00178051333317
0.00166897690727
0.00257989331033
0.00227129544088
0.00170547446663
0.00160699177036
0.00158936182805
0.00184735102801
0.00166514072406
0.00278672382302
0.00167207631442
0.00214978561782
0.00160550343423
0.00167028721586
0.00176922847315
0.0016942777866
0.00187773990112
0.00169433174995
0.00160261863786
0.00155981595741
0.00260919016034
0.00156390691908
0.00201486726126
0.00190847870901
0.0016035568681
0.00172154955065
0.00161215234587
0.00181215893291
0.00183705171369
0.00166822358918
0.00197944069629
0.00178711990361
0.00237755146185
0.00272112766915
0.00213182278471
0.00183400991521
0.00210175591383
0.00165067429233
0.0025104418503
0.00172025425746
0.00174313559121
0.00189314607261
0.0016076338006
0.00191760391144
0.0019613872328
0.00162272207959
0.0015849519311
0.00159165991027
0.00261440267811
0.00216703777646
0.0022260401693
0.00286257221955
0.00204893803675
0.00219237541024
0.00211862175001
0.00184590724724
0.00237509603663
0.00229463987564
0.00196117087939
0.00188347686705
0.00165757462201
0.0018079891599
0.0016482662017
0.00177232298726
0.00244915143695
0.00215873543488
0.00177579471939
0.00165514598894
0.00232085715536
0.00173488073597
0.00189741118913
0.00191980221625
0.00212028239627
0.00166354948443
0.00171196664319
0.00191454491367
0.00189802474178
0.0020132752744
0.00200490784262
0.00332450770186
0.00170919499516
0.00190842214873
0.00194101545354
0.00198591323022
0.0016000984254
0.00165598273474
0.0019078623479
0.00241070868648
0.00201914069354
0.00202984846169
0.00160312007541
0.00169772541932
0.00244884787128
0.00165052816403
0.00202767764307
0.00164620474063
0.00216862854459
0.00199147401933
0.00211747162661
0.00211364145153
0.00169525051625
0.00168976978781
0.00158237095673
0.00170743510681
0.00187435563508
0.00241726942919
0.00177586467452
0.00212412619514
0.00167810530358
0.0019290647604
0.0018988165627
0.00207817675742
0.00228234719276
0.00225925212515
0.00167813969508
0.00182024752483
0.00170720429555
0.00176718677015
0.00213934027121
0.00258770598138
0.00167544632156
0.00216738428761
0.00259982196175
0.00300844426611
0.00175368971969
0.00163919461521
0.00246573110252
0.00176290591857
0.0019471895351
0.00241108834473
0.001676669451
0.00201496924314
0.00170263939736
0.00233576583707
0.00181294065661
0.00301209370117
0.00158510124413
0.00163162773108
0.00189092827741
0.00166953673776
0.00170499103382
0.00206934566382
0.00169307336809
0.00217046188155
0.00166266977795
0.00162077519887
0.0016802996455
0.00189092017074
0.00169340941686
0.00166640465541
0.00182693248653
0.00184367109657
0.00168153540985
0.00245132821022
0.00239734815591
0.00165125806874
0.00162472810577
0.00192604233634
0.00178285304618
0.0027470089814
0.00159207753275
0.00205989994998
