0.00226351505608
0.00167345572566
0.00199859965548
0.00177396824495
0.00213570697359
0.00209093293403
0.00265841591994
0.00186646420726
0.00163359873196
0.00241376978631
0.00184534291486
0.00202379461455
0.00287407393382
0.00209665527125
0.00210091830534
0.00200204514337
0.00195356500676
0.00216111808421
0.00169644393476
0.00172119575489
0.00163624435459
0.00193259066956
0.00205942113537
0.00183129688543
0.00239614854302
0.001687587955
0.00199095586241
0.00255626488457
0.00177910877429
0.00201310891965
0.00193573299336
0.00166302350761
0.00205854337565
0.00199625483655
0.00179219355124
0.00202889159376
0.00194841388655
0.00177043180375
0.00231023267085
0.00184146163478
0.0024287643224
0.00173200239435
0.00247369524376
0.00185950412624
0.00199026790732
0.00159735705264
0.00220375953157
0.00171848196679
0.00257475100019
0.00201383324037
0.00162643167777
0.00204593714864
0.00192831684609
0.00213152871065
0.00161241204157
0.00183403673194
0.00192558237897
0.00170989772234
0.0019240047919
0.00169016020657
0.00187826969779
0.00183921221515
0.00227125170022
0.00243255733256
0.00253951203222
0.00186139423745
0.00212666981182
0.00252590322911
0.00196468021173
0.00172795626439
0.00170190170179
0.00168560588144
0.00264110188489
0.00274365774284
0.00180115494241
0.00184211493652
0.00171892277669
0.0026042144396
0.00175716213854
0.00169285022595
0.00170784370797
0.0022742433296
0.00171665968831
0.00222948499472
0.00220199160326
0.00178203068892
0.00196121414359
0.00163928093323
0.00201458493954
0.00232704721666
0.00181428948711
0.00173176296228
0.0019987008748
0.00186565822334
0.00163472571653
0.00211745001079
0.0016775961436
0.00170356607855
0.0016859260967
0.0020274550456
0.00198796339331
0.00172355443366
0.00180395868027
0.0018488589501
0.00181929540326
0.00256010516237
0.00174901896738
0.0016403716513
0.00163683269032
0.00166869221432
0.00166041780119
0.00215969152804
0.00181399011134
0.00162051858154
0.0018282345634
0.00253173748407
0.00182032903743
0.00168561403564
0.00197351274104
0.00199448257077
0.00160017787728
0.00210779368201
0.00173005900275
0.00182500103449
0.00191204486779
0.00178223044028
0.00219522244336
0.00202724540417
0.00223888369955
0.0021723254887
0.00226383639867
0.001839651131
0.00219681235863
0.00174808960457
0.00186531621575
0.00220768565048
0.00170895325037
0.00181524497683
0.00183942264288
0.0025762500833
0.0025305542267
0.00222335393341
0.00173164401484
0.00254286418219
0.00207524035036
0.00168928218458
0.00193931197545
0.00159745662273
0.00242721531204
0.0022159423616
0.00195899757077
0.00231140057942
0.00200676041168
0.00190755400654
0.00238783288285
0.00166567408346
0.00228993404556
0.00197250233002
0.00211027061669
0.00166476211581
0.00181798509498
0.00210114456822
0.00224683438211
0.00212149301095
0.00179467371497
0.00166229580356
0.00190280457051
0.0018307856932
0.00220358056807
0.00176943911965
0.00189059792381
0.00186737176405
0.00213717852994
0.0018905297906
0.00172990724797
0.00174707383657
0.00189930985274
0.00270461863175
0.00230601418528
0.00206958396618
0.00185634032628
0.00248575583254
0.0021726348963
0.00171930321735
0.00195390989486
0.00239525641546
0.00213628811272
0.00171404783484
0.00168073991441
0.00251196687404
0.00183335668894
0.00212122603408
0.00253085290165
0.00210718026112
0.00197420118217
0.00173544280106
0.00189208984809
0.00177665128849
0.00233875300016
0.00199984445099
0.00275223307323
0.00180268917518
0.0020698542302
0.00164928207467
0.00215512964412
0.00250852743702
0.00176447308488
0.00221876369024
0.00224207413739
0.00191508116714
0.00163758189788
0.00198388740904
0.00188373219076
0.00169290782213
0.0017182127878
0.00189914662377
0.00187071761918
0.00177493302091
0.00254283849271
0.00173902459673
0.00167007711506
0.00182275775947
0.0021102755143
0.0027502727463
0.00211244667559
0.00194641864513
0.00194405646419
0.00206862180756
0.0017148241013
0.00205570633315
0.00207646390374
0.00172910343342
0.00258111007463
0.00185675906666
0.00266928585701
0.00240351717912
0.002415968449
0.0021317143907
0.00194992394471
0.00199398917945
0.00222334869984
0.00233209409342
0.00171307230241
0.00188152282162
0.001674443687
0.0022554478302
0.00265169408897
0.00194322501463
0.00185653135736
0.00188826409577
0.00188392420032
0.00183612586451
0.00255478170028
0.00179286478531
0.00225290411609
0.00189764393371
0.00226830185007
0.00251573732034
0.00179321074142
0.00160516400204
0.00160802931666
0.00213637232798
0.00167739394671
0.00262148155413
0.00229688873752
0.00225008907311
0.00217580109889
0.00236101910318
0.00229944658109
0.0017723288137
0.0018662611889
0.00188792906881
0.00159860397883
0.00172782939915
0.00201095131613
0.00175105670519
0.00249248581068
0.00221713082213
0.00169407310207
0.00185178240572
0.00221827575223
0.00223281461434
0.00266072813674
0.00189062665191
0.00193381781074
0.00232660184487
0.00165686414576
0.00176484082207
0.00184013838866
0.00207090039778
0.00184452028709
0.00205467131549
0.00191280933855
0.00159852798207
0.00245872714861
0.00209962927912
0.00186018544407
0.00229517381023
0.00223914745454
0.00182982468082
0.00192772667376
0.0021836583181
0.0018893244506
0.00211647609638
0.00257068346154
0.00204157081955
0.00216845853197
0.00261583485646
0.00211026263819
0.00165110376599
0.00251032548949
0.00186011225356
0.00170409577372
0.00176169175796
0.00159866421333
0.00263454381846
0.00169109421101
0.0021202794893
0.00196412724443
0.00264996833661
0.00250580163323
0.00174218496139
0.00201057019064
0.00170484810668
0.00196421371275
0.0019707963411
0.00201758193332
0.00218879006551
0.00218789960641
0.00164176391024
0.00183208692601
0.00165650440603
0.00215538250576
0.00242360340152
0.00175037357765
0.00177318627115
0.00164298852418
0.0020912988215
0.00220006200419
0.00197996213592
0.00204891786695
0.00166063469865
0.00204603389937
0.00163325174124
0.00257091940542
0.00229391154476
0.00164310189966
0.00258790869519
0.00164923370125
0.00201430433398
0.00210979302246
0.00180913499545
0.00196867414514
0.00220645667917
0.00247379735056
0.00222963897316
0.00186053471479
0.00177922111798
0.00203692890035
0.00211802633853
0.00167675793201
0.00182341879911
0.00188640538185
0.00185268909344
0.00190606306859
0.0016393071075
0.00204577106837
0.00207297081606
0.00219035387429
0.00213546900838
0.00212713180672
0.00216779895573
0.00228150903396
0.00230088387356
0.00186917380563
0.00160444790148
0.00196624381832
0.00179410988398
0.00190817340148
0.00227056380764
0.00228786394343
0.00200535745453
0.00164266791545
0.00165899123506
0.00212233551747
0.00214376332643
0.00226149571277
0.00166222866483
0.00172062213754
0.00242081111957
0.00224770685813
0.0022683821872
0.00195863814663
0.00180633822358
0.0017196968444
0.00216063613825
0.00162097604592
0.00214647194352
0.00221643916294
0.00175878945878
0.00172511939321
0.00160585735547
0.00160652077024
0.00167164638453
0.00177459815595
0.00178120752247
0.00183318875419
0.00200983360828
0.00190441010353
0.00165813151734
0.00160935286909
0.00195979730573
0.00171430127608
0.00251337445566
0.00207263483704
0.00167132432913
0.00191248685034
0.0027087046855
0.00203731020477
0.00200984710769
0.00172347766071
0.00200895567453
0.00202716047067
0.00267584540011
0.0020667208022
0.00171834412177
0.00197755409736
0.00171553292295
0.0018927748974
0.00172808488175
0.00265234799335
0.00197200856
0.00164403187913
0.00191724575109
0.00236782181623
0.00197975673256
0.00180403980277
0.00177773072934
0.00219151810835
0.00167845518007
0.00198212876924
0.00191738948071
0.00162440168891
0.00162381869174
0.00184487864259
0.00256452502577
0.00227786541979
0.00222891531526
0.00170266441848
0.00224006646618
0.00250545607674
0.0021507380312
0.00170276039611
0.00235405629979
0.00205991999696
0.00210457098283
0.0017838925434
0.00164906893474
0.00187055958508
0.00205390292316
0.00173103568099
0.00159774423397
0.00205385526867
0.00220657185184
0.0024164368404
0.001659097225
0.00165125081608
0.00193239703154
0.00197794695873
0.002154287249
0.00244481999243
0.0016409409893
0.00196703740263
0.00168583232684
0.00226890119633
0.00178148517837
0.0018485207043
0.00196682167077
0.00164131272691
0.00215167698584
0.00227516648609
0.0016902661253
0.00222813564263
0.00205455641306
0.00254439015429
0.00190512581778
0.00267609095451
0.00214966273933
0.00220782687767
0.00189856156288
0.00225590203884
0.00189129616403
0.00189192150928
0.00185691899681
0.00180162099915
0.00183453239798
0.00218927339019
0.00166958398427
0.00197233473211
0.00190111885702
