0.0104351973617
0.00907312384827
0.0106607714922
0.00929829732113
0.0115023790943
0.0117530466562
0.0128332692208
0.0105990984097
0.0105932644271
0.0100266139234
0.00764835117038
0.00841446691361
0.00894714290921
0.0125558597179
0.0106825197263
0.0101824458376
0.0115427608102
0.0114968757534
0.00964631344085
0.012082213573
0.0093404978095
0.00878686384131
0.00796122320512
0.0108241151632
0.0113122758885
0.00796291766023
0.00790899053577
0.00915231413544
0.00867103929462
0.00774136964539
0.00804781896108
0.0103824816832
0.00980611406713
0.0127056551181
0.00976396805096
0.0110557269304
0.0123739360705
0.00912072589125
0.00766795228349
0.0107157469955
0.0131461654554
0.0076966640256
0.00858587264905
0.00877955908525
0.00782866250154
0.00815609312846
0.00903054888754
0.00795895451535
0.0107632814773
0.0105400936801
0.00874360612249
0.011247973447
0.0119995494253
0.00763254385135
0.00908575751502
0.00767325390598
0.00773467963173
0.009745133706
0.00927755461977
0.0109050387715
0.0121130335107
0.0110794723954
0.0115766227396
0.0133567644242
0.00802700928536
0.00816909866299
0.010902366555
0.0110317618824
0.0101697832778
0.0101006220302
0.00825272700111
0.00813838405276
0.0127872323564
0.00781899077789
0.0109679964556
0.0135259133806
0.00769917122208
0.00882018471233
0.0106054780143
0.00782202562628
0.00828958350648
0.0098937253209
0.00925412503176
0.00978223817463
0.0132505339638
0.00772405809389
0.0125896048726
0.0126208924995
0.0105674438419
0.00975331401579
0.0120248513525
0.00826221524429
0.0127274891628
0.00866007212848
0.00911463897677
0.0106647620203
0.00966228355446
0.0144714305186
0.00892446766638
0.0109909004516
