0.00876834795812
0.0113494243372
0.0127491595679
0.00950510858736
0.00781091258981
0.0115907921772
0.0126052192855
0.00804325142806
0.00953673999103
0.0147940425881
0.00781352225854
0.0104828901844
0.0102938834577
0.00920620860281
0.015379086148
0.00931963255762
0.00843421863468
0.00733657510474
0.00911166450816
0.0111380978766
0.00730828076983
0.00748103041119
0.00732287966786
0.00776665307399
0.0109647099331
0.00767935202206
0.00755711232971
0.00762855472362
0.00831312248354
0.0117038252402
0.00742992576676
0.0117416016445
0.010406245469
0.0107319077232
0.00730050576894
0.00872173140659
0.00756412635713
0.007762809664
0.00887048128974
0.0118570841145
0.00803461563682
0.0148201538091
0.0113457217675
0.00760795669625
0.00974623949411
0.0108772617994
0.00734763347511
0.0330601054425
0.0123812679708
0.00996188439189
0.00731186311446
0.00773625283748
0.00926589382043
0.00854179567811
0.0196337047747
0.00888022597994
0.00818722884304
0.00924185196118
0.00748719373669
0.0120409383788
0.00764706408201
0.00728082738629
0.0091278053204
0.0119641012778
0.00895894923022
0.00906306427931
0.00956876699681
0.00825237147686
0.00790122321696
0.00735224399587
0.00759900841645
0.0080336059143
0.0256679047778
0.0074359573724
0.00844960701191
0.0074844031255
0.00748348771124
0.0120153993681
0.00913513634632
0.00776449550616
0.0128261528782
0.015895112325
0.00739418380269
0.0187045638414
0.0110197126243
0.0121258209304
0.00802624709849
0.00838425157268
0.0080494579483
0.0115291953362
0.0104302445558
0.0141004740446
0.00790198963414
0.00761864982189
0.00741239628603
0.00777204697335
0.00771392043455
0.0112988188335
0.00738238894365
0.0113384419908
