0.00773433221251
0.0169358478334
0.00746774540457
0.0083482297778
0.00847006268034
0.00770747270838
0.0165527129014
0.00806287097685
0.0204438160271
0.0105364994444
0.0101561506139
0.0102970601423
0.00814889033483
0.00965846156612
0.00825638619417
0.00745153746698
0.00860787785512
0.010109249455
0.00956964953455
0.0165315484599
0.00767678175469
0.00863932613033
0.00734706661615
0.00735091427936
0.00753382623478
0.0199429705931
0.0116638090234
0.00770049015991
0.00806252922146
0.00899119324454
0.0103849791219
0.0089896005346
0.00810571082083
0.0087988872208
0.00912611400168
0.00898787949946
0.0148197872571
0.0177359208859
0.00888174463108
0.0117418995921
0.00840956967373
0.0105290981379
0.00885679547352
0.00860448964176
0.0130627264049
0.0139631138815
0.0142898004538
0.0109380533331
0.00930558975258
0.00911913153927
0.00750668483501
0.00840633218325
0.00882415325015
0.00801743891661
0.00794331386709
0.00861433767747
0.00997465820107
0.00897425271925
0.0101739658906
0.00821199398271
0.0152934601832
0.00761901007468
0.00859155394136
0.0107082829145
0.00909190666835
0.0112865024585
0.00882966420993
0.0125872748833
0.00788343679763
0.00760957820807
0.0104420148532
0.00906464401195
0.0115311046637
0.00952823506263
0.00782656075672
0.00878033600304
0.00744279849383
0.00862232255863
0.0106564914855
0.010482119957
0.0102103135236
0.00915311371724
0.0115790688167
0.00972624603873
0.00755463844647
0.00737822284367
0.0107692045069
0.00867153883687
0.00977750359825
0.0079086042537
0.0154412600254
0.00780196689477
0.0147908415766
0.00875029430698
0.0085282914751
0.0153459017701
0.00808783339892
0.0109672681546
0.00787807033309
0.00854918706869
