a    b    distance0    NDraws    time    dist_threshold1    
1.79471020619    -0.439970536224    0.888109317821    3    3.49919486046    1.35586574108    
1.9029241782    -0.597900137879    1.05172518093    1    1.14754319191    1.35586574108    
1.78049612155    0.7189921242    1.08700057575    1    1.0867331028    1.35586574108    
0.169137918675    0.433948512804    0.950641402273    1    1.25087189674    1.35586574108    
1.21504216841    -0.0224141708278    0.21702547169    1    1.29738807678    1.35586574108    
0.982575932176    0.737858563683    0.800653800052    3    3.53106689453    1.35586574108    
0.620312767908    0.517250967534    0.67290543785    2    2.45436406136    1.35586574108    
2.00028765511    0.156587648323    1.03005253014    1    0.947453975677    1.35586574108    
0.860986200312    0.0489195868236    0.162783981106    3    2.79107904434    1.35586574108    
1.91888890188    0.0438372502856    0.925246144696    1    1.3114259243    1.35586574108    
1.31799972964    0.132282560621    0.385257155963    5    5.66463494301    1.35586574108    
1.14192015933    -0.573891302802    0.518884715219    3    3.23702907562    1.35586574108    
1.52420412832    -1.16078322424    1.19737072921    1    1.23371291161    1.35586574108    
0.80174682598    1.03669147213    1.11724881622    2    2.61354589462    1.35586574108    
0.0134386175469    -0.202869299508    1.00648017552    2    2.49633789062    1.35586574108    
0.595030778874    0.111893877618    0.439459874737    1    1.16808795929    1.35586574108    
1.08288338856    0.801573947323    0.903893228324    3    3.35939693451    1.35586574108    
2.08909929176    0.0118013367092    1.09373334328    13    15.3534710407    1.35586574108    
1.00928182356    0.502407901876    0.529871540488    2    2.79077076912    1.35586574108    
1.50693710497    -1.28144586429    1.29618970191    1    1.16443490982    1.35586574108    
2.23045544007    -0.100883144719    1.2344291814    5    7.81840395927    1.35586574108    
1.16659239238    -0.239953127783    0.310289219169    2    1.99365592003    1.35586574108    
1.32893344775    -0.798479976517    0.848134214615    9    8.90654015541    1.35586574108    
0.476512346203    0.364921803442    0.67601590808    1    1.13707113266    1.35586574108    
0.649984358798    0.367010091688    0.559444033827    2    2.59753894806    1.35586574108    
0.316526662009    0.79453927634    1.12854683708    1    1.04676699638    1.35586574108    
1.43653693106    1.07368326019    1.21682431421    2    2.14636802673    1.35586574108    
0.798094298284    0.317671247611    0.400544286369    2    2.54233312607    1.35586574108    
2.32064573434    -0.132165704325    1.33067141339    2    2.911039114    1.35586574108    
0.801649374343    -0.609189747082    0.663258355328    2    2.22664880753    1.35586574108    
1.37736148855    -0.748333104373    0.773451315151    1    1.05722999573    1.35586574108    
0.614856786407    -0.802525338491    0.844488454227    1    1.07687687874    1.35586574108    
0.468370805812    -0.905918882081    1.0279347109    2    1.94728112221    1.35586574108    
1.86346397677    0.682991047605    1.16980926343    2    2.01847910881    1.35586574108    
0.162378390198    0.16676480868    0.865014485545    5    7.17277121544    1.35586574108    
0.551852272382    0.0173237053968    0.45907526697    1    1.27151703835    1.35586574108    
0.0331842895218    0.272717158781    1.01476193205    1    1.19355082512    1.35586574108    
1.86126056078    0.189806760941    0.886621230759    1    1.15413880348    1.35586574108    
0.460167447131    0.657884908707    0.848306624705    1    0.993766069412    1.35586574108    
-0.115758778726    0.390316121389    1.20367252367    1    0.949381113052    1.35586574108    
0.531842272545    1.2472765539    1.34445792941    3    3.06179499626    1.35586574108    
0.344428156182    0.140998025404    0.685101473229    1    1.05428600311    1.35586574108    
1.54379889924    0.233899835093    0.685098661293    1    1.5162229538    1.35586574108    
0.0250714294187    0.409844916889    1.07761297931    1    1.38976502419    1.35586574108    
1.075949155    1.05909911156    1.13955389697    1    1.26684188843    1.35586574108    
1.21119809285    0.545686203303    0.661948267259    1    1.23791003227    1.35586574108    
1.37079531281    0.0259556486603    0.380378387198    2    2.69776701927    1.35586574108    
1.04221141988    -0.15085056264    0.0570209502639    4    5.31697916985    1.35586574108    
0.84738099777    -0.914678339244    0.922322704511    4    4.3165910244    1.35586574108    
0.210432251089    -0.891460464573    1.14898229437    2    2.22871899605    1.35586574108    
1.48132300338    1.07390034457    1.23553564259    1    1.34926605225    1.35586574108    
0.454979987275    -0.651674916974    0.819527844226    2    2.90953397751    1.35586574108    
0.452595674354    0.850019523354    1.09020509607    3    5.20950508118    1.35586574108    
0.426041963477    0.582617336336    0.870883015167    3    4.1233549118    1.35586574108    
1.46928433896    0.615606052947    0.805569641953    2    2.23164582253    1.35586574108    
0.667309771612    -0.473724676857    0.557857387867    2    2.40317392349    1.35586574108    
0.534671541856    -0.647216601526    0.746615449754    3    4.18515515327    1.35586574108    
0.60161579921    -0.468372782622    0.530920736145    2    2.24500894547    1.35586574108    
1.95263290143    -0.133958896179    0.957063608546    2    2.65179896355    1.35586574108    
1.85279977724    -0.221419356987    0.865120104771    2    2.43575596809    1.35586574108    
0.642906199932    0.956330413385    1.10553420309    1    1.54736089706    1.35586574108    
-0.339422608933    0.0886659559489    1.34016730818    1    1.82967305183    1.35586574108    
-0.283450674063    -0.294189905966    1.30268242781    1    1.70747613907    1.35586574108    
0.332178348079    0.020432448818    0.680326560132    1    1.40211391449    1.35586574108    
2.18029319104    0.303942650766    1.23796947087    3    4.07980203629    1.35586574108    
0.878635677048    -0.0492489328628    0.132591624848    1    0.964771986008    1.35586574108    
-0.154930845715    -0.22108345595    1.16017049891    1    1.22988796234    1.35586574108    
1.60724068669    -1.15897030899    1.25991244281    4    4.37250804901    1.35586574108    
1.93985682482    -0.982845946639    1.28937039434    3    3.17787194252    1.35586574108    
0.690728891881    -0.586953261288    0.567272819969    8    11.1170330048    1.35586574108    
1.14767113328    -0.861228412778    0.807757994945    3    3.05774688721    1.35586574108    
0.575185298441    0.506260784171    0.676629215126    1    1.0397400856    1.35586574108    
0.426415984033    -0.871760007187    0.996158657271    5    6.51594114304    1.35586574108    
0.542549247725    -0.0606746206771    0.457534514408    6    8.15738201141    1.35586574108    
1.49380775388    1.22052230319    1.34136242248    2    2.31986284256    1.35586574108    
1.83864178522    0.409825197647    0.929964992319    4    4.24552512169    1.35586574108    
0.0473510407448    -1.00668687726    1.31552204999    1    1.45767092705    1.35586574108    
0.412517448923    -0.655073998467    0.825696503882    3    3.60926795006    1.35586574108    
1.90653744269    0.544663063672    1.09348139477    1    1.28614020348    1.35586574108    
0.6400016042    -0.112892179773    0.364191112092    1    1.28864717484    1.35586574108    
0.17306370702    1.09430903285    1.3442366595    1    1.73911595345    1.35586574108    
0.437631740053    -1.03147843595    1.08695196227    3    4.34410595894    1.35586574108    
1.02024084513    -1.05310562458    1.04458215682    1    1.22327494621    1.35586574108    
1.75902005257    -0.0785310923514    0.764173287409    1    1.15109801292    1.35586574108    
0.99968679581    0.158733755919    0.214613494685    2    3.20360207558    1.35586574108    
0.900218705419    0.721890432672    0.809111182833    1    1.25441598892    1.35586574108    
1.70107880716    -0.93677717698    1.13962443855    1    1.39768505096    1.35586574108    
0.540463676144    -0.35955846173    0.553889383294    3    3.60347700119    1.35586574108    
0.606822164875    0.115561931593    0.43145075387    2    2.09715390205    1.35586574108    
1.16430646768    0.47102100213    0.548587635342    1    1.06315517426    1.35586574108    
1.47109887704    -0.240347194215    0.500082241234    3    3.42341804504    1.35586574108    
1.00684410179    0.478605292119    0.501839518905    6    6.20242905617    1.35586574108    
2.27298889596    0.242408265751    1.29652465591    2    0.4949259758    1.35586574108    
1.65357473471    -0.491077483477    0.772521488861    1    0.245852947235    1.35586574108    
0.0331482470782    0.0261771420526    0.972657859727    1    0.245439052582    1.35586574108    
1.87115531811    0.295984270477    0.934776159821    1    0.253236055374    1.35586574108    
0.466832049403    -0.376976832324    0.615432526423    1    0.254456996918    1.35586574108    
1.11176720623    -0.341492047968    0.316008479222    2    0.519462108612    1.35586574108    
2.30709248556    0.0517218473275    1.31214315657    2    2.46749401093    1.35586574108    
0.488621595255    0.00294884077524    0.515197456957    2    1.26246595383    1.35586574108    
