0.0152306115587
0.00768601308271
0.00746622275427
0.00794890864526
0.0118866359494
0.0113389939715
0.00941548800147
0.00838151181924
0.0129618202725
0.00800471602641
0.012144651857
0.00776561739526
0.00914518918091
0.0091003096563
0.0152417026779
0.010987915971
0.00794088701389
0.0117039303885
0.0135916806609
0.008295682156
0.00930687333269
0.00917971228131
0.00899066261832
0.0103559407164
0.00814726342211
0.00754220693083
0.00778582096901
0.0150767436592
0.0126214234472
0.0106583833644
0.00849266090765
0.0165288439356
0.00859461432639
0.00813451712506
0.00845210542464
0.00856096709259
0.00825068485098
0.00795449707726
0.00786519343013
0.0117940275201
0.0075033466897
0.00962459745549
0.0124784150581
0.0086308508513
0.00765974122409
0.00966237219634
0.012285625576
0.0147476627755
0.00992257609607
0.0075450751834
0.00834667471992
0.0106928268803
0.010410492552
0.00881737459742
0.0119576884217
0.0135832158925
0.00772527231733
0.00978267328614
0.0105527752919
0.0110112567222
0.0115945103716
0.00777115810425
0.010383360282
0.00789709359676
0.011226205763
0.00813964391728
0.00813962229197
0.00887064971817
0.00950023350599
0.0119613029316
0.0143636856636
0.0156309203947
0.0147286207264
0.00856207834939
0.00888163928132
0.00761090898137
0.00938385184211
0.00840888539976
0.00908836892061
0.00939120523196
0.00869889109467
0.00846427116627
0.0228856408375
0.00877400794736
0.00963593147247
0.0095589295625
0.00980539485169
0.0113203672344
0.00839513733329
0.00964033027688
0.00900593240054
0.0100126645856
0.00860431510759
0.00753598664552
0.00967193230044
0.0093715194889
0.00918701607243
0.00928945659369
0.0076554980307
0.00748068646533
