0.00793687950446
0.0124682497574
0.00950177504263
0.00905077351418
0.0121895786718
0.00967256493731
0.00847644943834
0.0108261752678
0.00992890255965
0.0149634821835
0.00776957460899
0.0087395796478
0.00792399351358
0.0087597068456
0.0084164690229
0.0110472475221
0.00882326090632
0.0113111022621
0.00867257127541
0.00840198469386
0.00904024555581
0.0080253021065
0.00832424018928
0.00796217268937
0.00767575279354
0.0125994291026
0.00930054927168
0.00892330700519
0.00895258142392
0.011094102548
0.00777788425126
0.00799580831486
0.00860061228844
0.00902634529104
0.0128724488516
0.0124811413819
0.0108331559407
0.0135080874072
0.00854698330236
0.00797568422766
0.00823271556968
0.00828360417495
0.00952507073345
0.00965202470455
0.0112064741179
0.00805740217697
0.0207292256113
0.00955417368041
0.00873946828769
0.00789100808811
0.00829003507373
0.0102136459469
0.00837103476624
0.0131920052184
0.00918587107617
0.00785698998213
0.00873893078965
0.00860406483485
0.00787949714203
0.0109336243117
0.00923801235628
0.0088346190741
0.0117510991544
0.0124363808004
0.00984729350431
0.00875741329762
0.0111385485039
0.00886542702096
0.00951858477094
0.00805777285049
0.0110009047073
0.0103995525865
0.0130867325894
0.0140463508312
0.00851571456497
0.00777341179788
0.00779687242287
0.0105293586506
0.0148018803833
0.00793483399765
0.0141075402343
0.00815437543606
0.00842911439251
0.0093547391406
0.0089618536602
0.0129904678385
0.0110841547629
0.0107234164489
0.011410794801
0.00963291422896
0.00850094743287
0.00844150668157
0.0111376973332
0.0111158161466
0.0118677087053
0.0107334015516
0.0132390001082
0.0116859410534
0.0136782865731
0.0088865381997
