0.00789092775476
0.00887089706442
0.00923630744021
0.00808255500642
0.00965066885937
0.0102889603909
0.00818455746122
0.00859128760716
0.014826986497
0.0113531541894
0.0106978384744
0.0112125347368
0.0126342619885
0.0102952795717
0.0133797480857
0.0112012180366
0.0108936633432
0.0079980316518
0.00801639231865
0.0120041918622
0.0106179462567
0.00947013384059
0.010495355672
0.00820078490035
0.0110897783802
0.0138235462092
0.0105104872258
0.0119539168281
0.00921033578848
0.0136765790159
0.0131917233397
0.00788485191493
0.0126908706993
0.00787421676462
0.00815301158086
0.0134938995873
0.0127080215996
0.00852938747299
0.00790912967171
0.0120812141984
0.0108456420102
0.00786135357245
0.0136672301799
0.00856596879163
0.0106562378564
0.00793099150162
0.0120681166069
0.00985167775208
0.00898628365657
0.00769490047036
0.00833917154611
0.00841739342768
0.00944553995586
0.0144238091589
0.00841957720862
0.00818442495929
0.00827260376912
0.00771354727883
0.00795753825331
0.00834261275868
0.0115003718375
0.0107342340827
0.00820550221067
0.00845533513636
0.00861595365479
0.0100751247066
0.0108534421096
0.0124515385256
0.0088980158842
0.00965810316017
0.00932910003888
0.00865163308591
0.00820472368089
0.015658530197
0.00987509983161
0.0104404321556
0.0103500908936
0.00854036148199
0.011489826576
0.0100481303642
0.0097033346155
0.00816810409508
0.00868815931828
0.0100419807029
0.0109004569865
0.0124594626857
0.0137851213021
0.00902075563314
0.00989451570401
0.0126702593563
0.00804644789125
0.00785384848633
0.00973518107135
0.0079498549129
0.00816225381711
0.00845753429048
0.00775914767863
0.00869893890285
0.0110606908349
0.00838912809947
