0.010428297731
0.00988553569962
0.00800208108088
0.00849773613463
0.008747924838
0.00903495723926
0.00879015283191
0.00881744094973
0.0115548700324
0.00917418825847
0.00880669813319
0.00798071453071
0.0085591571046
0.00789686173984
0.00791330696485
0.0150735576129
0.00789012600334
0.0088303157091
0.0128084689702
0.0119772668421
0.0112564392775
0.0118715323136
0.00925924934631
0.0103424788354
0.0113023039037
0.00832817585739
0.00996389572277
0.00890885242456
0.00893306037818
0.00880421060518
0.00791254211042
0.00947084272421
0.0105681242779
0.00797171911944
0.00838256724057
0.00847652378733
0.0113801611935
0.0101560815147
0.00995314374805
0.0141914220011
0.00937330424579
0.0165468215207
0.00967358490079
0.0120796045795
0.0113965764029
0.00870648137445
0.0115064215839
0.00942699409809
0.00967059288202
0.0110543551812
0.00955952877197
0.00790988705867
0.0128273376451
0.00934157170398
0.00991288348967
0.00912082227111
0.0122988314624
0.0115749097362
0.0104173392117
0.00832460592222
0.00918544968078
0.00858248666829
0.00993840884772
0.00950091033435
0.00873020904168
0.00784868612368
0.0109474280156
0.0106485915473
0.00920257064927
0.00818624593115
0.00875682193923
0.0100136211475
0.0120141879115
0.00924592155775
0.00852935858794
0.00792478675101
0.00956779542961
0.010976611617
0.00943819193651
0.00833323667618
0.0114647859266
0.0110883657127
0.0106762620438
0.00929147340201
0.0138426207061
0.0137779116029
0.00869283320152
0.00823405604014
0.0189231804212
0.0080965002604
0.00829612100941
0.0103338347369
0.0106244644807
0.00797938484939
0.00937568768226
0.00957617822602
0.0105216065151
0.0121061929997
0.0114369966751
0.00926458428301
