0.00781581811817
0.0122762404499
0.00849586539637
0.0102320213719
0.00998398859032
0.00898163656583
0.0170498068913
0.00793853552311
0.00790491844305
0.00844820004222
0.00927098520984
0.0108739396879
0.00785876384644
0.00919121611942
0.00767600964281
0.0120084631186
0.0129102434248
0.00885644915348
0.00932396623755
0.00903983947677
0.0107029153789
0.00881814446657
0.00779666778132
0.00886703596512
0.00987105875488
0.0125382243344
0.00870978026661
0.0120313829808
0.0121672966176
0.0107063946075
0.0108281886764
0.0130882982021
0.0079765328971
0.00804678825775
0.00819206097841
0.00787525256464
0.00868043252514
0.0258205758113
0.00822588903786
0.00794240816651
0.00876209768582
0.0078871319856
0.00806844789238
0.0204731390312
0.00926133811494
0.00980234006169
0.00789538514554
0.00809097898429
0.00803076875557
0.00818274130612
0.00787107765455
0.00763444742435
0.014211974629
0.00841803725451
0.00902278992372
0.0137958236656
0.00879998723428
0.00893101725566
0.00909370128148
0.0113664563266
0.00881912099031
0.00911690601746
0.0079415892425
0.00936780761382
0.0123031520156
0.0102848057736
0.00900197298275
0.008532077334
0.0146443080826
0.00993699456827
0.00991974899193
0.00898074974781
0.0101293701979
0.00839234449072
0.0100061126872
0.00980542568408
0.0120914864435
0.0152498947694
0.00974590849574
0.00995984870477
0.00774401455438
0.00778205089918
0.0124617360428
0.0100678515939
0.0142645312377
0.00788932313328
0.00818986639352
0.00784961955657
0.00966532081698
0.00907763552344
0.0086500965368
0.00929460780844
0.0122489043335
0.00782663645845
0.00999399838738
0.0200514296527
0.00790646322819
0.00773516804932
0.00802417506072
0.00842502870541
