a    b    distance1    NDraws    time       dist_threshold1    
0.661262716624    0.298918614878    0.464651371447    2    0.499806051254    0.499806051254    
0.847843219404    -0.550751969478    0.531203388186    2    0.499806051254    0.499806051254    
0.906831587564    0.523789525673    0.5703908826    2    0.499806051254    0.499806051254    
0.529897619285    0.369839547981    0.610222360076    2    0.499806051254    0.499806051254    
0.803758094903    0.57942159472    0.670695838041    2    0.499806051254    0.499806051254    
1.0325448035    0.615633292004    0.689930508585    2    0.499806051254    0.499806051254    
0.25565820831    -0.300606493472    0.790535200724    2    0.499806051254    0.499806051254    
1.29793597589    0.708899084679    0.849596556449    2    0.499806051254    0.499806051254    
0.101808443652    0.0660084546557    0.905975405005    2    0.499806051254    0.499806051254    
1.80656222396    -0.562553758859    0.956059065232    2    0.499806051254    0.499806051254    
1.00027470059    1.01199212785    1.02877606204    2    0.499806051254    0.499806051254    
2.06916705174    0.359282998861    1.14927048071    2    0.499806051254    0.499806051254    
0.382933390215    -1.04939788838    1.16318586671    2    0.499806051254    0.499806051254    
1.64640169102    0.902373705464    1.17352698127    2    0.499806051254    0.499806051254    
2.15678923284    -0.607610954794    1.27255481695    2    0.499806051254    0.499806051254    
2.32535703556    -0.0485398233778    1.32535558006    2    0.499806051254    0.499806051254    
0.766714678424    1.27046545302    1.38738572523    2    0.499806051254    0.499806051254    
0.278032169152    -1.26913468953    1.42123722635    2    0.499806051254    0.499806051254    
0.66102888816    -1.50467624741    1.4275782416    2    0.499806051254    0.499806051254    
2.07984485215    0.868176429536    1.44959399632    2    0.499806051254    0.499806051254    
1.70923939883    -1.34263581323    1.47582300451    2    0.499806051254    0.499806051254    
2.44213617733    -0.397542870081    1.47676001381    2    0.499806051254    0.499806051254    
1.70775455917    1.33244129904    1.4823687644    2    0.499806051254    0.499806051254    
0.624479322989    1.41391582687    1.5002786271    2    0.499806051254    0.499806051254    
1.72725117651    -1.41700552795    1.54164397362    2    0.499806051254    0.499806051254    
2.52962165158    0.388893226383    1.59714488731    2    0.499806051254    0.499806051254    
-0.571453586966    -0.36166202027    1.60580676233    2    0.499806051254    0.499806051254    
2.6134637186    0.0875394717987    1.6184236083    2    0.499806051254    0.499806051254    
2.52507154163    -0.647007072375    1.6373051836    2    0.499806051254    0.499806051254    
-0.607820591243    -0.479203748913    1.65894426429    2    0.499806051254    0.499806051254    
0.674884544273    1.58375917655    1.66346770949    2    0.499806051254    0.499806051254    
0.175760514816    -1.4886611152    1.66604104747    2    0.499806051254    0.499806051254    
0.628163393174    1.60409060363    1.71049564264    2    0.499806051254    0.499806051254    
2.71010631413    -0.194182967426    1.71676355521    2    0.499806051254    0.499806051254    
2.00319375475    -1.53912790898    1.74371445594    2    0.499806051254    0.499806051254    
-0.699871923394    -0.524070560111    1.76187555725    2    0.499806051254    0.499806051254    
1.35798881599    1.6349826067    1.78198990065    2    0.499806051254    0.499806051254    
-0.671102974935    0.634359094965    1.80397935219    2    0.499806051254    0.499806051254    
1.85705124246    -1.66900061943    1.81344263391    2    0.499806051254    0.499806051254    
2.54100086774    0.961080404475    1.81597310227    2    0.499806051254    0.499806051254    
2.2927081898    -1.33774436787    1.81945768724    2    0.499806051254    0.499806051254    
-0.828692889798    -0.441890184357    1.86740781117    2    0.499806051254    0.499806051254    
2.87306377419    -0.230030415436    1.8757909987    2    0.499806051254    0.499806051254    
1.67935337788    1.75341901994    1.87719906702    2    0.499806051254    0.499806051254    
-0.887612103225    -0.202617767519    1.88867125512    2    0.499806051254    0.499806051254    
1.62653285546    1.77618490255    1.89591161496    2    0.499806051254    0.499806051254    
2.90729501657    0.118974118072    1.91624161749    2    0.499806051254    0.499806051254    
0.543833051676    1.84904584059    1.93017099095    2    0.499806051254    0.499806051254    
2.91193844002    -0.392808166686    1.93820045377    2    0.499806051254    0.499806051254    
1.5826669735    1.84441623931    1.95417166653    2    0.499806051254    0.499806051254    
1.74948550457    -1.82564018489    1.95581514648    2    0.499806051254    0.499806051254    
-0.935549173734    -0.431860896135    1.9559731383    2    0.499806051254    0.499806051254    
1.25148282587    -1.96141132509    1.9674584269    2    0.499806051254    0.499806051254    
2.80293483446    0.785787421491    1.97229279942    2    0.499806051254    0.499806051254    
-0.59788727177    -1.24469237281    2.00126123049    2    0.499806051254    0.499806051254    
2.85833043204    0.71799554    2.01969247433    2    0.499806051254    0.499806051254    
-0.603868044616    -1.31389815166    2.03226583855    2    0.499806051254    0.499806051254    
1.63670100732    1.84946973794    2.03236009725    2    0.499806051254    0.499806051254    
1.40016517975    -2.07344938251    2.03312950507    2    0.499806051254    0.499806051254    
2.88916384448    -0.926106394452    2.0690106269    2    0.499806051254    0.499806051254    
2.91481864191    0.736743868615    2.07659382463    2    0.499806051254    0.499806051254    
1.82021387701    1.83488651619    2.09751639144    2    0.499806051254    0.499806051254    
0.91142199263    2.12829211313    2.12266072111    2    0.499806051254    0.499806051254    
-0.397227253058    -1.75036434396    2.18806256864    2    0.499806051254    0.499806051254    
-0.615419443364    1.44635910522    2.20102655807    2    0.499806051254    0.499806051254    
3.13059698773    -0.621944868852    2.20242890522    2    0.499806051254    0.499806051254    
3.16182148014    -0.615572372817    2.22352793766    2    0.499806051254    0.499806051254    
1.39010047114    -2.26188148276    2.2370246775    2    0.499806051254    0.499806051254    
0.644622420212    2.08498258992    2.24782494689    2    0.499806051254    0.499806051254    
3.21477069706    0.327338964039    2.24913983604    2    0.499806051254    0.499806051254    
3.22153330107    0.339655089799    2.25279475092    2    0.499806051254    0.499806051254    
3.26611522093    0.278779689334    2.2821431624    2    0.499806051254    0.499806051254    
0.733090535201    2.24776979502    2.28659523404    2    0.499806051254    0.499806051254    
1.80940740018    2.0810298573    2.3056045164    2    0.499806051254    0.499806051254    
2.14659734077    -2.0800166443    2.31476801006    2    0.499806051254    0.499806051254    
-1.04988251633    1.0430190926    2.31573798246    2    0.499806051254    0.499806051254    
2.60357757398    -1.79325987533    2.32757878533    2    0.499806051254    0.499806051254    
-1.25819918642    -0.577559515594    2.33295099604    2    0.499806051254    0.499806051254    
2.63723176709    -1.76139025592    2.35515055147    2    0.499806051254    0.499806051254    
1.70843697873    2.08209114183    2.35854292931    2    0.499806051254    0.499806051254    
0.698446454813    -2.40202951384    2.37325116052    2    0.499806051254    0.499806051254    
-0.0469219624118    2.10897108243    2.37872429868    2    0.499806051254    0.499806051254    
2.63933105154    -1.74983008341    2.38010025897    2    0.499806051254    0.499806051254    
3.06205756735    -1.30257367378    2.41073647484    2    0.499806051254    0.499806051254    
3.03475025506    1.21023133664    2.42124368431    2    0.499806051254    0.499806051254    
1.35010233735    2.33908352689    2.43999478855    2    0.499806051254    0.499806051254    
-1.44152241348    -0.235542677332    2.44653451539    2    0.499806051254    0.499806051254    
-0.754419549703    -1.85301125453    2.47884436467    2    0.499806051254    0.499806051254    
-1.02008191197    1.54893738072    2.55763994685    2    0.499806051254    0.499806051254    
3.53089485433    0.374595710347    2.57349249898    2    0.499806051254    0.499806051254    
2.51344580872    -2.15583774531    2.58286713355    2    0.499806051254    0.499806051254    
2.89711533147    -1.86123560067    2.58585573017    2    0.499806051254    0.499806051254    
-1.47185508984    0.61704222782    2.58732394246    2    0.499806051254    0.499806051254    
-1.57347508638    0.40612265734    2.61274058299    2    0.499806051254    0.499806051254    
3.3409007029    1.08923672781    2.63018289003    2    0.499806051254    0.499806051254    
3.6326052145    -0.0786709317886    2.6333826778    2    0.499806051254    0.499806051254    
2.81690597602    1.91415104892    2.64326398773    2    0.499806051254    0.499806051254    
-1.16388032305    -1.60999243385    2.64422204466    2    0.499806051254    0.499806051254    
-1.2874251367    -1.40126825594    2.64798278377    2    0.499806051254    0.499806051254    
-0.858061226042    1.81819571626    2.65144132732    2    0.499806051254    0.499806051254    
