0.00989527651875
0.0109358195891
0.00885416038655
0.00846371310148
0.00989480671493
0.00903757733442
0.0106974011122
0.00891189184438
0.0102984341525
0.00911533452138
0.00828743910593
0.0110434268734
0.00820882625443
0.00861254745257
0.00806733065596
0.00812405190263
0.00975757146709
0.00915510573105
0.0109460329123
0.0130504012188
0.0092558635308
0.0084048704388
0.0101230183096
0.012797717941
0.0131195468232
0.00850217568255
0.0130679406996
0.00834980097253
0.0122528219943
0.00820573275061
0.0101848582662
0.0120348674204
0.00844071329518
0.00827192678758
0.0138941798029
0.00896717922504
0.00915573403651
0.00927911694863
0.0115460988716
0.00812102406061
0.010366248909
0.00812124233853
0.00897177277112
0.00957215798871
0.0113284398923
0.0124128675288
0.0104829445645
0.00939309559571
0.00855759626313
0.00928555656066
0.0140835311078
0.00799159478087
0.00802040489929
0.00904031162122
0.00944091128855
0.0110628915947
0.0106395180082
0.0110464102504
0.0114655175804
0.00933983894457
0.00819412345224
0.00799306553396
0.0103624211157
0.0132298586677
0.00940508198792
0.00882213486298
0.0115517737276
0.0082102246367
0.00912038339992
0.00823881123642
0.00865071785089
0.00803394777224
0.0157952902025
0.00885775973567
0.0166153071933
0.0101259363235
0.00991228108267
0.0129586250328
0.011249340394
0.00890593818888
0.00828068267129
0.00850113727627
0.0114221397269
0.00826303964059
0.00969525375492
0.0122082370986
0.00929081352132
0.00976723082382
0.010857715488
0.00830953896472
0.0112309445878
0.0112150796143
0.00848388250965
0.0109428717354
0.00852989620741
0.0111988750246
0.0106855228007
0.00921565348432
0.0100526149838
0.00966065849214
