0.00899941820584
0.0131110096374
0.00998016503973
0.0113340799977
0.0148040661721
0.0111484117705
0.0090980354534
0.00975207242058
0.00886356404092
0.00976179852962
0.00890620229896
0.00954444201909
0.00873787386002
0.0109518535674
0.00871083445911
0.0115098397751
0.00798884667994
0.0127793632664
0.0122572960301
0.00990368768683
0.0104689114975
0.00889952599499
0.0086137007309
0.0109701654169
0.00920250952032
0.00796275299429
0.0120527505574
0.00903381185296
0.00927564047611
0.00864332357868
0.00859871869365
0.00818919151092
0.0118823217452
0.0088057150345
0.0131093266353
0.0101934838852
0.00832456937488
0.00918029033281
0.00935172102258
0.00903091856132
0.00845081192779
0.0086983893221
0.0100205727786
0.00995905496969
0.00930073344737
0.0101203455564
0.00834133279763
0.0106864013339
0.0114991771355
0.0116729253779
0.00992755644742
0.00853992664995
0.00848734856324
0.00952990310572
0.0123291674227
0.00904410968895
0.00801693475735
0.00907620601879
0.0116070114879
0.00990222326819
0.00823399720016
0.00845866092483
0.00956322408138
0.0108948958071
0.0137357828401
0.0107437807343
0.012730097066
0.0103170291434
0.00814080035869
0.00838156244084
0.0100983038885
0.0128480241979
0.00955495030262
0.0126195761012
0.00992205836802
0.00973436734096
0.00888077689561
0.00861165780819
0.0127756955149
0.0109423588234
0.0112999658897
0.00801983037515
0.00930087329767
0.00877011675885
0.013234077625
0.00926376530144
0.00883905523197
0.0128822258304
0.00854784155067
0.0104234127109
0.0116439594352
0.00801528755981
0.00865928237978
0.0130374532906
0.00856964537563
0.00890748458474
0.0109431284182
0.00949712963552
0.00932744511538
0.00848807741113
