0.00782379234787
0.0146015347637
0.0116384017972
0.0078057002424
0.00977476998676
0.00883358187862
0.0107796682905
0.00861865780907
0.00884186673506
0.00917561920797
0.00956718361107
0.0114612957019
0.00846082098005
0.00960423173603
0.00979241423791
0.0097144133436
0.0097097978659
0.0105700847135
0.00960966615436
0.0135097600666
0.00930468775106
0.00815141571393
0.0141380807593
0.0108527322847
0.00949429414828
0.00932988846312
0.00920190009185
0.00785699913642
0.00846437082892
0.00904650126533
0.0124674279246
0.0152635269823
0.0164962113673
0.0108347081486
0.0081040103005
0.0101112197967
0.012663937144
0.0151778289169
0.0078441620772
0.00988177495612
0.00798873946945
0.00858393800574
0.00921397180032
0.0104136590462
0.00904846427574
0.0125401826609
0.00897060871692
0.00993595675528
0.00847423594678
0.00949659068564
0.0102183841359
0.00898919675861
0.00802934702823
0.0103236485756
0.0129241449139
0.00963202926258
0.00860042146683
0.00794741789376
0.0109057411406
0.00956128330202
0.00958302538813
0.00847704860089
0.00846837418582
0.00977684980185
0.0112517116195
0.0131155411722
0.00914281624267
0.0105302331685
0.00887235781581
0.00870144960081
0.0129297021817
0.00797281795027
0.00810448898683
0.00812477799607
0.0127801934628
0.00962707892852
0.0107791988872
0.00985854743637
0.00823978204984
0.0095770418523
0.0100595584606
0.00903060947467
0.00957804316398
0.0118279397983
0.0105753631552
0.0107289316954
0.0129046910288
0.00881121001325
0.00948031592632
0.0111645302254
0.00879175071819
0.00889683291103
0.00903961253714
0.00784765785205
0.0110734507264
0.00997345949388
0.0093597725272
0.00903101276965
0.0112432604907
0.00829205833546
