0.0236264085333
0.00785819285583
0.0082764962732
0.0073648349011
0.00890648112463
0.00793791370143
0.00868266695074
0.0117513411721
0.00781944849874
0.00828704442348
0.0101766946485
0.00856793553902
0.00944660694905
0.0112047351762
0.0107059337129
0.00845848280769
0.0118056012835
0.00974823570802
0.00816906924397
0.0103655786098
0.00988094212375
0.00885298269746
0.0113133109021
0.00844155007365
0.0089081281529
0.0095555234403
0.00818826411845
0.00749834506913
0.0120035807618
0.00959025182212
0.00817491953411
0.00773301491183
0.00774617771809
0.00751661824615
0.00792259238118
0.00888687524424
0.0307647651337
0.00823102146069
0.0163201739977
0.00749323781081
0.0084692474814
0.0126210206945
0.0122726456359
0.011493473846
0.0111081250972
0.0106635131435
0.00761787010089
0.010255386792
0.0102097630635
0.00798642125319
0.00762893223567
0.0121563233444
0.00951359014037
0.00944804347526
0.00912797962498
0.00761435188285
0.00826594466517
0.00754660898909
0.00923955298887
0.00997374063813
0.0172860965918
0.00762671798865
0.00766854197708
0.00813565866636
0.00801852716881
0.0160344242646
0.00948315710892
0.015760936668
0.00776956050394
0.00784970511752
0.0091299999129
0.0261978785137
0.00749732370168
0.00976920378691
0.0102506685786
0.0132096665147
0.00792192131408
0.00740790239059
0.00905693234706
0.00927000563114
0.00896360601127
0.00790499722627
0.0074343641294
0.0114103422052
0.00839504674833
0.00959574804989
0.00766316580059
0.0102868651769
0.0104631668102
0.00740288208573
0.0112044441704
0.00798072410028
0.00823219847193
0.0137242091107
0.00848306118129
0.00746746471861
0.0111490204868
0.0087571647932
0.0114511368142
0.00929105035545
