0.00816912442904
0.00867799705874
0.00795936865354
0.00889430391194
0.0094086361562
0.0128709291261
0.0116568773037
0.0111613115826
0.00861108432582
0.0120834008691
0.00937647958481
0.00877133343966
0.00969182158473
0.00995574345815
0.00930309401479
0.00977647709705
0.00792167924278
0.00790416881338
0.00871105802488
0.00786764076735
0.010934253445
0.0110067453296
0.0114827628083
0.00999533757691
0.00893451072172
0.00884247516389
0.00901088770341
0.0096427808718
0.00987805182411
0.00823511949656
0.011552790936
0.00935848458309
0.0127846853455
0.00873341312145
0.00869148555782
0.00788104979795
0.0094469547823
0.00854236243238
0.00857678149347
0.00937907375018
0.0100289040578
0.00866173156023
0.0101527400643
0.00857184694137
0.00811189363623
0.0108754714923
0.0137881234425
0.00828229724859
0.00810535890117
0.00813797941756
0.00973724954409
0.00954656684432
0.0125374446432
0.00931896811077
0.00956734675076
0.00862339146754
0.0117173448875
0.0122279757285
0.00825988044455
0.00861469183184
0.0108295817799
0.0117838445601
0.00961089675261
0.0123747924309
0.0116980357602
0.0117879400043
0.00994948929478
0.0112450652676
0.00877256603159
0.0113673301715
0.0103633274384
0.00917997077942
0.0106268866389
0.0106945213817
0.0128738702068
0.00791082759128
0.0101703176982
0.0110000142001
0.00989330522607
0.0118862461798
0.016499231051
0.0108324031496
0.010260841794
0.00858926808128
0.00912625812749
0.010030024673
0.00990321541541
0.00931761056013
0.0101679704502
0.0105285067428
0.01127877204
0.0116403644707
0.00970866136912
0.0100023517526
0.00842831162567
0.0130822954114
0.00805200460997
0.00877112324617
0.0125099910611
0.010702221773
