0.00929856294083
0.00812546212611
0.0119049826861
0.00832639675222
0.00835097801551
0.00821974021193
0.00898146754561
0.00894195845896
0.00907427164078
0.0122132599273
0.0113919051354
0.0105744017952
0.0101742789206
0.0111619072575
0.0140371584265
0.0118139075765
0.00947279151242
0.00886049647803
0.00856749358457
0.00842449847834
0.00830217309245
0.00827931805655
0.0099859105062
0.011091421113
0.00851198379843
0.0116995783513
0.0116823248054
0.00853227677747
0.011296382342
0.0090175722997
0.0111721517218
0.00880692826275
0.0136201539893
0.00900028544729
0.00947689180644
0.00996804069061
0.00832086352944
0.00809597922166
0.00907739862014
0.0094532423066
0.00883062536784
0.0115795386421
0.00890244750032
0.0109144096129
0.00940281986244
0.00852330581186
0.009523382808
0.00933050355469
0.0091887662616
0.00947304049127
0.0108725572229
0.0130160153249
0.00973755064306
0.0104381046563
0.00888229486123
0.00901965712605
0.00984392354947
0.0110093306432
0.0119177891016
0.00953365259891
0.0136508830791
0.00890587762641
0.0120466598717
0.010104061238
0.00848205391543
0.0101535795795
0.0104031783488
0.0113865740005
0.0105531080179
0.00976718283568
0.00864552295694
0.00958160368371
0.0115733227638
0.0116061816896
0.00816698861991
0.00988145637136
0.00858065243753
0.0128743105723
0.0129956551891
0.00862175939819
0.00870225427189
0.00843037705503
0.0113365844668
0.00872411084615
0.0119759560636
0.00870355351209
0.00868002261373
0.00840599267987
0.00849515496689
0.0107958753904
0.00855808479572
0.0101719696327
0.00961067356253
0.013150906983
0.0110747566922
0.0113610927025
0.0111042906686
0.0089021649581
0.0102754872612
0.010313566832
