0.0100953476037
0.0105412059045
0.00809606920176
0.0102589666203
0.00889713912371
0.00822178054022
0.0105201539723
0.00957991053328
0.00953782196033
0.0135927371973
0.0098974639022
0.0086275105334
0.011061525432
0.0088835877008
0.00876354455881
0.00854961539778
0.00889115369742
0.00862703506753
0.0108238487342
0.0112056521639
0.00805147757457
0.0100813035959
0.00824112237845
0.011105641829
0.0107344181973
0.00904640908127
0.00944176720648
0.00937618448621
0.00858513774063
0.00876133295294
0.00906943593225
0.00937031565676
0.00919756762696
0.00896635567355
0.0120360523658
0.00814005663035
0.0128248428267
0.00896306780397
0.0102740936564
0.0105927847024
0.00845161265427
0.0088595014712
0.0134479367561
0.00957061063138
0.00956711158754
0.0101285009676
0.00828259934537
0.010132681544
0.0125790582754
0.0127395040629
0.00838884457078
0.0141587910121
0.00997104892462
0.0119438441387
0.0114559077964
0.00880518372345
0.00809766569151
0.00798865664892
0.00817053199781
0.0104783197133
0.00967996970118
0.0129155266334
0.00925206602916
0.00829910333612
0.00981208891139
0.0101572800084
0.0108267593275
0.0108016540664
0.0107223067053
0.0094713420355
0.00889517266583
0.0108252787873
0.0092074873069
0.00958956426494
0.0117492534022
0.00806831785786
0.0124389448241
0.00848054712956
0.00905023937117
0.00838861533609
0.00871312469774
0.0112063517269
0.0110303104379
0.0124610568247
0.0118789700751
0.0108756599781
0.0170066770262
0.0107096384063
0.0105810678879
0.0103473017997
0.0103713446106
0.0115449893684
0.0102901698989
0.0084739941751
0.00830847968337
0.00860315796217
0.00838793452979
0.00982631329061
0.0100647031643
0.00993788747875
