0.0117440349636
0.00755409980389
0.00995642620066
0.0148038372298
0.0083746928418
0.0139191817092
0.00865382311172
0.00802385694564
0.017295968295
0.0116179710885
0.00760600836336
0.00934148023975
0.00778657989674
0.00778653621425
0.0116781318655
0.0111910811408
0.00869176766858
0.00804622947128
0.0149613889795
0.00954570458055
0.012522927008
0.0126470130969
0.00789627638209
0.00911344442557
0.0102342401179
0.00769986013299
0.015848106019
0.00755235052407
0.0165048690782
0.00799697785466
0.00915316904973
0.0148305094553
0.00822884405094
0.008668433998
0.0110073855646
0.00824152246003
0.00914853600647
0.00984374040619
0.0116859988147
0.0118404926172
0.00864620592395
0.00961503370806
0.0151487514953
0.00857648824348
0.0110137307194
0.0136467193025
0.00867068156529
0.00771881392536
0.0078875482735
0.0113777992591
0.0122739901905
0.00813776428636
0.00908572017258
0.00759330606265
0.016046861841
0.00982500953763
0.0140075969157
0.00877941273837
0.0120131381214
0.0097843844126
0.00805393426419
0.0079236669856
0.0100599035493
0.00785420896537
0.00946345376164
0.0085450975972
0.00895158629052
0.00774048963407
0.0089298133339
0.00822435487604
0.0101269935472
0.00813813153723
0.0105992242319
0.0118422736823
0.0100387110649
0.00805546276158
0.00888872309771
0.0117797205352
0.0082012653235
0.0102552710561
0.0099422866673
0.0103473230203
0.00778356485186
0.0111716488389
0.00928907643177
0.00943307776727
0.00972987293766
0.00957856799157
0.00975263282464
0.00773329541846
0.00774304209781
0.00824336224233
0.00943495428146
0.0102210087806
0.0093176278726
0.00846821223829
0.0140965124418
0.0076554937152
0.00922922794637
0.0080644711712
