a    b    distance0    NDraws    time    dist_threshold1    
1.07337161586    0.177346418281    0.196653374728    2    2.90697288513    0.307618992161    
0.753210662896    0.152260112727    0.29834703451    2    2.60628914833    0.307618992161    
0.908505271094    0.150509445209    0.17488343909    1    1.47817802429    0.307618992161    
0.910470136624    -0.0799998684594    0.132063412258    1    1.2220249176    0.307618992161    
1.1719490015    -0.00271984538267    0.183650179216    1    1.34705209732    0.307618992161    
0.814229570049    0.0902152807597    0.195002363338    3    3.27403116226    0.307618992161    
0.727480524299    -0.0202933983528    0.292190111417    2    2.58108997345    0.307618992161    
0.977996114443    -0.133696874625    0.153206703108    1    1.34898400307    0.307618992161    
0.737706315043    0.040997411577    0.266382898516    2    2.59289503098    0.307618992161    
1.11866644162    0.0566376540487    0.143236306163    1    1.75753688812    0.307618992161    
1.04477577888    0.0240627533085    0.0648880608549    7    7.31364989281    0.307618992161    
1.2196956043    0.0227456662871    0.219893680088    4    4.35424184799    0.307618992161    
0.994660945695    -0.0484050308333    0.0732787276286    1    0.973036050797    0.307618992161    
0.950527428564    -0.107445784111    0.134060090622    1    1.02097296715    0.307618992161    
0.948547939368    0.0651417900801    0.093434913734    2    3.28378891945    0.307618992161    
0.918549707213    0.0685302847861    0.084362681544    1    1.66917896271    0.307618992161    
0.776900361629    0.103675058154    0.222723678861    3    3.75343394279    0.307618992161    
0.994853584506    0.170234131074    0.155473370904    3    4.77974295616    0.307618992161    
1.07612720916    0.220630357413    0.205297214764    2    2.84420204163    0.307618992161    
1.26682737348    0.0787591544951    0.266299165325    2    2.81847214699    0.307618992161    
1.1306937749    0.0487619408158    0.135853127354    1    1.24883699417    0.307618992161    
0.853754085651    0.00384445175361    0.152193237922    1    1.21701097488    0.307618992161    
0.7545498755    -0.0414582721409    0.266030695752    1    1.37284803391    0.307618992161    
1.26464968224    0.0637942274609    0.28615676054    1    1.3730661869    0.307618992161    
1.26641736449    0.085467918481    0.27196006079    3    3.49923086166    0.307618992161    
0.924530281677    0.124686762413    0.122459913532    1    0.895345926285    0.307618992161    
1.26985657507    -0.064207327672    0.273004094194    1    0.832546949387    0.307618992161    
1.0405754687    0.0618516720381    0.0454197514458    2    2.3431930542    0.307618992161    
0.963281642543    0.284429184797    0.256819696621    1    1.47871208191    0.307618992161    
1.03180368875    0.0236072240507    0.0514729305061    4    5.35488319397    0.307618992161    
1.04943601832    -0.193303118276    0.178859106799    2    2.47303891182    0.307618992161    
1.24329147734    -0.061231285027    0.25023333778    1    1.32623410225    0.307618992161    
1.04227172    0.0781831281633    0.0746220550188    1    1.15184593201    0.307618992161    
0.895396083077    -0.0404423005911    0.125902732335    3    3.53531098366    0.307618992161    
1.21924314682    0.199250114078    0.290914224208    1    1.33433294296    0.307618992161    
0.806538039643    -0.00545069181803    0.198294473383    1    1.05926179886    0.307618992161    
1.12421246866    0.047392513267    0.154844803744    1    1.02451586723    0.307618992161    
0.90749624774    0.177555236396    0.227429767205    2    2.67433404922    0.307618992161    
0.804736079158    0.225320243796    0.282403377681    4    4.48583102226    0.307618992161    
0.950187553522    -0.0403771148843    0.131813341064    2    1.88678598404    0.307618992161    
0.752355212413    0.110968579726    0.280467255055    4    4.57248711586    0.307618992161    
0.939434441839    -0.0381583296109    0.0977218214072    1    0.998767852783    0.307618992161    
1.0242056831    -0.126815107804    0.0982571673218    3    3.11514997482    0.307618992161    
0.773346299699    -0.0168529968513    0.230925466502    4    5.19741106033    0.307618992161    
1.22898559561    -0.0185585268059    0.249062419592    1    1.99012994766    0.307618992161    
1.0620822075    0.269478944133    0.282784110368    2    3.31008505821    0.307618992161    
1.19259905494    0.0571976535453    0.21436377927    8    10.381529808    0.307618992161    
1.02043976931    -0.159246420496    0.252989837352    2    2.7606511116    0.307618992161    
0.8594513346    0.0912423519155    0.141088169224    2    3.29762005806    0.307618992161    
0.953374848695    -0.16012769193    0.23289524724    2    2.96064281464    0.307618992161    
1.2532728123    0.159847264281    0.27024776783    5    6.82371997833    0.307618992161    
0.957803980532    0.00284520661914    0.0566081108059    1    1.29060697556    0.307618992161    
0.972152428812    -0.00805469519795    0.0322848046807    2    2.55649399757    0.307618992161    
1.0269385143    0.151415264486    0.0841344296576    1    1.3434150219    0.307618992161    
0.83021478758    0.148107441331    0.182221834392    7    8.02824997902    0.307618992161    
1.21708471305    0.0473744448082    0.218037116165    4    4.485932827    0.307618992161    
1.09909622896    0.195506745607    0.211256455109    1    1.23913097382    0.307618992161    
0.712527440847    0.0465727213578    0.288346607442    2    2.5037548542    0.307618992161    
0.896255869131    0.259174295331    0.203767235034    5    6.7161397934    0.307618992161    
1.08170566267    -0.120613929569    0.195778737829    1    1.23271489143    0.307618992161    
0.880387162287    0.0190021384949    0.123000057093    1    1.12509417534    0.307618992161    
0.936270131179    0.015381089472    0.0712757759166    4    3.99356007576    0.307618992161    
1.17210983641    0.0984037648596    0.21110549056    1    1.00235199928    0.307618992161    
1.2800672506    0.0336850197743    0.282297671484    1    1.03527188301    0.307618992161    
1.14514063042    0.00826775288872    0.147739287036    2    2.90043306351    0.307618992161    
1.03082621081    -0.110031922134    0.192786334945    5    5.02020287514    0.307618992161    
1.17677722024    0.164956880782    0.202934508054    1    1.18648386002    0.307618992161    
0.988115472108    0.084279558818    0.0471680178404    3    4.02399587631    0.307618992161    
1.12546025696    -0.00766865712903    0.146085439498    2    2.53997397423    0.307618992161    
0.91584487361    0.0893752970885    0.126329400067    1    1.49695014954    0.307618992161    
1.00032437772    -0.106065639564    0.107540848108    2    2.48548197746    0.307618992161    
0.978740117843    0.0457667133981    0.0866051715449    2    2.60763692856    0.307618992161    
1.16575062376    0.285755064846    0.282559587345    2    2.44686293602    0.307618992161    
1.10352409817    -0.0171155316507    0.116829917583    1    1.21638393402    0.307618992161    
1.10783095907    0.328568815227    0.256029233974    1    1.10991311073    0.307618992161    
0.847496072022    -0.167189831749    0.174323475309    1    1.14961695671    0.307618992161    
0.76855923671    -0.0546071979218    0.263232577504    1    1.16967988014    0.307618992161    
1.21177620608    0.178458371081    0.28276737557    2    2.84466791153    0.307618992161    
0.796604674426    -0.17846602194    0.276985155019    1    1.54677605629    0.307618992161    
0.846233052333    -0.0776249971025    0.173987153522    5    7.11860203743    0.307618992161    
0.971939301378    -0.0678710893998    0.0504812522274    1    1.17118096352    0.307618992161    
0.929906949543    0.125638955931    0.180915317306    3    2.61882996559    0.307618992161    
0.822803577767    -0.205984370561    0.294017030077    1    0.944841861725    0.307618992161    
0.909219334595    0.0898962576416    0.0978089551471    1    0.604688167572    0.307618992161    
1.09210202557    0.152404685667    0.215005432211    3    4.15776896477    0.307618992161    
0.846859702401    -0.245348948619    0.285212792723    2    2.27514696121    0.307618992161    
1.10827650734    0.102670264104    0.11590671811    2    2.52059388161    0.307618992161    
0.89887610028    0.200192829741    0.137040762295    1    1.27589702606    0.307618992161    
0.754175367403    0.149223811331    0.294455826    3    2.95956683159    0.307618992161    
1.01091931202    -0.0570058101728    0.0605667340766    1    0.786861896515    0.307618992161    
0.85968134176    -0.220900107496    0.254400700148    1    0.776945114136    0.307618992161    
0.810469855107    -0.188943829932    0.258024030309    1    1.6378030777    0.307618992161    
1.00796291157    -0.0843187170675    0.0123583759438    1    1.64448094368    0.307618992161    
1.11569429675    -0.191358165999    0.218159204155    1    1.50517702103    0.307618992161    
0.953051683299    -0.0992413808523    0.134132197554    3    3.9996008873    0.307618992161    
1.09809270271    0.217588039884    0.193289447709    2    1.79455804825    0.307618992161    
1.18313300174    -0.0952440817674    0.20872519286    2    1.39572381973    0.307618992161    
0.854923102451    -0.115020060858    0.224249701453    4    2.5866560936    0.307618992161    
0.831685035239    0.184281332351    0.276036330067    1    1.06556081772    0.307618992161    
1.011570305    0.193212448707    0.15859554854    1    0.866883039474    0.307618992161    
