0.00879938875963
0.00885772156543
0.0091696875964
0.00837953908577
0.00935441403831
0.00917549487295
0.010374868381
0.00821959337938
0.010113192005
0.00841895201895
0.0116906868302
0.0110608980663
0.0100556889591
0.00955837395091
0.00811296108189
0.00802677924652
0.0132045011696
0.00922870216518
0.0111471620655
0.0131702175252
0.00771183224786
0.0126496869527
0.00929765415373
0.0112268590319
0.0106654796884
0.00849013209363
0.00786407208637
0.00943261240421
0.00864057603003
0.00995276498543
0.00867034078666
0.0109267622844
0.00795788702986
0.0100105101213
0.0117906282639
0.012225535949
0.00854665545785
0.00894679323506
0.00946370927847
0.0113758834565
0.0098722811975
0.0101507177292
0.00962721700763
0.00838304030715
0.0077777907179
0.0103137740174
0.0116650528424
0.00893400771873
0.00881321775574
0.0121940028084
0.0143359469125
0.00957129161478
0.00952452653902
0.00958190623703
0.0108946045489
0.00913962236226
0.0112074960355
0.00911714680896
0.0118406799252
0.0129707985444
0.00968900946864
0.00809436718219
0.00900931053034
0.00802584021668
0.00774748374396
0.0113385253548
0.00808883248502
0.0104521804181
0.0104532140568
0.00972511957412
0.00973633117943
0.0102233843175
0.00892847050063
0.0107616149476
0.00837051960901
0.00784062573284
0.00968088549957
0.00853912988534
0.00995609385799
0.0156870722925
0.00775583409479
0.0100760416183
0.0123052719949
0.0109815757934
0.0115912629373
0.00973436764239
0.0114818578542
0.00887991092875
0.00832475178678
0.0084154325243
0.00991898031179
0.00986658391493
0.0130107178619
0.0117734580489
0.0121559881226
0.00962188976783
0.0132988829516
0.00805996568294
0.0114167728153
0.0111021225629
