0.011337782953
0.00796562478023
0.0111048693293
0.0111907747161
0.00750488784448
0.00995542884529
0.00882693657611
0.0132857378062
0.0105025331229
0.00798492443941
0.00917356781095
0.00811346577642
0.00760220911508
0.00930418723595
0.00949419778719
0.00821720996369
0.0143650163241
0.0076312041948
0.00772645950974
0.0157142761741
0.00816817528684
0.0185367582857
0.00798531764795
0.0101963066488
0.00832153957024
0.00874302752924
0.00928160750741
0.00757761861941
0.00810299516583
0.00765604330107
0.00792639631838
0.00987488656999
0.0140695286194
0.00977758075491
0.015742775195
0.0114878055462
0.00951511603441
0.00801330184358
0.00958761694053
0.0122119415638
0.00776702920351
0.0111565616732
0.0090185570733
0.0105983682549
0.00751203597229
0.009818139801
0.00826924947748
0.0173947559118
0.0103757333212
0.010563760919
0.0105751072874
0.00968468581376
0.00795608544623
0.00754360247166
0.00932456735244
0.0123622455547
0.0124216197308
0.013006400269
0.0109520657649
0.0107713699461
0.00803319663332
0.00911274572445
0.00823925155968
0.00870514783118
0.00947789241262
0.00843689767202
0.00789121337938
0.00809624414993
0.0101873797404
0.0107472141034
0.00825726712507
0.00825672425965
0.00843204242251
0.0127842562687
0.0104247270505
0.00956305939274
0.0122508518679
0.00879934041124
0.0113586537751
0.00961678480104
0.0118527326407
0.0144849690973
0.00898809926272
0.0110548114294
0.00875952526263
0.00755687737491
0.00829996511772
0.0129940936175
0.0120264633537
0.0109417675478
0.00889156963331
0.00862200764226
0.0103313361532
0.00800290380914
0.00994161555175
0.0102379605141
0.00823450704568
0.00750460307355
0.0113311388139
0.0144225879793
