0.0086628310845
0.00888458548002
0.00888437917887
0.00785805448832
0.01099005473
0.00942440625584
0.00819081248493
0.0100193549272
0.0109101054668
0.00880390101318
0.00963580965238
0.00976427596771
0.00955055950053
0.0107127085573
0.00941542870543
0.010396877359
0.00832885168982
0.0102841513801
0.010198095148
0.0117055529892
0.0118228163787
0.00877233856799
0.00814192767937
0.0107401437192
0.0124912670658
0.00803688564905
0.0132142550888
0.00850704622059
0.0115589683372
0.00881918038266
0.00906139231014
0.0136129684856
0.0151265310531
0.00796065921191
0.014744285893
0.0123260084977
0.00986988198473
0.00823309668041
0.00955463981402
0.00782616877285
0.00856699479233
0.0139247979629
0.00794788516664
0.0113289592128
0.00892205439795
0.00859308098713
0.0119386185961
0.0121748363
0.0129141399092
0.00786820534835
0.0112708591445
0.00829512136804
0.00831347778054
0.00789348063937
0.00871633414232
0.00840227823393
0.00842458080054
0.0103158733889
0.00929167297527
0.00936166298237
0.00821003137255
0.0108038511973
0.0111413179117
0.00909143656955
0.00833523681226
0.00942881781239
0.00797572684313
0.00776818876636
0.0104962181873
0.0104283275805
0.0091294880059
0.0115799439274
0.00782906551107
0.00977065547879
0.00986465856797
0.0107689529854
0.00819102816093
0.0122946923244
0.00895705367059
0.0101353700581
0.00932581293976
0.00996022328565
0.00964292180386
0.0120333946972
0.0100354368838
0.0120101478314
0.00828439193116
0.00865649528765
0.0114687680775
0.00850080194491
0.0107540884804
0.0126515975583
0.00880274287363
0.010879777894
0.00898853507561
0.0146228123286
0.0106364221636
0.00925801926908
0.0118428475689
0.0119385283804
