0.00968058906881
0.0151882450046
0.00932596413388
0.0100686244073
0.00742272539498
0.0102063179981
0.00824684082189
0.00777214308011
0.0132771929675
0.0084025103332
0.0105490734348
0.0114254546215
0.00893937550977
0.0100885695101
0.00864693240393
0.00812055186569
0.0122511351439
0.00970815051974
0.0101788444343
0.00983147491785
0.0083558954925
0.00752364316454
0.00842962898608
0.0077390089702
0.00902605035976
0.00873239177421
0.016475107883
0.0106286957843
0.0110929613122
0.00737218844955
0.0121400523541
0.00947671075594
0.0076764018084
0.0136896514893
0.0111506648869
0.00891132444154
0.0152046333282
0.00794861934087
0.0117988285317
0.0103315473779
0.0138180757277
0.00758673457861
0.00804024099123
0.00855868008116
0.00763609677774
0.0125679632018
0.00977117125518
0.00947746543503
0.010302183064
0.00864561277343
0.00829710438914
0.00823734097566
0.0112210149632
0.010276391132
0.00798227714349
0.00789754843226
0.010935967793
0.00793003425238
0.0159680253522
0.00972679296357
0.0140628065578
0.00973607754021
0.0085349668168
0.00872905270009
0.00752424812465
0.00761072018922
0.00871877143961
0.0114015593941
0.010302858234
0.00887815804792
0.00980077394806
0.0120491791423
0.00750407973038
0.00948607783835
0.0151832406612
0.0101351863689
0.0116661996806
0.00741585264611
0.00800497752031
0.0109835704342
0.010458613634
0.00829717667701
0.0158001909011
0.0107699047857
0.00835324676782
0.00997737132532
0.00736638946295
0.0110595360606
0.0103816657555
0.00995391708572
0.0213759354911
0.00862520235671
0.00817800062732
0.00823443572486
0.00758842566815
0.00981120686043
0.0125316109482
0.00924621264211
0.00762989009239
0.00872126677224
