0.0136070400402
0.00854047424557
0.0119440800192
0.0105965298903
0.0110692682182
0.0100267240812
0.00912995029726
0.0103136353789
0.00814200847024
0.0126370031397
0.00815664116182
0.00882904114002
0.0106124480305
0.0112975010263
0.00999913692721
0.00898819596514
0.0135587800207
0.0111384067986
0.011481127176
0.0105358337913
0.00839285053351
0.0117106776884
0.00979370412604
0.00871118596764
0.00860499060768
0.00965933718897
0.0091427573285
0.00846706702349
0.00867529552481
0.00909651538965
0.0129392883134
0.00832722480526
0.00849135611219
0.00814116923988
0.0111062099215
0.00831320222893
0.0112879608006
0.0117006507289
0.00825434327815
0.0102527707986
0.00810378863228
0.0081877859065
0.0139575778612
0.0090459019033
0.00954613478209
0.00850521332092
0.00824240142978
0.0095338270333
0.0121689261755
0.0110758778391
0.00886761560224
0.0108318059302
0.0145677712034
0.00826181436623
0.00855137333071
0.00883594854287
0.00972259011811
0.0108658582486
0.00843722164172
0.0157845537789
0.0121592811793
0.0112940961454
0.0103640397654
0.0117305748516
0.0107210360291
0.0118682183056
0.0111315044122
0.00968281165649
0.00898811351311
0.0115891598258
0.0082791599736
0.0107590100639
0.00817602249042
0.00930265065258
0.00813874584553
0.00791899003659
0.00862679485987
0.0100123399926
0.0103991330784
0.0086031033274
0.0096884191336
0.00841932497256
0.0111708416497
0.0118334291271
0.00801333500828
0.00867662997611
0.0121721831739
0.0083779230181
0.00826759660905
0.00919015236764
0.01035881285
0.00808044219031
0.00957506464866
0.00806560939952
0.0115232723869
0.0127477104522
0.0103100895752
0.010766557822
0.0086014114435
0.00965003711917
