0.00741119888671
0.0117115309785
0.00863362317825
0.0199288652337
0.00831355774739
0.0127379016356
0.0086451876209
0.00753938678991
0.00747039027743
0.00923441131874
0.00800690316693
0.00970551037564
0.00755690008808
0.0112158229689
0.0080741678087
0.0113530697901
0.00810121706282
0.0106072685897
0.00995570312283
0.00929546454784
0.0075712255754
0.00993414753675
0.0299651001117
0.00894565508026
0.00749024863221
0.00786046781582
0.0133313815989
0.0113246515536
0.00851859067911
0.0149509823116
0.00757055663532
0.00815335278803
0.00762268313425
0.007985515576
0.00800991148256
0.0116216659689
0.0102525135065
0.0120355151352
0.0114734853129
0.00902407753815
0.016334177838
0.00768886938374
0.007288030731
0.00820698319839
0.0151582985191
0.0100778217825
0.0114106938252
0.00745054435985
0.00851100114482
0.0102193746867
0.00817651331496
0.00980598312827
0.0103849243971
0.00897532236158
0.0101337854641
0.0143829039586
0.0101152090767
0.00796529472049
0.00767375821297
0.0082540762158
0.00771649978579
0.0235125864566
0.0137725724549
0.0131877350017
0.00905575339474
0.00785075509598
0.00725465794513
0.0102966226007
0.0085060419026
0.0106596026808
0.00787716374604
0.00723929722833
0.00997660446872
0.0084980183846
0.0123480481569
0.00889030142332
0.00885459152151
0.0080943403779
0.0133988947507
0.00848865698773
0.0144605995966
0.0081578226529
0.011283867153
0.0150220959539
0.00784822309033
0.00776050509999
0.00905748274127
0.0110146619679
0.00726777972857
0.00817847042539
0.00790313808331
0.0111746607463
0.0106759932528
0.0102280663297
0.00818465381588
0.00729520770372
0.0081529920516
0.00767340875544
0.0077950056165
0.00803324538855
