0.00859135963605
0.0110427264335
0.00782212103737
0.00871117343173
0.00886756121825
0.0073462975515
0.0106566022097
0.0139151003952
0.00830151800611
0.00958101425177
0.00758355512223
0.00828085826584
0.00799930319768
0.00858796754695
0.012172508164
0.00748349547391
0.00753523572237
0.00981989075635
0.00768306956262
0.00751069339095
0.00818493619444
0.0151046305721
0.0124816824603
0.0150296670109
0.0161781636137
0.0105731419003
0.0104678889438
0.00900055051162
0.00884319005552
0.00904403172926
0.00799318940902
0.00762480794495
0.012328583899
0.0124408226128
0.00781766534507
0.00821501352746
0.00815624867079
0.00905566791769
0.00976083574161
0.00819795023237
0.00874442567083
0.0120632328507
0.00799028176324
0.0076156283764
0.0079894529264
0.0114049505443
0.0103280483181
0.00747690910194
0.00869224707927
0.0105979109833
0.0104752747185
0.0114279177391
0.00749232694854
0.0085864593337
0.00884534127255
0.0131280586442
0.0101807426586
0.00888911424694
0.0083790893941
0.00854910377984
0.0164772549309
0.00816121196453
0.0103028045495
0.00915287429245
0.015486926749
0.0113363175331
0.00771667466034
0.0083078450747
0.00812172460832
0.00735705959669
0.00775788709011
0.00775291284416
0.00851914191319
0.0121976359942
0.0073090186895
0.0193714850641
0.0111000203279
0.00854519938016
0.0085497552175
0.0120010608588
0.0150754019435
0.0113288252864
0.00908601531784
0.00831881942347
0.0119083449933
0.00914361886033
0.0192550619408
0.00883631039915
0.0113141038555
0.00926582133247
0.0176387778324
0.00977753171628
0.0129995796937
0.00759128088518
0.00971820981269
0.0122987262368
0.00842807329327
0.0112061959191
0.00843958512027
0.00799766878109
