0.00728384986075
0.0109958732363
0.0144806768714
0.0104953735824
0.00962915332861
0.0129974549459
0.0120231714875
0.0164463255358
0.0123856363552
0.0115617007248
0.00771329674687
0.00781379509529
0.0122646037447
0.0118448555469
0.00901293035093
0.0136100355234
0.00745892405494
0.00885657709584
0.00717252969674
0.00815111677942
0.0113156704155
0.00800276392161
0.0160430890036
0.0121741251283
0.0110509279764
0.0162429557425
0.0107802689157
0.011542702982
0.0149061365444
0.00706697900754
0.0079823769982
0.00949051363145
0.0088079236666
0.00966844174718
0.00986791811069
0.00704048113935
0.00833548492558
0.0107069971093
0.00792728352815
0.0113448143599
0.0131472669397
0.0112034895722
0.00721545609023
0.0177067077962
0.011260248602
0.0100226614494
0.00897057584388
0.0072666507408
0.00954202425048
0.0109752992327
0.00757095073322
0.00903503560454
0.00844480095379
0.00698156093181
0.00771400297993
0.0079977203474
0.0133878742878
0.0156650726745
0.0106082435294
0.00729016792919
0.00821091664724
0.00896870573965
0.00927372211959
0.00708948627856
0.0078699979026
0.0121854514734
0.00865645321783
0.00770071088855
0.008463841747
0.00963483906745
0.00741971414827
0.00990921426994
0.0085736675806
0.0112772145343
0.0103623235802
0.00995885091412
0.0163317005951
0.00840083012638
0.00695246203762
0.00693520817334
0.00764328366909
0.0102506797899
0.00762625080684
0.00837514223343
0.0096991527984
0.0122760597013
0.0153458564885
0.00740736723252
0.00822491697522
0.00702375195485
0.00863625596152
0.00765222515575
0.00795696259192
0.00808720092261
0.0105299628823
0.00759428797388
0.0120247581331
0.0114115357014
0.0083384547638
0.0152190373149
