0.00926715125741
0.00789483260473
0.00748864963359
0.00897358266552
0.00911429495244
0.00742501349368
0.0107401837239
0.0073253990456
0.00731969380172
0.0223088384893
0.00712950200524
0.00812456932358
0.0124867896944
0.0139595403042
0.0104947410676
0.0106913515791
0.00752196650428
0.00766853087319
0.00822212111948
0.015763752985
0.0101934509179
0.00852516386374
0.0157483841386
0.0112623455554
0.00800285532104
0.00754100308223
0.0175343511505
0.00797079661786
0.0104752225857
0.0096199606562
0.0102092116427
0.00715710029741
0.0108611138283
0.00810986086975
0.00763093955336
0.00696623214856
0.00981864260269
0.00711308408855
0.0106152510915
0.00874427519018
0.00948422781958
0.00777467475416
0.015306723364
0.00973905288933
0.00723443923883
0.00984534537901
0.00972689238592
0.00746780199387
0.00912587083706
0.00859204185441
0.00870279451529
0.00777162170991
0.0109064208641
0.00938109021991
0.0167042943045
0.00718556979914
0.00795621817839
0.00875638533007
0.00704661789451
0.00885409011895
0.00699878706644
0.00917593499397
0.00887094390128
0.00791938547953
0.00959465016822
0.00839402295595
0.0129351673304
0.00984906345394
0.00927323284259
0.007750553229
0.00793878319552
0.0133606998309
0.011580894415
0.00790300184859
0.00747245312028
0.0394711282452
0.0106245228608
0.012064655248
0.00702448468402
0.00820532549196
0.0072363311957
0.00923251101069
0.0208237603367
0.00890311407211
0.00776366745787
0.00900481597215
0.00743610685683
0.00920542960884
0.0125117808293
0.00729398829473
0.00777924216085
0.00864698697323
0.00702824998164
0.0150434013445
0.0117928526175
0.00718094469544
0.00873850374686
0.0155939775294
0.0109050856064
0.00988963557044
