0.00869750485487
0.0137537341827
0.0111251775287
0.0175023611809
0.0135198877217
0.00812804762339
0.00805657257599
0.00989673706912
0.00953059300478
0.00920496192273
0.0100491059025
0.0086481316825
0.0118488847636
0.00846418252894
0.00762013411597
0.00985038006484
0.00971748396618
0.0135850080616
0.010955977961
0.00888765756746
0.00975440032254
0.00924675613668
0.00772741745214
0.00781526521065
0.00987663934671
0.0118859527075
0.0149640042149
0.0112607461054
0.0123248897463
0.0121479994192
0.00780933089541
0.015625093737
0.00770707422359
0.0160350395205
0.0143761861065
0.00959952906604
0.00794471337215
0.00757367314351
0.0100001631517
0.00838051302761
0.0088350769441
0.00741714177763
0.0087091491085
0.00740018503428
0.00848786925235
0.0102022529022
0.0127902437591
0.0107465676157
0.00847307163586
0.00864965045209
0.00905727513558
0.0100664342437
0.00748777053079
0.00841037049755
0.0108027093813
0.00762234644255
0.00765582441072
0.00859535810939
0.00946896570486
0.00868905861066
0.0108920050481
0.00865648910015
0.0099640404291
0.0078621676868
0.00895544540058
0.00950898847824
0.0121913067446
0.00748363926942
0.0080984502998
0.0151906621497
0.00830461583389
0.012636467372
0.00983095215639
0.00809189534394
0.0110742143062
0.00746959425328
0.00952085363791
0.0172171451283
0.0110563750185
0.0189197405814
0.00784428822603
0.00880509822029
0.00824036798077
0.00962909418135
0.00921983625377
0.00997629097858
0.0138791452215
0.00892079461648
0.0076727010382
0.00832103802481
0.0109212256972
0.00832276617747
0.00798162818596
0.00926712515611
0.00797491466996
0.0119175452849
0.00942911149127
0.00833159350841
0.00849151480395
0.0112636393103
