0.00844212007336
0.00776519275999
0.00993728057305
0.0131948555209
0.00852225544308
0.00946788006556
0.00808210215874
0.0106978883144
0.00889910468379
0.00975876205209
0.010702855664
0.00864411622861
0.0132919493228
0.0096338911787
0.0117314562281
0.00818192226445
0.00798967687403
0.0105516691719
0.00765321251347
0.00772871278665
0.0131376281938
0.00863865882042
0.00832470542409
0.0117348918481
0.0109737876593
0.0130967785789
0.00891412746032
0.00793145524011
0.0115242195221
0.00825946323314
0.0101562001828
0.00904824055745
0.00788742730749
0.00812794471955
0.00810263030134
0.0102558778692
0.0110381818822
0.01079772921
0.0126898332481
0.00889933130482
0.00806953132112
0.0112715199394
0.0105256161925
0.0135613852339
0.00786781343348
0.0102945358716
0.00867173127669
0.0113647529155
0.00774111542806
0.00912623651222
0.011987757546
0.00845812894372
0.015345517884
0.0101196996251
0.00978752867948
0.0127445458836
0.0126234421843
0.00777179170773
0.00858224241445
0.00933656409226
0.00871246552335
0.00940652991524
0.00787667017618
0.00809329165935
0.0100299051431
0.0164256259281
0.00778454306078
0.0134770192504
0.0125767422723
0.008955993328
0.00835079962637
0.00935138027702
0.0126674307731
0.0086792978045
0.00879411939662
0.0101973404
0.00762381867143
0.0087090479098
0.00856789833383
0.00817552481366
0.00887919612609
0.00784580890101
0.0106422458083
0.00952132976867
0.00786109752775
0.0158164281114
0.00817124206855
0.0116639169171
0.00781831998898
0.0113309774945
0.0163097176012
0.00977664470551
0.00862147719666
0.0139909122334
0.00934602121774
0.00829013273851
0.00787510801291
0.0117312628044
0.0166207086381
0.00776453435029
