0.00799679767759
0.00770040029455
0.00852745100381
0.00836467860446
0.00735081589344
0.0100835513164
0.0141837700587
0.0117256270522
0.00805983706658
0.0103269438728
0.00867033349398
0.00946772406433
0.0121052990765
0.00925586874071
0.00737139130078
0.00789612911533
0.0107222198546
0.0106439513066
0.0120820679022
0.00849362783749
0.00793674776619
0.00798382509994
0.00768303023466
0.0118670700552
0.00809231451631
0.0124367061706
0.00843430306153
0.010781899489
0.00831082355555
0.0127621847507
0.0116587930556
0.0115742340726
0.0114501535428
0.00821089973292
0.007854158711
0.0102894549805
0.0101513537217
0.00963155764744
0.0112546021458
0.00858418455244
0.0110444810737
0.00882987886477
0.0143963342935
0.0113831738447
0.00881377748166
0.0123360272132
0.0123348830105
0.0104939399443
0.0115916192354
0.00904987701377
0.0105372370471
0.00871374802627
0.00783893866902
0.00893147461685
0.0117185087789
0.00742109022694
0.00989822956436
0.0110907047976
0.0139840021882
0.00868833521026
0.0129833875218
0.0153717931582
0.00837040163296
0.0107257628021
0.00821885621541
0.0123039850381
0.00794156252769
0.0132400656898
0.0102849580607
0.00842361796732
0.0111512832067
0.0113263382811
0.00971307524822
0.00911260118546
0.00817641047865
0.0083856698386
0.0120231303945
0.00949746281765
0.00783700331945
0.0126093526305
0.00786967560192
0.0119495137864
0.00977368588314
0.00868250387859
0.0111018648428
0.00885353483636
0.0103067674764
0.0114451793917
0.00911747685041
0.0100196443031
0.010154861877
0.00802764056763
0.00871786342065
0.00735195270928
0.00790730092041
0.0121970846154
0.00858579826257
0.0108781051825
0.0126671877528
0.00962259632924
