0.0102199236799
0.00895291258166
0.0103216475703
0.0104743334289
0.0119198733342
0.0101593436165
0.00997787481232
0.0130779105105
0.00977285960273
0.00951178731804
0.00952549562225
0.00980907836579
0.0128957836577
0.01290235482
0.00983855242248
0.00898293667617
0.009756606221
0.00947359177643
0.00853504564547
0.00824379363848
0.00889839722612
0.00905693218704
0.00922120545659
0.00824773349152
0.00899248760846
0.00837506613243
0.00955847110742
0.0115453453887
0.00944208235918
0.0111307594464
0.00871237321545
0.0107898867266
0.0122057649792
0.00868778400157
0.0103456865977
0.00975244329211
0.00919232019654
0.0106311999413
0.00919396825126
0.00836794753672
0.0100938766302
0.0112905010074
0.0113445599428
0.012187106908
0.00897497609675
0.00864659137946
0.0126675459147
0.0132403066054
0.0121905666208
0.0117559983336
0.0127818397773
0.00865393510556
0.00853725885172
0.00846404335672
0.00821715317065
0.0086740939547
0.00970313508583
0.00835241195959
0.00968875192008
0.00969951194417
0.00872972221757
0.0108612000018
0.00975990989009
0.00904413179868
0.0107259102365
0.0114801895568
0.00887285952245
0.00849324064705
0.00845892354363
0.00931657635576
0.0101868809398
0.00852228761132
0.0105915202622
0.0107967250472
0.00865727970301
0.010530091241
0.00820781547408
0.0115672248542
0.00898242940021
0.0117223034087
0.00944259792084
0.00837998316784
0.0110402373451
0.00825372673895
0.0111825400079
0.00913955219003
0.00937758963409
0.00879878303433
0.00973038138235
0.00926301512614
0.0140022859238
0.00833849927856
0.0107981756229
0.00950815323618
0.0104029682652
0.0120403831325
0.00834078617582
0.0121808012684
0.0111428517142
0.0112657421143
