0.0122114306108
0.00852779249912
0.00779714693747
0.00979539699368
0.00963925886561
0.00853165427696
0.00861133637069
0.00808467156242
0.0131851113483
0.0122068528636
0.00865647718441
0.0078870821332
0.00789879962414
0.00893156735517
0.0113384245014
0.00775475983354
0.00829302680353
0.00792114873447
0.00776679935355
0.0108987379891
0.00847664998611
0.0105175204171
0.00808070889333
0.00788190703176
0.00824695955253
0.00825904753546
0.0154784110723
0.0093097807787
0.0122556758201
0.0107416194421
0.0106777248599
0.00762616293226
0.00934280224155
0.0082649079193
0.00943789346283
0.00887291615123
0.00949452733159
0.00782856146114
0.0104493035438
0.0102673998771
0.00800928685071
0.0089030547799
0.00995483768785
0.00801535253323
0.00791289499318
0.00845602074617
0.00832849605632
0.00906902812327
0.00860539173077
0.00950439088507
0.00907199768381
0.00892086623847
0.00835718230125
0.0082251257079
0.00889840367817
0.0103141065541
0.00983138389011
0.0121741641561
0.0118901547361
0.0105101412454
0.0118614700223
0.011230035919
0.0140291331982
0.0135014089039
0.0138219201132
0.0137699225492
0.00890224282805
0.0128831326276
0.00805945901404
0.00991486401192
0.00807761984728
0.0120971290907
0.00844677101318
0.0142913662676
0.00810139081853
0.0128271203155
0.012543868354
0.0135869110048
0.00974460794929
0.00780189988372
0.0138460577936
0.0110472981847
0.0085895046798
0.012827273627
0.0117541180929
0.00762838677243
0.0124780363307
0.00800799765593
0.0083504970899
0.0107349723626
0.00997966576532
0.00901093726456
0.0133783675372
0.0118473847273
0.0130549390232
0.00921725383978
0.0111597374157
0.00811663061392
0.0102005663111
0.0108778644514
