0.00820531346197
0.00761203547768
0.00897801796821
0.0139377799158
0.0100674937423
0.00993986691417
0.00757207816511
0.0115616378135
0.00915798743821
0.00844068966073
0.0101160351108
0.00826162592524
0.0158553795285
0.00812311911551
0.00968489378254
0.0079784039806
0.0115312875392
0.0111038481494
0.00832092739584
0.00898394205833
0.0113678473648
0.00962689887006
0.0103379910134
0.00888444235502
0.00897427458882
0.0089681441372
0.00938153741046
0.00768209669958
0.00940495502704
0.00991801213448
0.0103841309887
0.0114232496904
0.0109918098377
0.00869004343216
0.0108290738383
0.00767954894939
0.0102871892425
0.0128027572179
0.00955633524754
0.00802031629884
0.0093602001173
0.0111572176625
0.012271571609
0.00881633218292
0.0102882684043
0.0093130098223
0.0103535517524
0.00932616062419
0.0106246195049
0.0145149778496
0.0104987031769
0.00957278811895
0.0089658462345
0.0101680802012
0.0109942111915
0.00896771077117
0.00804102901873
0.00882874925496
0.00877057274682
0.0102596009752
0.00863962507385
0.0105120543572
0.00863969319144
0.00955288185588
0.0167382719691
0.00888638663267
0.0144757275442
0.00945259262137
0.00958485669612
0.010221739238
0.0114523741051
0.00865326144328
0.00963377810564
0.0104565378363
0.00913643391979
0.00968655410727
0.0104112471305
0.00971244210487
0.0103270211523
0.0099935127165
0.0107668090475
0.00928976156418
0.0110669895156
0.00879753476055
0.013219286339
0.011115593517
0.00949535609449
0.010502403427
0.0113736139619
0.0105937889831
0.0130532817374
0.0085425774011
0.00891407489957
0.00993055909521
0.0112241035213
0.00998765314869
0.00765281293224
0.0104905272786
0.00836550220327
0.00771456006354
