a    b    distance0    NDraws    time    dist_threshold1    
0.982865135069    0.0169146509467    0.0152308100393    3    4.18251609802    0.0386570555754    
1.01604672048    0.0282845695013    0.0385663499161    5    7.1328971386    0.0386570555754    
1.01999737251    0.00667098433918    0.0298948722795    1    1.53591012955    0.0386570555754    
0.999620999194    0.0505487249046    0.0233376409558    1    1.11388397217    0.0386570555754    
1.03298818013    0.0751449296705    0.0361444448392    2    2.50152897835    0.0386570555754    
1.02072894766    0.0167855623117    0.0227857157912    3    4.44813895226    0.0386570555754    
1.01039972265    -0.00757502611625    0.0142725771376    2    2.45413398743    0.0386570555754    
1.02730942625    0.0688253802778    0.0332157755577    1    1.27536916733    0.0386570555754    
1.02820465318    0.0584181714442    0.0296554735975    2    3.0139541626    0.0386570555754    
0.961241357594    0.027180741653    0.0365373724019    4    5.43310213089    0.0386570555754    
1.00540630206    -0.0144482982695    0.00941258441087    2    2.34604811668    0.0386570555754    
1.02493961203    0.0500133526892    0.0276747201297    15    18.2089161873    0.0386570555754    
1.00254675457    0.0456674465975    0.00430190250976    3    4.63143706322    0.0386570555754    
0.970429612327    0.0269973424595    0.0270868504757    6    7.25188684464    0.0386570555754    
0.984301653739    0.0162197063152    0.013530022442    1    1.3545229435    0.0386570555754    
0.981325606118    0.0826214960213    0.0282344565214    5    6.48188209534    0.0386570555754    
0.9945735784    0.0399671955882    0.00555000919721    9    13.0353138447    0.0386570555754    
0.987850121    0.0311694708794    0.0126828804484    4    5.25360393524    0.0386570555754    
0.993553971974    -0.00291430545461    0.0131441037862    4    6.28800702095    0.0386570555754    
1.00632108739    0.0369938836697    0.00857135939607    2    3.5890250206    0.0386570555754    
1.00926970862    0.0368120241027    0.0248298393767    1    1.43678808212    0.0386570555754    
0.99447670483    0.0402247456728    0.0167577456961    3    3.25134801865    0.0386570555754    
0.989366343768    0.0396323489318    0.00854573812521    2    2.30383706093    0.0386570555754    
0.970281615186    0.0114320747168    0.0333884425977    3    4.25061702728    0.0386570555754    
0.973304029065    0.044551550638    0.0251563501879    2    2.53754496574    0.0386570555754    
1.01744652591    0.0402902956897    0.0269851686933    3    4.25714206696    0.0386570555754    
0.995513090663    -0.0562351643873    0.0352471126045    5    6.79815793037    0.0386570555754    
0.984689141958    0.0227635946481    0.0203575861423    3    4.96365404129    0.0386570555754    
0.995854647607    0.03672406126    0.0016934919915    5    8.40465307236    0.0386570555754    
0.996548825088    0.0412056780087    0.0023657939152    1    1.89476704597    0.0386570555754    
1.00505473733    -0.00150247699773    0.0384581474859    3    5.19721889496    0.0386570555754    
0.965493476586    0.072840890689    0.0373174645318    3    4.50608611107    0.0386570555754    
0.99900683201    -0.00198491117874    0.00611938895435    2    2.86334395409    0.0386570555754    
0.994806191915    -0.0638079709454    0.0302243699269    4    8.08596587181    0.0386570555754    
1.02559709827    0.0569031556775    0.0308505381139    1    1.7991399765    0.0386570555754    
0.981996527046    0.0782422409722    0.0282462693208    1    1.78662991524    0.0386570555754    
0.991531668606    0.0281790280537    0.016578706246    2    3.45450401306    0.0386570555754    
0.979493433136    -0.0012913420735    0.0381636753105    2    2.9161670208    0.0386570555754    
1.0228525066    0.022073550887    0.0259425878009    9    14.1708400249    0.0386570555754    
1.01283481518    0.0473329912527    0.0192677599006    1    2.04685783386    0.0386570555754    
0.981327922755    -0.0121124822385    0.0219875580085    1    1.45073890686    0.0386570555754    
1.02481219882    0.0766258413635    0.0274122299024    1    1.73953795433    0.0386570555754    
1.02075691101    0.00167796639302    0.0286567742849    1    1.53175997734    0.0386570555754    
0.994565851417    -0.0334435470917    0.027435699895    7    10.0916171074    0.0386570555754    
1.00024230477    0.0486232685003    0.00642137320977    4    7.3480257988    0.0386570555754    
0.990061388113    0.0404459432886    0.00937135939862    9    14.1181669235    0.0386570555754    
0.996685627269    0.0396704603787    0.0123448033934    4    6.28654694557    0.0386570555754    
0.991501999053    0.00106846090208    0.0335923799838    1    1.61571598053    0.0386570555754    
0.96207236735    0.0685943207763    0.0366114811846    1    2.03559494019    0.0386570555754    
1.02213284508    0.0347921944463    0.02336601765    5    7.20182514191    0.0386570555754    
0.966484388631    0.061871518734    0.0360537983946    2    3.09928607941    0.0386570555754    
1.00859878846    -0.0294582354245    0.032909154189    3    4.60633397102    0.0386570555754    
0.987432013567    0.0542791038367    0.0180812450517    4    5.2760720253    0.0386570555754    
0.992805469405    0.0632756664391    0.0126415312998    1    1.01682496071    0.0386570555754    
0.995956654988    0.0456171351394    0.0220067484597    1    1.33676791191    0.0386570555754    
1.01931168785    -0.0246405233938    0.0377657149109    4    5.060587883    0.0386570555754    
1.02733893607    0.04192582056    0.0298250587379    2    2.49527597427    0.0386570555754    
1.00052797314    0.0602164074043    0.0130905558876    2    2.36299777031    0.0386570555754    
0.988642281654    0.0291445011878    0.0170664799273    2    2.3271548748    0.0386570555754    
1.01221066311    0.0599984695315    0.027138840981    1    0.870887041092    0.0386570555754    
1.00018971433    0.0215058770205    0.0106310500037    4    4.6330769062    0.0386570555754    
1.01846596191    0.00821021479922    0.0204040599215    3    3.03213000298    0.0386570555754    
1.0197495119    0.0866516745426    0.0361737993647    11    14.9197800159    0.0386570555754    
1.02268200689    0.137320406676    0.0333859965474    2    2.82689595222    0.0386570555754    
0.972597162521    0.0504685333306    0.026896146553    3    3.77909994125    0.0386570555754    
1.03104173308    0.0469508753835    0.0325843405809    1    1.20642709732    0.0386570555754    
0.98982643709    0.0372146874854    0.0131126718011    3    3.98994803429    0.0386570555754    
1.0157561186    -0.00763587218356    0.027365640252    2    2.53611493111    0.0386570555754    
0.991243929237    -0.0323904064631    0.00688910784488    3    3.2527680397    0.0386570555754    
1.02038149776    0.102749533407    0.02809316202    5    7.58431005478    0.0386570555754    
0.997103755177    -0.00115905196097    0.00436975085268    2    2.38661193848    0.0386570555754    
0.994417253565    0.0302069105702    0.00506215119396    8    13.29774189    0.0386570555754    
0.998578342725    -0.0420871866022    0.0256968038073    2    3.16097402573    0.0386570555754    
0.984354168485    0.0429159412027    0.038359066703    2    2.30004286766    0.0386570555754    
1.0024515458    0.0324117211425    0.0353994343104    7    11.6941361427    0.0386570555754    
1.01360619264    0.033291062438    0.021351002127    2    3.9019510746    0.0386570555754    
0.972538497399    0.0547680404837    0.0338654598645    4    5.83928704262    0.0386570555754    
0.974596404441    0.0757745026235    0.0247791764696    1    1.66517996788    0.0386570555754    
0.979710749914    0.0301346475512    0.0380639799381    2    2.84362196922    0.0386570555754    
1.0265972085    0.0420041569086    0.0328144323587    4    5.9170589447    0.0386570555754    
1.02262384053    -0.0151623068089    0.025021271266    3    4.54736304283    0.0386570555754    
0.993609500085    0.0103177433514    0.0163297095156    1    2.04480981827    0.0386570555754    
0.988465781839    0.0557067590485    0.0327673367852    1    2.05460619926    0.0386570555754    
0.978395122055    0.0144433424075    0.0309891363803    8    11.1523449421    0.0386570555754    
0.978676816596    0.0416270978154    0.0219502884552    3    4.99148583412    0.0386570555754    
0.961518015116    0.0773726492587    0.0375244514418    3    3.71040296555    0.0386570555754    
1.02273407652    0.0269066550393    0.0355296058498    7    11.4638459682    0.0386570555754    
1.01376687114    0.035115030976    0.0383617085186    2    3.99640107155    0.0386570555754    
1.00972893835    0.0147315654502    0.0231377271261    4    5.60636901855    0.0386570555754    
1.01249801389    -0.0238773917609    0.0209704741115    8    8.77311301231    0.0386570555754    
1.00779555257    0.0341458925972    0.0305485912616    1    1.02348089218    0.0386570555754    
0.981498759919    0.0170273996759    0.0178106032959    17    26.7524318695    0.0386570555754    
1.0055767285    0.0372952635932    0.0101354150571    4    4.60547399521    0.0386570555754    
1.0109943977    0.0323131898974    0.0321071098906    3    3.22211790085    0.0386570555754    
1.0121367495    0.0380127416976    0.0250380383621    4    2.47991299629    0.0386570555754    
1.00443653968    0.064915287803    0.011641357428    2    1.26219105721    0.0386570555754    
1.00898538455    0.106215523938    0.0234802487436    7    5.91188001633    0.0386570555754    
1.00600927901    0.0248801905013    0.0116055486946    3    1.77396607399    0.0386570555754    
0.977988738622    0.0471267001932    0.0376925261355    4    4.0206348896    0.0386570555754    
0.994350481377    0.096397871739    0.0332126671529    21    17.4874579906    0.0386570555754    
