0.0153022894411
0.00746652639817
0.00753307058318
0.0109677833042
0.00764331928463
0.00750442364077
0.00951654881426
0.0114700561598
0.00834565905025
0.00981053009712
0.0110714993984
0.0134515468412
0.00881923594472
0.0147744469867
0.00759946016169
0.00763616157238
0.0094928176829
0.0105406574611
0.00886101354545
0.00917608158494
0.0108581596145
0.00897517774851
0.0119088797025
0.00935189776978
0.00802584503677
0.00899142864112
0.0114043092744
0.00846164979403
0.0100086028802
0.0132888245276
0.00927259658719
0.00791867881017
0.0124471158565
0.00807969707195
0.0094034503079
0.0157938847431
0.00943310643259
0.0075353221802
0.0107137043271
0.00796590814749
0.00991645241021
0.010177254685
0.0136733306489
0.00986721070214
0.0135944026249
0.00983248926682
0.00852287116599
0.00800177957853
0.0144765858469
0.009147898497
0.00965758238148
0.00966078527964
0.00894354482528
0.0114982263584
0.015166463071
0.0150686218657
0.00819275244581
0.00746257367422
0.0126658777927
0.00952433694289
0.00882504107971
0.00830389183795
0.00779578834254
0.011306783879
0.00803213020887
0.00788219691759
0.00775661592927
0.00939478271429
0.00751043888326
0.00800652118996
0.0104611293954
0.00758481826081
0.00930325916866
0.010337281889
0.00926908097359
0.0101439404756
0.0106554785315
0.00750680213968
0.0113050495103
0.00787203090069
0.00794184816631
0.00776035699883
0.00866241820625
0.012875603637
0.0114236537017
0.00958371874847
0.012095134729
0.00962812952786
0.0084603170613
0.0109634327709
0.0140201725527
0.0133120519666
0.0103878980405
0.00990999359199
0.0127133384259
0.00994076977987
0.0105604975505
0.00913045276386
0.00958807416762
0.00991666791495
