0.00806917113478
0.0122989049767
0.00770562929301
0.0099030174235
0.0101874448019
0.0104625253077
0.0130385732025
0.0130558363609
0.00797784211952
0.013495424723
0.0093172836952
0.00909680133746
0.0133247777005
0.0103115547534
0.0154818186626
0.0149439982277
0.0100509887906
0.0111879466295
0.0118128857631
0.0110117899183
0.00835077067407
0.00797481808038
0.0131869352515
0.00891692079813
0.00936758736737
0.00923827456437
0.00979743590923
0.0139260719851
0.00778129461417
0.00790828027725
0.00991128701409
0.00779758640067
0.010933633048
0.00861476177832
0.00831823764465
0.00849858297106
0.00983780093822
0.00765583193178
0.010669016255
0.0110756232893
0.00867394295957
0.00935684862698
0.0108174257244
0.00838212214072
0.0110298318146
0.00849500546452
0.00869902076404
0.0113899680472
0.00907435395406
0.0099892544292
0.00767002657968
0.00865110030781
0.0100272896485
0.0129749296029
0.00841514953395
0.00817226653796
0.0118874793891
0.0085009794214
0.00837814821509
0.00784625238627
0.0101916176031
0.00778961515311
0.0133022699162
0.00925902035891
0.00888737814245
0.0179344921214
0.0116180527029
0.00880703461353
0.00911677539435
0.00826552629193
0.0141912545676
0.00913626615717
0.00838017694832
0.0115937080333
0.00958312913623
0.00836911752788
0.0126649055979
0.0102428027201
0.00895693029605
0.0140905277336
0.0077668054881
0.00814224825444
0.00889903982432
0.00895713858543
0.00770935395599
0.00767796119552
0.0104645402922
0.00766568880441
0.00844862300992
0.00799304574967
0.0106707489772
0.0120572781482
0.0112601304598
0.00832643154406
0.00791754184471
0.0140073953733
0.0149265763517
0.00814668243445
0.00777931057856
0.00787649694951
