0.00820810151447
0.00862095909536
0.00873790585376
0.0107136799124
0.0106196695798
0.0109804002184
0.0133346411505
0.00822165991117
0.00819261389121
0.00854549675098
0.00779848619281
0.0112005491352
0.0077851231783
0.0117575041148
0.00948121212752
0.0075474397818
0.00786694164083
0.00949968798039
0.0194370605088
0.00913831099437
0.00860218098247
0.0110902372641
0.0102404545456
0.00773680369939
0.00932636288047
0.0106869464285
0.00984912763365
0.00990118599489
0.0115408582381
0.00881778528821
0.00962548375021
0.00815117497837
0.00794764781118
0.0182504082776
0.00977562062247
0.00817228433568
0.00866822530119
0.0080823970259
0.0091111546785
0.00781370458701
0.00765375490021
0.00784355358276
0.00910807624195
0.00764496834844
0.00793014172874
0.0217777371932
0.00813588610271
0.0144738604169
0.00833619236134
0.00767170831908
0.00938687445187
0.00820223126933
0.0104899633109
0.00787360442221
0.0117793558846
0.0104662783336
0.0134074269715
0.00799929119715
0.00771666667381
0.00787753427022
0.0105619557392
0.00840510791865
0.00871359229152
0.0104913868349
0.00789518201082
0.00755513985363
0.00759381226853
0.007987111941
0.0107250772597
0.0112301653335
0.0083880443663
0.00793269172154
0.0105003911307
0.0174791014691
0.00859305260349
0.0111401854183
0.0133936655052
0.00782437587998
0.014970274108
0.00803137897752
0.00931160977397
0.00875701413281
0.0089940879219
0.0141388914082
0.0109253503898
0.0103271466887
0.00967973846404
0.00834509591789
0.0183323959228
0.00926132399736
0.0110864881292
0.0134449781631
0.0158939881052
0.00840089474238
0.00813969516303
0.0132546633835
0.00794026475759
0.00888666684921
0.00946865411121
0.00914676550954
