0.00790865125535
0.0116378510373
0.0111251043166
0.0106697125262
0.0116330226069
0.0108782224609
0.012665542907
0.0104708233677
0.00902956224208
0.00881786408221
0.00901206358468
0.0113826186681
0.00912115202568
0.0117194895182
0.0139863188501
0.0109485292573
0.00885311889802
0.00837499779231
0.00875176148867
0.0114358785603
0.00992268581267
0.00861471660226
0.00958019284716
0.00951774387172
0.00935117909645
0.0112689346082
0.0114356723241
0.00797950769917
0.0128297164837
0.00870854972129
0.0115112255122
0.00889680102244
0.00905755934056
0.00986252426527
0.00952745024904
0.0130979944603
0.00929299409884
0.00928501222643
0.0112749418418
0.0108437982646
0.00821326973688
0.00957874367653
0.0100518384888
0.0114163217619
0.0107625109787
0.00833092342547
0.00915857278
0.0078580428378
0.014522423258
0.00928285543132
0.0104250810713
0.00846250296836
0.00849092529244
0.00963886277324
0.0132993418821
0.00935478802795
0.0121066149718
0.0113205703082
0.00925324548559
0.00864414192633
0.0081659577757
0.00825558628835
0.00937292535423
0.00821552903979
0.0100746579871
0.00832646298354
0.00988297945328
0.00885034588333
0.0179442753135
0.00995121804546
0.00952149774151
0.0117077754318
0.00839013819868
0.0128838984583
0.0103816921267
0.0106161203015
0.00892689529566
0.0124827262653
0.00992259860056
0.00895645466173
0.00972273388803
0.00865157483299
0.0100244700495
0.00822180715221
0.00796628018058
0.00950337113273
0.00779544606153
0.00942319119616
0.0105251258091
0.00803305396972
0.00899341458927
0.0111165997966
0.00827002436502
0.011478471192
0.00840769615143
0.011870558317
0.00890519488965
0.00934730299518
0.00821498656526
0.0102458987833
