0.00860646009601
0.0160488201417
0.015730246008
0.00767333356395
0.00916628301706
0.00756462057153
0.00772758058431
0.0119994383652
0.0121390170694
0.00773908581371
0.0097253403496
0.00906925746681
0.00820546241564
0.00961745506648
0.00926430990135
0.00932764757908
0.00920757209884
0.00789138835885
0.00970999255697
0.00764325737326
0.00764497814182
0.00770919330585
0.011503094045
0.00973867916746
0.0081293895395
0.0105783297638
0.0107904550087
0.00808891350387
0.00925066773118
0.00980701482383
0.0104108318908
0.0292719859872
0.00997332289024
0.00760563566137
0.00861488468
0.00960559360895
0.00901166230092
0.00766418019746
0.00770481548224
0.00909205793571
0.0119706674462
0.00995124599347
0.0101118312215
0.0210388472893
0.00854578349269
0.00894157489265
0.00934448134899
0.00866543150837
0.0077217182401
0.00771473880573
0.00845870466524
0.0097544563789
0.00754643901995
0.0082344536257
0.00892480830387
0.0155803194544
0.00780398829092
0.0120565830452
0.00839605512353
0.0130072582834
0.00815320401093
0.0103170092778
0.00864997355228
0.0095865949304
0.00775228910668
0.0075574503093
0.00782396435376
0.00989162636155
0.00829040157709
0.0099498020148
0.00751356334879
0.0136474567368
0.0101539149582
0.0152616962953
0.00865931914082
0.0168726828753
0.00939829979413
0.0116225782577
0.00940208828282
0.00785960082869
0.00934312848362
0.0102116682173
0.00785417528549
0.0121539254924
0.0111742648475
0.0177760777731
0.00791394753372
0.00807614240225
0.00920443787724
0.0119401483573
0.00787989098794
0.010196696904
0.0101371891144
0.00943338301257
0.0104133672215
0.00851714188979
0.00903611789102
0.0125721976506
0.00860402302572
0.00917691952547
