0.00907615646736
0.0131882830516
0.00847369461481
0.00799540853792
0.00913172452464
0.00940501072467
0.0147793225087
0.0100191642767
0.00828381411133
0.0098850466044
0.0107604328571
0.00881195305768
0.014130960329
0.0100962021801
0.0136574456217
0.00806284757285
0.0105478549298
0.00840198876685
0.0100562749804
0.00841676858152
0.00959515747259
0.00841914788137
0.0159059620001
0.00992305834681
0.0125661474289
0.00835221817174
0.00844336787517
0.009951193403
0.0106930752698
0.00947984668286
0.00970432434722
0.00945245443204
0.0103822887814
0.0106878242709
0.00888325072739
0.0107402335697
0.0148939415045
0.00896107853176
0.00950510167103
0.00966284623172
0.00820941596515
0.0101768616595
0.00846060178255
0.0100344416338
0.00933611770117
0.00839985232012
0.0095902392471
0.00805585433111
0.00902521278676
0.0099434816667
0.0101299508528
0.0099883917454
0.00925621640153
0.00812952172579
0.00799411793229
0.00824893753849
0.00843345210041
0.00983431952784
0.00919676925951
0.0173693642661
0.0101837200047
0.0121582308585
0.0084905191211
0.00799538334677
0.0117551644481
0.010849925823
0.0121471757021
0.00940552529161
0.00991243671719
0.00974968144296
0.0112971858436
0.0125364527834
0.0085169780281
0.0151783993279
0.0080245787425
0.00808999746984
0.00799634286298
0.00844540495451
0.00843762824514
0.00801602628378
0.0116237366834
0.00809763592468
0.00809685631984
0.0106503010908
0.0128555318641
0.0125701811984
0.00929282537387
0.0127233928934
0.00832379234616
0.010325512219
0.00877675973814
0.0101808508739
0.0094941312229
0.00856197212821
0.0126987706143
0.00845910553308
0.00812225618443
0.0102893051278
0.00977304187415
0.0107012901485
