a    b    distance0    NDraws    time    dist_threshold1    
1.6987888435    -0.132961826569    0.71321771306    1    1.74507284164    0.784220610604    
1.37581530997    -0.00892444600824    0.375005543419    2    2.95293498039    0.784220610604    
0.252436155006    -0.101563368878    0.756493468088    1    1.78441405296    0.784220610604    
1.317335342    -0.304119248216    0.430941859922    2    3.28035306931    0.784220610604    
1.2420695987    -0.259571317767    0.333115633252    1    1.58506298065    0.784220610604    
0.60754043497    0.0486199449348    0.395331923187    5    7.6937110424    0.784220610604    
1.03966995019    0.453061526542    0.426538058372    2    3.16673612595    0.784220610604    
0.417470163321    -0.0108450460119    0.58367929898    2    2.92247414589    0.784220610604    
1.2149133827    -0.098438193474    0.236642370678    2    2.7657392025    0.784220610604    
1.12185880125    -0.0791975877426    0.150121032669    1    1.40627598763    0.784220610604    
0.642029498892    -0.175374989544    0.38668024407    5    5.75346207619    0.784220610604    
0.521250155563    0.272164169632    0.595360840556    4    4.54655003548    0.784220610604    
1.30324356927    0.00339324142809    0.302232322193    6    8.70016717911    0.784220610604    
0.261063720299    -0.0644845529281    0.741649181401    3    4.43577814102    0.784220610604    
0.273690528456    0.294420756683    0.775243331316    1    1.2152261734    0.784220610604    
0.286994020257    0.127433934017    0.72367397268    1    1.22055101395    0.784220610604    
0.811170895918    -0.398495272463    0.410009791543    1    1.33071804047    0.784220610604    
0.873649260056    -0.539696749097    0.534380075122    1    1.1754090786    0.784220610604    
1.36738467496    0.194767667501    0.406387982891    2    2.17295908928    0.784220610604    
1.0939954318    0.034579593533    0.103549416252    3    3.35945796967    0.784220610604    
1.2318382831    0.377288232552    0.453196181151    1    1.19583296776    0.784220610604    
0.630744615896    0.153909907648    0.410214609221    2    2.92235898972    0.784220610604    
0.343980753469    -0.244419040953    0.697282197546    1    1.4980340004    0.784220610604    
0.608995828299    0.475255759762    0.637727781195    2    3.26042580605    0.784220610604    
0.594719458829    -0.35687040535    0.511221389553    5    6.12038397789    0.784220610604    
1.01933280996    0.137051101383    0.231379301892    2    3.01696705818    0.784220610604    
0.269829327587    0.16523215318    0.768220999481    5    7.13905692101    0.784220610604    
1.19789118643    -0.483495877696    0.493353814109    2    2.74346804619    0.784220610604    
0.848492936833    -0.533354804443    0.499544971926    1    1.37163901329    0.784220610604    
1.20349896582    0.406685111517    0.426983838872    1    1.18449306488    0.784220610604    
0.512319088419    0.100519101527    0.498284241391    1    1.08411979675    0.784220610604    
1.10086243391    -0.722220507912    0.641122025406    1    1.33970808983    0.784220610604    
1.65930948152    0.116528401604    0.667127273475    1    1.41833090782    0.784220610604    
0.251346586891    -0.196159456392    0.767676118898    1    1.60592103004    0.784220610604    
0.354235128157    0.236103107162    0.697124875261    3    4.53321886063    0.784220610604    
0.538765682143    -0.572217765894    0.771787135113    1    1.64382505417    0.784220610604    
0.939505997441    0.458610095463    0.465624762158    1    1.63316702843    0.784220610604    
0.806123036888    -0.227744729497    0.297818138171    1    1.55638504028    0.784220610604    
0.831564958535    -0.560519046015    0.515798789453    1    1.06712293625    0.784220610604    
0.552036227733    -0.159266554421    0.463438396896    1    0.905725002289    0.784220610604    
1.00964458777    -0.571090664832    0.583601275605    3    3.22582387924    0.784220610604    
1.05822344986    0.326269232223    0.312774752454    1    0.918041229248    0.784220610604    
0.832268489441    -0.562020109588    0.562088495653    3    4.49002814293    0.784220610604    
0.575725660493    0.385940999514    0.584005101011    1    1.92340612411    0.784220610604    
1.15561553505    0.0676706614996    0.206390707179    2    2.8315281868    0.784220610604    
1.25662111435    0.00294126827332    0.260557161679    2    2.42053508759    0.784220610604    
0.618962744437    0.700768830724    0.73751728357    5    6.73311710358    0.784220610604    
1.69892567458    0.101434576039    0.719835874446    2    2.30995893478    0.784220610604    
1.5178949928    0.443422541061    0.664839825041    3    4.0237929821    0.784220610604    
1.24912851753    -0.514159437387    0.569668654493    1    1.16295003891    0.784220610604    
1.24813939278    -0.316844160383    0.340488997099    2    2.16498804092    0.784220610604    
1.36505041969    -0.412914101943    0.522139944003    6    6.31316184998    0.784220610604    
1.00656233246    -0.58587246723    0.579269119706    1    1.35379099846    0.784220610604    
1.04462631612    0.0427577447235    0.0468876716974    1    1.29596495628    0.784220610604    
1.58682982248    -0.268720255124    0.626373750358    2    2.1666829586    0.784220610604    
1.1838278777    0.693212838998    0.735517299817    5    6.42306613922    0.784220610604    
1.46550089162    0.236841774072    0.514792077492    2    2.79778814316    0.784220610604    
0.826272117536    -0.79829117959    0.765303431369    2    2.67998504639    0.784220610604    
1.05098998132    0.483348036544    0.519727504778    3    4.12580990791    0.784220610604    
0.660545254567    0.269150639368    0.43553584228    4    3.90098309517    0.784220610604    
1.44648785342    0.031885567043    0.451769269773    2    2.05225586891    0.784220610604    
0.964787450452    -0.0382690252183    0.036499217388    2    3.10077118874    0.784220610604    
1.15217086047    -0.467014065805    0.403264723509    2    3.5539162159    0.784220610604    
0.852203847785    0.190684911203    0.281164020926    5    6.23781609535    0.784220610604    
1.29185417031    -0.40446865971    0.469493348857    3    3.44941496849    0.784220610604    
1.47370804372    -0.179981272216    0.511707859976    1    0.942878007889    0.784220610604    
1.01037864181    0.152728585287    0.179185337682    5    5.11841106415    0.784220610604    
0.739670729052    -0.0799092847305    0.267944726398    1    0.881589889526    0.784220610604    
1.30183208134    -0.141237130371    0.332956859903    1    1.00052785873    0.784220610604    
0.618124474508    -0.306164048686    0.486966661553    1    1.01875805855    0.784220610604    
0.772478765114    -0.45805398202    0.511559200337    1    1.55817294121    0.784220610604    
0.976254400874    0.511449177768    0.517215183231    1    1.12910604477    0.784220610604    
0.735089659337    0.424358690037    0.554641091676    1    2.10237002373    0.784220610604    
1.3596724949    0.322517947229    0.496788041378    1    1.858273983    0.784220610604    
1.53976702801    -0.449551771526    0.698679768509    1    1.64894795418    0.784220610604    
0.74103417463    -0.667265255558    0.702076281062    1    1.56397604942    0.784220610604    
1.4365085886    -0.614332960338    0.706775523648    1    1.24332904816    0.784220610604    
1.17271902898    -0.152974641569    0.197099575    3    4.06910800934    0.784220610604    
1.06171752647    0.137161114068    0.132238227172    2    3.47235584259    0.784220610604    
0.788578920235    -0.123512046868    0.248094215882    1    1.22749590874    0.784220610604    
1.54978913264    -0.495746560726    0.716453316094    4    4.74831008911    0.784220610604    
1.48141183027    0.182180792119    0.523863930928    1    0.862504005432    0.784220610604    
0.507662159983    0.560817525357    0.73670765796    1    0.775572061539    0.784220610604    
1.22761030118    0.203240879573    0.352423581617    2    1.47235393524    0.784220610604    
1.16802301229    0.0702236941696    0.179816077181    2    2.41295599937    0.784220610604    
0.409707933148    -0.0372383834533    0.593068451342    2    2.92611098289    0.784220610604    
0.835327984257    -0.00667829183458    0.164956589935    4    4.585283041    0.784220610604    
1.42314255009    -0.325122547698    0.537602359637    2    1.61096096039    0.784220610604    
0.794921408398    0.233231997062    0.350559649367    3    2.04132294655    0.784220610604    
0.772360026464    -0.384283785811    0.427227366544    1    0.641033887863    0.784220610604    
0.888279307299    -0.437668815291    0.486927324781    1    0.532900094986    0.784220610604    
1.5769241938    -0.458541706623    0.774311263184    3    5.10054802895    0.784220610604    
0.71147107129    0.456556477117    0.500322032448    1    1.25096797943    0.784220610604    
0.351075445717    -0.0125381136672    0.650704484268    1    1.034897089    0.784220610604    
0.909612381434    0.339911649333    0.4063934846    5    4.61526298523    0.784220610604    
0.367049940848    0.266637743804    0.69174831861    1    0.798321962357    0.784220610604    
0.26786809282    -0.112686292036    0.750164903811    1    0.68818116188    0.784220610604    
1.74542166596    -0.335284031011    0.781018253415    1    0.48956990242    0.784220610604    
1.77473782403    0.101895706218    0.775670780392    2    2.11683607101    0.784220610604    
1.38118091466    0.571937573828    0.735569506428    1    1.00872302055    0.784220610604    
