0.0134066827252
0.00858053817677
0.0104984571279
0.00994169911175
0.00912101601427
0.00873636556191
0.0127765370441
0.0138448784495
0.00792744847198
0.0106285008443
0.0100816397472
0.0080543886151
0.0137362556785
0.00879556520461
0.0188060661587
0.0121869881618
0.0102208579352
0.0084296373209
0.00776473012836
0.00773366373989
0.0122812016785
0.0096579368539
0.00835329637344
0.0115739602299
0.0107136230588
0.00864015912157
0.00915121590022
0.00955027781866
0.0115127400318
0.0104071016123
0.011331508867
0.00835918445199
0.00921495100598
0.0088640710443
0.00885966640787
0.0098939336571
0.00874773116601
0.00802043096686
0.00968589782137
0.00856286226699
0.0112259330202
0.00875487164689
0.0088504385709
0.00879945387237
0.0104653167332
0.00809974236427
0.00810804562485
0.0151820573088
0.00873105985583
0.0104461889716
0.00985744180464
0.00941951731804
0.0131517662616
0.0108524378431
0.00893902006346
0.00807942831367
0.0100972529377
0.0118903523942
0.0135533180292
0.00913219558369
0.00800848551552
0.0130945217284
0.013180741425
0.00821851816047
0.00997965150226
0.00999049759749
0.00891528302171
0.00883957285675
0.0111128566402
0.0133062307242
0.0098602837927
0.0124796451886
0.00874419173212
0.00853759267216
0.0106942749637
0.0107387063852
0.00835819875328
0.00868979869363
0.00782594474952
0.011986218635
0.0092095065446
0.00823676410745
0.00939988799757
0.00844912523154
0.00914690994014
0.00837462036773
0.0138540344962
0.00802429628939
0.00822705917472
0.0109526399176
0.00967458172721
0.0109675456286
0.00849959871447
0.0106296226045
0.00868185242767
0.00826000113974
0.00932108170065
0.00885645834897
0.0109767278737
0.00940696595898
