0.00842925480756
0.010284334782
0.0145872311735
0.0082915466438
0.0109642363621
0.0102314284928
0.0109756937272
0.00965667024567
0.0092307723
0.0103806277071
0.00817509429603
0.00868367679427
0.0133797853058
0.00986269599816
0.0101782141317
0.0100743596755
0.00839338698901
0.00833678837413
0.0121229340819
0.00835344209411
0.00838334044825
0.00877620376614
0.0111673819377
0.0123908320226
0.0110527918942
0.00957304471454
0.0100692644804
0.0106951595246
0.0085981315543
0.0111304572534
0.0100293112145
0.00895339393215
0.012533672856
0.00926543967543
0.00826668274338
0.0105420461368
0.0116377282613
0.0112992990028
0.00825972097159
0.0145198342133
0.00851268071778
0.011291367793
0.0111463338089
0.0102223255312
0.00825479119823
0.0085119644415
0.0101484743442
0.00869459684835
0.0111519426931
0.00874061631475
0.008524291835
0.00903608302616
0.00929450670576
0.00991756066474
0.00909229280932
0.00841336951685
0.0103222895534
0.0126824124008
0.0102194866549
0.0110062007751
0.0110942209798
0.00848586266937
0.00847640521532
0.00823618036744
0.0083129883948
0.0100044738389
0.00859872514848
0.0110226169121
0.00849400524365
0.0100878209796
0.00867749312276
0.0120592700265
0.00888966333945
0.00921076720928
0.0100606538614
0.00930668165519
0.00993417590105
0.0084971147348
0.0104348624227
0.0127290306874
0.0103241906559
0.0109352062263
0.00842560235957
0.00865555631602
0.00922350942737
0.014347832788
0.0103203161049
0.010499742697
0.00825718310141
0.0124396858237
0.0084225638847
0.0119887363634
0.00849965762215
0.00930287873454
0.00827719778379
0.00864794240253
0.0114814752759
0.0106542049015
0.0109235571779
0.0128404494246
