0.011325985869
0.00803607577039
0.00882714970418
0.0127078879289
0.0110684006342
0.00805642072114
0.00863932290568
0.00797234364632
0.0116957335261
0.00802201648519
0.00851016384743
0.00845289853597
0.00827840606878
0.00834232934446
0.00945671573378
0.0114738888577
0.0101707693459
0.0136859842686
0.00889072753163
0.0114438941556
0.0082643433424
0.0105677057991
0.00930657388091
0.00990262437359
0.0086881025978
0.00910641144994
0.00895093382804
0.0106206368483
0.00830132135434
0.0116544940162
0.00976459081167
0.00922339091983
0.00881693948494
0.00851967170773
0.00912131116503
0.00954201847276
0.0128487832514
0.0107872320182
0.0110064451537
0.00947909451662
0.00886610544418
0.00880079581098
0.00805735374555
0.0110324880094
0.00842805063416
0.0116061305875
0.00853528045748
0.0108459938164
0.00949278758458
0.0135581473597
0.00905728709567
0.00938363050276
0.0097535204882
0.0104248239923
0.00823757730904
0.0103915020049
0.0104867670438
0.00859687118544
0.00951910273114
0.0123452486408
0.0117518167359
0.00913790568959
0.0088296635871
0.00844191565499
0.0106383654159
0.00950026992667
0.0120907494642
0.0119400212954
0.00977187533097
0.00933861463395
0.00952716426892
0.00994556719467
0.00862891947386
0.00827386854427
0.0129215875156
0.00909010285284
0.0118358978433
0.0136163689455
0.0140001137997
0.00802595439367
0.0117978338411
0.0102911738095
0.00873946446839
0.00926139743799
0.011485642316
0.0130424891735
0.0119220084663
0.00860789876232
0.00880312322351
0.0124569485679
0.0095473291956
0.0133275412718
0.00849350158689
0.0119111644769
0.00979812284488
0.00877597225303
0.0096890657735
0.0103221807221
0.00897136681065
0.00849982811371
