a    b    distance0    NDraws    time    dist_threshold1    
1.04798375132    -0.0960064820232    0.139563494111    1    1.60029792786    0.206027391929    
1.19338784676    -0.0709834832402    0.201978231095    3    5.49560403824    0.206027391929    
1.04520351332    0.0121780752619    0.0516355842061    4    7.33016991615    0.206027391929    
0.902885748216    -0.0734581662077    0.120883503556    2    2.99152421951    0.206027391929    
0.919598248316    -0.141161530327    0.1695758396    1    1.25835108757    0.206027391929    
0.901884327775    0.0527740980076    0.103380124386    1    1.61273598671    0.206027391929    
0.849790560424    0.0626478985018    0.166710493011    1    1.68130898476    0.206027391929    
0.832425376943    -0.0339333367255    0.167926425738    5    6.00084996223    0.206027391929    
1.08223704277    0.022955212593    0.0864647766077    2    2.61695790291    0.206027391929    
0.879711332647    -0.196568872538    0.192781984811    1    1.24265313148    0.206027391929    
1.04273889911    0.121802619776    0.130815919339    3    4.7653529644    0.206027391929    
1.01918002891    -0.157664309341    0.126261411626    1    1.36215591431    0.206027391929    
0.833387073877    -0.0854012700244    0.171225246481    1    1.48220896721    0.206027391929    
1.1372197394    0.0950813972587    0.165573854716    4    6.27235102654    0.206027391929    
1.04438553596    0.235764257025    0.200188796944    1    1.24132919312    0.206027391929    
0.818727791968    0.0546572182426    0.181503673814    1    1.23729205132    0.206027391929    
1.11472552829    -0.140683843687    0.131020634001    1    1.26183104515    0.206027391929    
0.872500610297    0.0148741595252    0.132018788301    1    1.63110399246    0.206027391929    
0.923635446686    -0.201955638163    0.137632012542    3    4.63278913498    0.206027391929    
1.09902755367    0.150559871444    0.153615102223    1    1.97590088844    0.206027391929    
1.03105727573    -0.119725403427    0.0874336841866    4    4.90028500557    0.206027391929    
1.01397706598    0.0375183136223    0.0432057288548    1    1.34532904625    0.206027391929    
0.836153837539    -0.0887484609789    0.169104159587    1    1.86759185791    0.206027391929    
0.985732987407    0.0866598102901    0.0202825446407    4    6.3708820343    0.206027391929    
1.01680644689    0.121666658075    0.14146681753    1    1.7154610157    0.206027391929    
0.932645499399    0.0290956934328    0.0681202686296    1    1.27577400208    0.206027391929    
0.903198388941    -0.0293453024332    0.0991526991689    1    1.40678095818    0.206027391929    
0.819829716598    -0.0152894626351    0.184201275594    1    1.39446401596    0.206027391929    
1.06330669435    -0.0527281166622    0.0775572661262    2    3.6682369709    0.206027391929    
1.06436798369    -0.0704249430638    0.0863221604778    2    2.33925414085    0.206027391929    
1.11393297664    0.108101479351    0.135902820471    2    2.5561439991    0.206027391929    
1.06610753958    -0.052100577603    0.0775334907142    2    1.96071386337    0.206027391929    
1.16865700857    0.059217062331    0.18631964801    5    7.51455903053    0.206027391929    
1.11673520936    -0.0581840605721    0.117517458721    2    2.70710086823    0.206027391929    
1.10658050673    -0.04832395131    0.114268534906    1    1.19814395905    0.206027391929    
1.09892827904    -0.0837404102536    0.111884994306    1    1.34178614616    0.206027391929    
0.930111719889    0.0711965222615    0.0991247720102    3    4.38181495667    0.206027391929    
1.02476383758    -0.0194025044585    0.0543007978808    2    3.05555701256    0.206027391929    
0.899355648228    0.0602648957683    0.114892499184    1    1.51352286339    0.206027391929    
0.896656355594    0.077226370044    0.11169408431    2    3.48733997345    0.206027391929    
0.944589759901    -0.0430139745343    0.0548587627471    1    1.58513498306    0.206027391929    
0.970883344097    -0.154749706248    0.0788644999599    2    3.10750508308    0.206027391929    
0.879934231064    -0.0816329370631    0.132538461568    1    1.56740307808    0.206027391929    
0.979726156341    0.0408477129964    0.0660967258763    1    1.25824093819    0.206027391929    
1.18198137822    -0.022394774885    0.187040632474    5    6.47334194183    0.206027391929    
1.11938569683    -0.0100575978965    0.119909545043    3    4.98515892029    0.206027391929    
0.949600498533    0.0110810081724    0.0866681285939    1    1.78221988678    0.206027391929    
1.18059379041    0.0455148059475    0.187615240969    1    1.88936090469    0.206027391929    
1.13970796659    -0.013586098153    0.155538945589    3    5.08046197891    0.206027391929    
1.09026833371    0.128564820988    0.178145506257    2    2.64073395729    0.206027391929    
1.05305476497    -0.00119401168241    0.0565873180957    2    2.54879283905    0.206027391929    
0.946284086117    -0.0510213856569    0.121596743524    3    3.89026808739    0.206027391929    
1.13335852076    -0.11585241784    0.145661587408    2    2.94492506981    0.206027391929    
1.07344042065    -0.232525065931    0.160219538146    6    10.1949729919    0.206027391929    
0.992167868371    -0.113642914483    0.109197823472    1    1.65114998817    0.206027391929    
0.974875712533    -0.0015068792233    0.042318760545    1    1.66268706322    0.206027391929    
1.09895086466    -0.199733349747    0.178708647824    3    5.05454087257    0.206027391929    
1.03452792372    -0.128272470256    0.147157891049    3    5.88212203979    0.206027391929    
1.05976829491    -0.112691736021    0.0678448692744    2    2.31396222115    0.206027391929    
1.03408226845    -0.0766467751933    0.0887141700166    2    2.74777913094    0.206027391929    
0.892050546774    -0.0503823132762    0.108899290892    8    11.6925480366    0.206027391929    
1.00702021616    -0.0481481903582    0.0156890770297    3    6.24280595779    0.206027391929    
0.828643369222    -0.0384208951536    0.184204319496    2    3.54544377327    0.206027391929    
1.00770502094    -0.163547482342    0.168066585741    1    1.86184716225    0.206027391929    
1.13315558414    -0.0277060951974    0.146440286522    4    6.92399811745    0.206027391929    
0.833288030674    0.155870129839    0.192891795853    2    2.44177293777    0.206027391929    
1.15160311103    0.116502596579    0.198747096484    3    4.19392418861    0.206027391929    
0.989070651383    0.083004491554    0.134835750346    1    1.18637299538    0.206027391929    
1.13930831766    -0.0361227449261    0.142364412844    1    1.56540107727    0.206027391929    
1.05491142917    -0.107814804745    0.100676813831    2    3.61586999893    0.206027391929    
1.17646786806    0.138458847605    0.200294075297    4    5.85056400299    0.206027391929    
1.11539825356    0.0724671338083    0.150454456405    3    4.69773697853    0.206027391929    
1.11406437706    -0.00418391589922    0.11431617112    5    7.77588796616    0.206027391929    
1.17561562434    0.0711909473996    0.19870901873    2    4.27101802826    0.206027391929    
0.91568822235    0.0128366799578    0.0890058184997    1    1.79250693321    0.206027391929    
0.998397627426    0.0612060572097    0.114046731874    2    3.74643611908    0.206027391929    
0.874412941165    0.101666420825    0.201679270633    1    1.42743992805    0.206027391929    
1.07563592137    -0.177404595302    0.161421575308    2    2.88829803467    0.206027391929    
1.04780688306    -0.147141772975    0.14316584367    1    1.21002793312    0.206027391929    
0.979041686076    0.216511185856    0.200580873931    1    1.04112696648    0.206027391929    
1.00940976139    -0.00465483505118    0.00940347645493    3    3.5189499855    0.206027391929    
1.01911059835    0.0568091142716    0.0197375541772    1    1.06834292412    0.206027391929    
1.08636224098    0.0895899164658    0.128142114452    3    4.57704806328    0.206027391929    
1.12215909069    0.0495098989951    0.132610743474    1    2.39599895477    0.206027391929    
1.04248603972    -0.0546771481042    0.047307707713    3    4.38319396973    0.206027391929    
1.01994056269    -0.017522741637    0.0897024208507    4    6.48429179192    0.206027391929    
0.922774426426    0.0927482215345    0.120546687468    2    2.45131802559    0.206027391929    
1.04172042461    0.00268184476393    0.0859339573144    1    1.36296510696    0.206027391929    
1.04805863633    -0.122023323445    0.130603653842    1    1.24493718147    0.206027391929    
1.09065009245    0.00545114569849    0.0949587817291    2    1.91291689873    0.206027391929    
1.16097330216    -0.0906625040993    0.161196774553    2    0.781184911728    0.206027391929    
1.03143524217    0.190479019627    0.203309862156    1    1.90268206596    0.206027391929    
0.916294812609    0.116216170333    0.161514584149    2    2.7003800869    0.206027391929    
1.08438841985    0.0565975593629    0.106071895193    1    1.29429888725    0.206027391929    
1.06230762501    0.0363631278775    0.0636761248324    1    1.35869193077    0.206027391929    
0.892301764043    0.161909893844    0.181281669923    1    1.22362303734    0.206027391929    
0.913746238331    0.197633059262    0.202125298784    1    0.859686136246    0.206027391929    
1.0780083323    -0.0814198494658    0.107708110869    1    1.29701709747    0.206027391929    
1.02320833702    -0.0645964942711    0.0498663788359    2    2.51644706726    0.206027391929    
1.07893027497    0.0108225151181    0.0943516995753    3    2.33853721619    0.206027391929    
