0.00828716450966
0.00775483850551
0.00995226927177
0.0157039347928
0.0105442448379
0.00793603116758
0.0099235215952
0.0114249468782
0.00876231615876
0.0140653408452
0.00912097666282
0.00917687480846
0.00792757113973
0.0104890955123
0.00985700865647
0.00829821201346
0.00950531642438
0.00775966124764
0.00876988919066
0.00972732813008
0.00818487417732
0.0179550153473
0.012156700369
0.00807585434034
0.00855043791712
0.0097435279437
0.00857910460987
0.0098840798668
0.0139347001464
0.00809587621105
0.0109053590803
0.0128117714157
0.0102865215482
0.0100871786675
0.00929875973287
0.0106060804015
0.00770123134755
0.0091512297541
0.00891359001948
0.00793632362522
0.00774120056906
0.0087888017682
0.00985595016056
0.009004289548
0.00797437241712
0.0106213287542
0.010831260469
0.00939800080842
0.0114195226173
0.0078215688205
0.0113851892084
0.0153665619212
0.0100795088196
0.00985495292479
0.00815091713788
0.00806860355258
0.00886903139807
0.0123282763753
0.00988333132315
0.0104336295127
0.00939783019755
0.00778342783304
0.00926166060416
0.00827359307216
0.0085476945787
0.0119408683212
0.00915137240158
0.013282933911
0.00831182524411
0.0105839529833
0.0128481516119
0.00962795252386
0.00993266585619
0.00793086222529
0.00919153403442
0.0104904050998
0.00983815951086
0.00847526349106
0.00999952511812
0.0086667339949
0.0110315398137
0.0121454959642
0.00893579051285
0.0081423872698
0.0116200113344
0.00956160875833
0.0111153626737
0.00829861961346
0.0143272925603
0.0136735544974
0.00851189401077
0.00985124972637
0.00831562813983
0.00896729518708
0.0111315525737
0.00857945107805
0.0115717190077
0.0109557446962
0.0113366239002
0.012669709093
