a    b    distance0    NDraws    time    dist_threshold1    
0.994677319613    0.00718810247116    0.040427238812    2    3.23740005493    0.142600504311    
1.0830312209    -0.0713228675907    0.120055475617    1    1.4714820385    0.142600504311    
1.0697466647    -0.0212443512372    0.0757349102588    2    3.53604388237    0.142600504311    
1.06076297833    -0.0242423450117    0.0633370907061    2    2.35910415649    0.142600504311    
1.03046836385    0.0702852610408    0.049028805827    2    1.82183814049    0.142600504311    
1.00194021791    -0.122731772142    0.114280140564    4    4.6161570549    0.142600504311    
0.930107300723    0.0639842436113    0.0852148487554    3    4.65231800079    0.142600504311    
1.03116709005    0.0378824768903    0.0561063696078    1    1.58207392693    0.142600504311    
0.861991792565    -0.0242642770541    0.140218232711    1    1.34799408913    0.142600504311    
0.869147234574    0.0515746295937    0.130542541698    1    0.941546916962    0.142600504311    
1.00338463189    0.0723098381837    0.128496711876    1    0.853454828262    0.142600504311    
1.06747007006    0.101684579935    0.0975455973217    2    2.29639387131    0.142600504311    
1.02231108678    -0.0477033442659    0.0848294906552    3    3.4785130024    0.142600504311    
0.861585067269    -0.033438731719    0.137462472914    1    1.02050209045    0.142600504311    
1.04902758603    0.00681821659181    0.0738762056121    2    3.27804803848    0.142600504311    
1.01023370255    -0.0216874325466    0.024426173286    1    1.5237622261    0.142600504311    
1.08583666291    0.121755854556    0.116144599769    1    1.75423288345    0.142600504311    
0.954963006012    0.00797228540521    0.0765983406113    2    2.11680793762    0.142600504311    
1.04874311169    0.0408580074303    0.0503588658969    3    3.62836480141    0.142600504311    
0.925289718318    0.101092127406    0.0753917902609    1    0.999606132507    0.142600504311    
0.868052964954    -0.0233680139039    0.129712771595    1    1.15275406837    0.142600504311    
1.02089123163    0.1199528977    0.103909092076    1    1.45960211754    0.142600504311    
0.932736411013    -0.0406635671497    0.11653116103    13    15.4350428581    0.142600504311    
0.958678078232    -0.0326542169654    0.0999276459398    7    11.6006929874    0.142600504311    
0.894089067376    -0.0371966738648    0.114056019285    2    2.37455010414    0.142600504311    
0.99202395019    0.0922092749979    0.0792676435872    7    10.6942269802    0.142600504311    
0.910174599999    0.0112555825965    0.0899615403753    1    1.1266541481    0.142600504311    
0.995362539279    0.168331272419    0.0769873084474    1    1.19263696671    0.142600504311    
0.941240963344    0.0436108891018    0.0649999244024    1    1.3205640316    0.142600504311    
0.949691024005    -0.151468693738    0.135777352397    2    2.2708067894    0.142600504311    
0.922132490827    0.0344716623137    0.0777982266487    1    1.26426005363    0.142600504311    
0.947906510241    -0.0758196269936    0.0805527895073    1    2.69994497299    0.142600504311    
0.901454131996    0.0403191214035    0.102797592696    1    2.1073410511    0.142600504311    
0.987756378083    -0.0029695679268    0.0459274054696    1    1.25774216652    0.142600504311    
1.03820053258    0.0162260537163    0.0415462625441    3    5.40480303764    0.142600504311    
1.11239630902    0.081408739714    0.115024596472    1    1.74022388458    0.142600504311    
1.0418534873    0.0601758009974    0.0447469291953    1    1.33265709877    0.142600504311    
0.958445507086    -0.0254125662548    0.0887841991954    3    5.10436892509    0.142600504311    
1.0673967049    0.109572779471    0.131538098279    5    7.55168294907    0.142600504311    
0.94031850601    0.110646886713    0.0936080988603    2    2.59996080399    0.142600504311    
0.881428394268    0.0647605125014    0.12190938464    3    6.16224789619    0.142600504311    
1.01414984956    0.0756013350187    0.0610013932229    2    3.40880799294    0.142600504311    
0.877816496587    -0.0322262428115    0.138307699094    1    1.00622010231    0.142600504311    
1.00828517466    -0.0482944204296    0.0136938265838    2    1.9382250309    0.142600504311    
1.01531431601    0.0697724040807    0.0610763032647    4    5.31389212608    0.142600504311    
0.999097411772    -0.0277504523479    0.0374322599405    2    1.92945098877    0.142600504311    
1.00763430905    -0.0708036946593    0.0756644049875    2    3.10358595848    0.142600504311    
0.932584791033    -0.0315534335472    0.117369527164    1    2.10647797585    0.142600504311    
0.992477929718    0.0710235601559    0.0740556829717    2    3.07960796356    0.142600504311    
1.04450639456    0.040265378398    0.0735653715293    3    4.39200401306    0.142600504311    
1.05622201412    0.0360245445269    0.0747802426154    2    2.51593708992    0.142600504311    
0.996409194006    -0.0278995082593    0.0504024230287    3    4.85701203346    0.142600504311    
0.860420243986    0.0201235125841    0.141299439498    1    1.30899906158    0.142600504311    
0.909275783998    0.106845455738    0.125250681078    5    6.81472611427    0.142600504311    
1.11976689104    -0.0562490974626    0.129814225487    1    1.65759181976    0.142600504311    
0.956735824277    0.0465603145355    0.0645472015446    3    3.96018004417    0.142600504311    
1.05633565864    -0.0402117910028    0.113165444277    1    1.26253509521    0.142600504311    
0.872019563093    0.0485903865416    0.127094037855    2    2.8418200016    0.142600504311    
0.981907006352    -0.101318115333    0.117652042064    1    1.16205310822    0.142600504311    
0.969432054217    -0.150749643739    0.137901640674    2    2.18715405464    0.142600504311    
0.922277948112    -0.12030807846    0.127180436289    2    2.81973290443    0.142600504311    
1.00207404386    0.0895013472279    0.093118703577    3    4.51481294632    0.142600504311    
0.867402140167    0.0333801090127    0.141862614619    2    3.76537799835    0.142600504311    
1.02245468974    0.137404642712    0.101377411264    7    9.69558787346    0.142600504311    
1.00273412291    -0.00939976176278    0.0518912292067    1    1.24801397324    0.142600504311    
1.00571909433    0.044870892195    0.0253043327591    1    2.08815097809    0.142600504311    
0.940676081356    0.104928964688    0.117808304164    5    8.31735301018    0.142600504311    
1.03847128654    -0.00740499651231    0.0488763603253    3    4.01783108711    0.142600504311    
0.974977364213    -0.0727029512758    0.130295874871    8    8.71090698242    0.142600504311    
0.936345428688    -0.0120619576707    0.0927287225673    1    1.26254010201    0.142600504311    
1.03617931001    0.0289034347518    0.0388381405817    1    1.72565889359    0.142600504311    
0.916635837156    0.13166728451    0.130121779832    2    2.86292505264    0.142600504311    
1.05422934047    0.0366250064285    0.0757371077809    5    6.30010914803    0.142600504311    
0.95228419957    0.130536514063    0.105624633817    1    1.57616686821    0.142600504311    
0.900766557272    0.0472956658948    0.0992291639996    2    2.87910509109    0.142600504311    
1.0274270532    -0.013234628087    0.0542356016699    1    1.46356296539    0.142600504311    
0.969391463055    -0.0761927588063    0.0746392747543    3    4.08822607994    0.142600504311    
0.993189607237    -0.0855421306562    0.101928855299    4    6.88479614258    0.142600504311    
1.0314975165    0.0280077771205    0.0359309793068    1    1.36077404022    0.142600504311    
0.973555126647    0.141913941871    0.104998566144    4    5.98425602913    0.142600504311    
1.03253127053    -0.0361246869749    0.066098241733    1    1.39346694946    0.142600504311    
0.903154915304    0.0804819095468    0.0965150932628    1    1.13040208817    0.142600504311    
0.901445965048    -0.0178394017672    0.101238383472    3    4.10044908524    0.142600504311    
0.901470710922    0.130497875252    0.132650667695    5    8.52525901794    0.142600504311    
0.904879460625    0.14203034278    0.113107519294    5    7.50227212906    0.142600504311    
0.93725210591    0.0152440446996    0.0764748238906    1    1.71274399757    0.142600504311    
1.09054077601    0.207137822621    0.124972547985    2    3.08329415321    0.142600504311    
0.901567587639    0.0772483119046    0.110340609755    3    4.15514802933    0.142600504311    
0.960372311034    0.145935577247    0.101309081034    2    3.54745101929    0.142600504311    
1.02920042342    -0.0433192621192    0.0395841455821    2    2.96109986305    0.142600504311    
1.02349955316    -0.0314800638667    0.085971056884    2    1.46725702286    0.142600504311    
1.11705680004    0.101441137183    0.130242564076    5    6.76855015755    0.142600504311    
0.966654774751    0.109480707698    0.116580533991    2    2.08594107628    0.142600504311    
1.0403894331    0.10509805652    0.130894783649    1    1.14586400986    0.142600504311    
0.869486267562    -0.0325835822213    0.128944715826    2    2.87294816971    0.142600504311    
0.918426583756    -0.0288688394904    0.136989623126    2    2.74368214607    0.142600504311    
0.953651308254    -0.0819179884642    0.0845728027444    1    1.58041405678    0.142600504311    
0.961296623087    0.138930867779    0.090874967972    2    1.43709301949    0.142600504311    
0.949356609347    -0.127182603303    0.114897639285    2    3.84126377106    0.142600504311    
0.961550004514    -0.0298300667082    0.0951012679633    1    1.30888199806    0.142600504311    
