0.0140799737722
0.0114176563713
0.0087557827784
0.0107588500106
0.00959764001123
0.0111278855667
0.0142245505759
0.00804084847297
0.010683969831
0.0103227850318
0.00989023308355
0.0120375077672
0.0122833810068
0.0089841643624
0.00869063935046
0.00818473765038
0.0138788754647
0.00850831339844
0.00975129814451
0.00883730100882
0.0110895490615
0.0114121670893
0.00897946280774
0.00979075043859
0.00934687857387
0.00836465864511
0.00899200618363
0.013741570519
0.0136753800137
0.00801699806442
0.00849303034266
0.00969470649974
0.00789497411668
0.0094181370166
0.0152009571586
0.00831848463154
0.00831130037941
0.00976700709499
0.00974114880624
0.00859882957763
0.00790394268111
0.0103555139708
0.00880964625126
0.0104849768956
0.0117301000278
0.0103604858846
0.00968001769703
0.00831256698524
0.0123235412876
0.00802175452815
0.00790566483927
0.00954499562721
0.0080287081325
0.00869852791292
0.00816678752301
0.0100246230548
0.00808757123094
0.010302965523
0.0106445886254
0.00985883823225
0.012050117115
0.00890315409966
0.00876157513173
0.00894941086975
0.0146497879573
0.00812727466332
0.0104021941298
0.00922146027508
0.00864642140129
0.00932600325706
0.011978539024
0.012408169423
0.00948240035605
0.00917514692332
0.00833282255333
0.0105790702273
0.00854494937549
0.0101717442821
0.0107051353599
0.00942291592103
0.0124410555668
0.013042074231
0.0104476095211
0.00935790178228
0.00803832417219
0.00798633517927
0.00934660871521
0.00820170503099
0.0126596969569
0.0115359093482
0.00977410965252
0.00885229918468
0.0100902881407
0.0117604407178
0.00898477200754
0.00995390872196
0.00857307523706
0.0127076990704
0.00822097648956
0.0100367103376
