a    b    distance0    NDraws    time    dist_threshold1    
0.961845201636    0.0186865447412    0.0401204278457    2    2.79659295082    0.0974506584748    
1.01414566687    0.0234537357078    0.0398546545187    1    1.78559708595    0.0974506584748    
0.94914684796    -0.0520680209848    0.0747541901303    2    2.39915800095    0.0974506584748    
0.924639082312    0.0172205036565    0.0748468194618    1    1.3979549408    0.0974506584748    
0.92452546865    0.0763182994672    0.0875867410209    4    4.51383399963    0.0974506584748    
1.0471739821    0.0275850804597    0.0973242372289    2    1.61404705048    0.0974506584748    
0.994434280966    0.0265131945474    0.00728850475266    4    3.97750592232    0.0974506584748    
1.00959395231    -0.0264856577911    0.0714998247404    3    3.53584313393    0.0974506584748    
1.06409864224    0.0629544159549    0.0758517937886    1    1.35803699493    0.0974506584748    
1.00714020549    0.079302098952    0.0713349641762    3    3.7802939415    0.0974506584748    
1.05289132685    0.0631234201803    0.0604314729325    2    2.31771993637    0.0974506584748    
0.991401580479    0.0516530728517    0.0825436475031    2    2.28414511681    0.0974506584748    
1.0282344949    0.0469929337893    0.0478165719818    1    1.04676413536    0.0974506584748    
0.968618285853    0.0392682231438    0.0590566973919    1    1.08045506477    0.0974506584748    
0.949380593727    0.0129535380202    0.0665927057914    1    1.11494398117    0.0974506584748    
0.998729990067    0.0158331406869    0.0766109621986    3    4.4580988884    0.0974506584748    
1.0660921159    -0.00391450828829    0.084264255418    1    1.20620894432    0.0974506584748    
0.936917910889    0.0111792486031    0.0656954598519    5    6.96123194695    0.0974506584748    
0.954177287218    0.0377382950003    0.0671136296694    1    1.02365493774    0.0974506584748    
0.919322693469    0.0683016572299    0.0790918410097    1    0.985453128815    0.0974506584748    
1.06867367586    0.04411111317    0.0738265052382    3    3.40078091621    0.0974506584748    
0.953066990156    -0.0256878920894    0.0507580274953    1    1.33861994743    0.0974506584748    
1.00240810708    0.0146764687333    0.0071720377918    3    3.29560899734    0.0974506584748    
0.946196106462    -0.0105870625367    0.0578466767056    1    1.23046278954    0.0974506584748    
0.931324252066    0.0311519972414    0.069006893499    1    1.0288939476    0.0974506584748    
0.925223461543    -0.0399788608681    0.0727299369256    1    1.17814707756    0.0974506584748    
1.01131637767    0.0816737140987    0.0726173396652    2    2.65604496002    0.0974506584748    
1.04631201373    0.0955237828794    0.0522464998975    1    1.00826501846    0.0974506584748    
0.906745880859    -0.0164525816077    0.0935281286082    4    4.41040897369    0.0974506584748    
1.01764124809    -0.0052125063907    0.0239192928223    2    2.21698689461    0.0974506584748    
1.00003057008    0.104168695391    0.0862781443061    1    1.00374484062    0.0974506584748    
1.02328765595    0.00585009874267    0.0259120586211    1    1.2378718853    0.0974506584748    
0.97219709854    0.0688239425585    0.0664094637628    1    1.03971791267    0.0974506584748    
1.03944268283    -0.028468846917    0.0537800238745    1    0.907927036285    0.0974506584748    
0.980375161465    0.0032659319136    0.021806958579    4    3.93437695503    0.0974506584748    
1.07877828649    0.0392956569794    0.0821592992083    6    7.39237213135    0.0974506584748    
1.05850343718    -0.0315794505241    0.0780348253696    1    1.40030789375    0.0974506584748    
0.99519441524    0.0896862218145    0.0777951382146    4    7.80552792549    0.0974506584748    
0.981018837463    0.0657843215985    0.0928379466021    1    1.58278107643    0.0974506584748    
0.98194766833    0.101070135462    0.0517117693553    1    2.03911781311    0.0974506584748    
1.00833581573    0.0436254929946    0.0112462384916    6    8.87622690201    0.0974506584748    
1.05033380865    -0.00262495761685    0.0674486765522    2    2.6578040123    0.0974506584748    
0.973675021151    -0.0655716646403    0.0623365200606    3    3.94425010681    0.0974506584748    
0.955036400943    0.0453598466627    0.0437074919053    2    2.45440816879    0.0974506584748    
0.986330434901    0.0134112505189    0.0111226234566    1    1.14070296288    0.0974506584748    
1.01784280601    0.143830647302    0.0907779391243    3    5.81273198128    0.0974506584748    
1.03125635325    -0.0429818045329    0.0793402608002    3    5.92752385139    0.0974506584748    
1.03068554771    -0.0919167861811    0.0972113553036    3    6.04384994507    0.0974506584748    
1.03327472147    -0.0371592702545    0.0362382687824    1    2.21374392509    0.0974506584748    
1.0192402855    -0.0860486291255    0.0796458611564    1    1.07703113556    0.0974506584748    
0.957156262602    0.00720759498519    0.0767969840764    1    1.19899988174    0.0974506584748    
1.02163743739    0.00723219943301    0.023028474396    2    2.24430799484    0.0974506584748    
1.05116557928    -0.0829172254312    0.0737208132751    4    6.02635407448    0.0974506584748    
0.938217167032    0.0137784175051    0.0637219224945    3    6.54212808609    0.0974506584748    
1.04316836853    0.0784913174146    0.0470991156699    2    2.87187695503    0.0974506584748    
0.975130001206    0.123694721441    0.0795842024638    7    11.3152768612    0.0974506584748    
0.945671122268    0.0655322479741    0.064177763622    1    1.4461607933    0.0974506584748    
1.04619973006    -0.0129773902162    0.0557157337067    2    3.35089802742    0.0974506584748    
0.950350358944    -0.00839048099659    0.0556259402707    1    1.86503410339    0.0974506584748    
1.05121160648    -0.0183039210752    0.0776441140601    3    5.56373500824    0.0974506584748    
1.01404239216    0.0714624486062    0.044227450225    1    1.76695489883    0.0974506584748    
1.06840273579    0.0232828815092    0.0762942836102    1    1.68568706512    0.0974506584748    
1.0368256317    0.0349351045301    0.0443959606806    1    1.39371418953    0.0974506584748    
1.00825520971    0.0998254560334    0.0948048614179    4    6.14225792885    0.0974506584748    
1.04075050826    0.0539464482099    0.0440640043477    1    1.82854890823    0.0974506584748    
1.03438065052    -0.0408508031642    0.0718286818949    1    1.74820494652    0.0974506584748    
1.0167226078    0.0581047583128    0.0564759632565    2    4.05611109734    0.0974506584748    
1.02038948594    -0.0603147454471    0.0604235088478    1    1.57422208786    0.0974506584748    
0.951115831252    -0.0710929419196    0.0510627785405    4    5.11207008362    0.0974506584748    
0.989146237182    0.0289815511137    0.0652283127951    2    2.8495349884    0.0974506584748    
0.937954371674    0.0391424383249    0.0597587077413    2    2.6300110817    0.0974506584748    
1.07024995572    -0.0170490997386    0.0817566244717    1    1.08400392532    0.0974506584748    
1.09140313728    -0.0746350299777    0.0945900705802    3    4.36296391487    0.0974506584748    
0.93705603902    -0.00804377425941    0.0915150273549    6    8.78746604919    0.0974506584748    
0.948208486755    -0.0102145815736    0.0714546849884    2    2.42015504837    0.0974506584748    
0.942141547096    0.0218420219396    0.0636210927889    4    5.07439994812    0.0974506584748    
0.963636802864    0.0542662838099    0.0482485173635    6    6.79969596863    0.0974506584748    
1.08572093568    -0.0191673773468    0.0886972585331    1    1.55922198296    0.0974506584748    
0.95661334312    0.0878779998014    0.0638770311406    1    1.60521697998    0.0974506584748    
0.979248641718    0.0937114025602    0.0471937574055    6    7.47919988632    0.0974506584748    
1.08106455306    0.0306113408609    0.0904646404464    7    7.58324384689    0.0974506584748    
0.946048938666    -0.0271252935622    0.0548033969967    2    2.75372815132    0.0974506584748    
0.979123802535    0.139039074086    0.0694835338921    2    2.86384487152    0.0974506584748    
1.06763522757    0.0379022234264    0.0912020431783    5    5.67028403282    0.0974506584748    
1.04249507307    0.0186804813378    0.0492431840979    3    4.63587093353    0.0974506584748    
1.0945416979    0.0216100740433    0.096199797359    1    1.62746691704    0.0974506584748    
0.949251551998    0.0266690185103    0.0534789849157    1    0.990210056305    0.0974506584748    
1.02611502838    0.0738120597236    0.0301901444265    1    1.08977103233    0.0974506584748    
0.912700451089    0.0593750407015    0.0851217550632    1    0.875551939011    0.0974506584748    
1.04455671734    -0.0337776413146    0.0770386510943    9    12.5846960545    0.0974506584748    
1.05492735619    0.0853605607419    0.0582973931834    5    6.5887401104    0.0974506584748    
0.991035857219    0.0849896569117    0.0642858774246    4    6.24569296837    0.0974506584748    
1.00396284324    0.103577264695    0.0313649582032    2    3.42653203011    0.0974506584748    
1.01639762666    -0.0308095220522    0.0920600117622    1    0.957663059235    0.0974506584748    
1.01162280087    0.0673858168767    0.0176207485149    2    1.2983520031    0.0974506584748    
0.948406256447    0.0994791409452    0.0902030552647    2    0.839928150177    0.0974506584748    
1.00215661314    -0.0203286903044    0.0339297622585    1    0.45028090477    0.0974506584748    
1.05483068384    -0.0356794342297    0.0641462376681    2    0.959560871124    0.0974506584748    
1.06884034142    -0.0432913377638    0.0854160180277    4    3.201171875    0.0974506584748    
1.01899765854    0.0665069595533    0.0229199092606    3    1.57713580132    0.0974506584748    
