0.00840926814833
0.00736208197233
0.00968242019333
0.00659092489471
0.0102116763127
0.00861656414456
0.0109402724546
0.00864403235435
0.00829690439708
0.0119555246145
0.0120035364589
0.00771210901219
0.00653794671253
0.00951485442597
0.00832116424948
0.00983067512158
0.00669368050633
0.00720932980327
0.00970556605476
0.00665427993474
0.0067252470015
0.00669334479022
0.00690729049726
0.0110373712769
0.00829224232301
0.00706213273041
0.0332278618331
0.00784018169165
0.00671239740779
0.00662783961228
0.0095396959375
0.0108103456096
0.00948310310264
0.0429515977624
0.0078884648177
0.00911918514034
0.00712904252706
0.0107916642227
0.00843860089219
0.00674302801202
0.0122739886293
0.00894618881084
0.0105656883295
0.0173186929858
0.00656335367205
0.00686184298133
0.00664263791999
0.00927046952084
0.0112073598131
0.00763646166734
0.00969954721225
0.0173495010868
0.007061190417
0.00716426458011
0.00662209665124
0.0178765079512
0.00811384839721
0.00683855250068
0.00723970312871
0.00695469612144
0.00723051166293
0.009278070111
0.00969936847204
0.0414331193165
0.00836853733977
0.00867922788164
0.00692756507045
0.0115974812884
0.0168389840289
0.0134264317737
0.00937938855138
0.00693824505219
0.0221260366846
0.00717295641245
0.00674039803328
0.00700250779987
0.00843426797535
0.00958956705494
0.00793586127314
0.00800113360684
0.0150912910334
0.00819621151011
0.00704413455815
0.00916364036032
0.00768334978604
0.0124755608863
0.00808937193361
0.00695386678151
0.00788724366094
0.0158164424653
0.00675412638618
0.00854859835583
0.00663727072357
0.00691351404269
0.00680287111008
0.00704399034435
0.0143380793638
0.00708380806279
0.00770508473289
0.0118518431814
