0.00885253664304
0.00817975365288
0.0125429639721
0.00850767917115
0.00775464928976
0.0109823487786
0.00860606709831
0.00771507231218
0.00875279983225
0.010048840911
0.0111721376762
0.00817968953348
0.00871852274033
0.0112186582816
0.011273623166
0.00810572917336
0.00870325093374
0.0089595156173
0.0109595025482
0.00869455545046
0.00801183356167
0.0108845930965
0.0108128922915
0.011516472386
0.00936592595
0.00775092231902
0.0123107378959
0.0109861516053
0.01711152787
0.011493568055
0.0097121281139
0.0083486128963
0.00861019632595
0.00822262832323
0.00819539242777
0.00806978088333
0.00793026106763
0.0081034051048
0.017796007963
0.0107102731094
0.0126417812433
0.0100643802736
0.0130539451778
0.0116494206356
0.0136733066517
0.00826207051919
0.00865820303698
0.0102527088734
0.0106968782063
0.0082671746018
0.0114180133953
0.00815760794187
0.0165875672952
0.016296039518
0.0102542382783
0.00930999556434
0.017115332844
0.00944729353319
0.0101268947836
0.00991805875074
0.0092396824305
0.0100035945321
0.00807003821199
0.00781066679143
0.0091056559959
0.00765098158027
0.0109481225172
0.0077771895606
0.00928086710824
0.00789313182954
0.0103831753369
0.00884220680018
0.00783422397765
0.00783826315479
0.0106390726277
0.00965900306008
0.00896352702872
0.0089948040755
0.00852104796953
0.0081159998537
0.0135886795652
0.00860909656429
0.00788337911817
0.0111234051936
0.00943229524819
0.00778755483981
0.00821692620025
0.0100164524593
0.00877060097931
0.0157489159975
0.00765481397098
0.00936800513675
0.00916194644295
0.00934849256709
0.0109852895554
0.00911062817814
0.00798472497449
0.0125065027761
0.0155126269632
0.00989628967447
