0.0118426361477
0.00985496558474
0.0126115162773
0.00832388348517
0.015958836206
0.00760916209612
0.00993731962538
0.00976854385952
0.00779347235098
0.00946396522258
0.00953386222572
0.0140646114875
0.00853929191089
0.0106382309879
0.00845711870038
0.0103771294761
0.00818718050778
0.00779808540577
0.0204616430977
0.00808660770188
0.00792266814187
0.00750158294505
0.0135265435954
0.0108609793807
0.00830667870312
0.00897957547412
0.0109561718123
0.007918345517
0.00775390185412
0.00919324620496
0.00968884415432
0.00948228897547
0.0104002076874
0.00882900204233
0.00766787126811
0.00929580596551
0.0117633701831
0.0122291556319
0.00895966264243
0.0100726108596
0.00971830796905
0.0190846288046
0.00816352596578
0.0107162856856
0.00759245432139
0.0085475006151
0.0087115742335
0.00897398290939
0.00951933623243
0.00757361591544
0.00796660536697
0.00805693799041
0.00769984497671
0.0117315162628
0.00772871769208
0.0079039064279
0.00780546495138
0.0111753980719
0.00817637471171
0.00820678713405
0.0121900305441
0.00891891172518
0.0103011698265
0.00801332560917
0.00992924257198
0.0115246470201
0.0125363412579
0.0106909452363
0.0196509297416
0.00784822369654
0.00744163605231
0.00886477605915
0.0112470831532
0.00883514244821
0.00911777932707
0.00776615887114
0.0139336577692
0.00948995861067
0.00785219968958
0.00851530390154
0.00860030232062
0.00962191568663
0.0105029310077
0.0141524541294
0.00944829600808
0.00769358610585
0.00761226626565
0.00827661977596
0.00799712437892
0.00803745729693
0.0117732960907
0.00976994878305
0.00911330568894
0.0106321575115
0.0127853111207
0.0100084668115
0.0101691087346
0.011261396226
0.00937639268936
0.0228308586222
