0.015399941105
0.00982346776636
0.00841350371906
0.00799465394059
0.00931135724575
0.008143819079
0.00806568678392
0.0096054471091
0.00812391384146
0.00817150927065
0.0114247993665
0.00825444805354
0.00841922790273
0.0105449747623
0.00856228752276
0.00903291412378
0.0100106862619
0.0096391222734
0.00840082613888
0.0114187858842
0.00925265277419
0.0131160314391
0.00858234636465
0.00961901130246
0.010733280837
0.00801251896984
0.00808712504617
0.0100835460786
0.012724988382
0.0115544788946
0.00853056934156
0.0109913556743
0.0105324065351
0.0091724406471
0.0157695617721
0.0110330069029
0.00832272159995
0.00884151823432
0.00924017463999
0.0108061199784
0.00850340721632
0.00991896986237
0.0101801428831
0.01050399911
0.0104909926439
0.00825942659556
0.0141361785875
0.0112074364474
0.0081988970836
0.00922123072668
0.00824556619152
0.0158529466515
0.0158028472098
0.00890714340271
0.00814230498255
0.0108118090696
0.00894650892476
0.00896090072795
0.0172744658723
0.00834066474781
0.0151226103215
0.00953784390906
0.012183818857
0.00922988271199
0.0105200161537
0.0084020441242
0.00865654239049
0.0108999972828
0.0117363962401
0.00896366270684
0.0102122586733
0.00828776927505
0.00802231662386
0.0143129641732
0.011885980482
0.00892501944014
0.00890674023567
0.00953241341514
0.00905301728296
0.0114813760997
0.00825484895185
0.00866328494649
0.00816422287369
0.010810048587
0.00867699053185
0.00899688155449
0.0087509487877
0.00884173648179
0.00922609098122
0.00822776397808
0.0084785491714
0.00964913519996
0.0113811952782
0.00840010111534
0.00834119730175
0.0120457688522
0.0143790555246
0.0100621423764
0.00897585929632
0.0081284413088
