0.00862712483405
0.00980193738821
0.00868227086973
0.0103864937611
0.00889148898332
0.00882743599887
0.00836480529659
0.0125893318316
0.00852105341326
0.00877423029344
0.0130373615348
0.0114714393328
0.00968299776498
0.00841172190896
0.00877025476293
0.00903456925978
0.00946529903427
0.00883844678913
0.0085831216587
0.0102049740409
0.0095804132752
0.0128685725917
0.0124163121107
0.00980719989187
0.00914087978024
0.00836718961314
0.00914872280682
0.00870495742645
0.00979335844115
0.00840999021
0.0101193786803
0.0111528841927
0.00890746557701
0.0112387939195
0.00873131914413
0.010459076173
0.00924202651103
0.0133587213025
0.00993775425989
0.00926584099167
0.0109684446334
0.00845570114491
0.0102125419593
0.00937619761818
0.00861075285777
0.0117314391005
0.00976030664051
0.0101784630948
0.0096606596524
0.0121700990231
0.0103874230382
0.0114800144186
0.00919162708979
0.00836521954915
0.00851501086965
0.00853345360026
0.009097183457
0.00940087624708
0.00914433204687
0.0109979084169
0.0116204187921
0.00880961795302
0.0121559205202
0.011894338481
0.013396439689
0.0100939844333
0.0115849203442
0.00996137717398
0.00864678660112
0.00847676784791
0.00907466131895
0.00923388715819
0.0101010729395
0.0134880903315
0.0127107820647
0.00862317321276
0.0106051540577
0.00921217219822
0.0105322719931
0.00924485011949
0.00966081671224
0.00898542717954
0.00840612219006
0.00842053234217
0.0140591992754
0.0101350939717
0.00848842332773
0.00994274118941
0.0086661199796
0.0102854528185
0.00983837444278
0.0127259558085
0.010574429631
0.00901337113856
0.0139616089008
0.00910672921989
0.00868689825771
0.0109683141004
0.0115907211911
0.00916211097834
