0.00829825246786
0.0141309905587
0.00976307054991
0.010159520715
0.0108818496819
0.00809700650067
0.0101187571875
0.0112076578603
0.00816102487865
0.00983442172387
0.0102433683244
0.0123519662474
0.00741303140121
0.0109753557616
0.00804895019728
0.0106469667926
0.00747154165312
0.0093341705362
0.00910079040426
0.00788663905888
0.00931562340211
0.0104895157622
0.0105539544404
0.00745747843621
0.00858633580902
0.00877120766983
0.0102649072559
0.0101861210024
0.0118746369303
0.00764792285258
0.00895028349575
0.0101055733714
0.0103438423662
0.0106520621088
0.00920607737852
0.0080094137669
0.00816618288767
0.0137927806248
0.0108625764201
0.00981322604248
0.0117650607806
0.0116971972974
0.00818848202225
0.010123359261
0.0107786943046
0.00912462549212
0.0111803469717
0.0136802885621
0.00793989785103
0.0138582811881
0.00956964560697
0.0105415179602
0.0093655328189
0.0098483167187
0.00830474810537
0.00943223351085
0.00735102622251
0.00801073295315
0.0100565493663
0.00732715826693
0.0095710478479
0.00815438819796
0.00884450862435
0.0100952150789
0.0102910837167
0.00735725592355
0.00943720064876
0.00791227698811
0.0103945500637
0.0104178073596
0.0108783665064
0.0146364231831
0.0103641872306
0.0130143327183
0.00782331576883
0.0096830105201
0.0158176561627
0.00940757352742
0.0110784934909
0.0106956485364
0.00974522412765
0.00737882013177
0.0100440474194
0.00994086018328
0.00801751162084
0.0104746988931
0.0146544087347
0.00739881853142
0.00824395661524
0.00926484646699
0.00750592882002
0.0106098449045
0.0125137836162
0.0107354024694
0.0109303188486
0.00800216696137
0.0178010416627
0.0101218536843
0.0148881136643
0.0085352607642
