0.0138744480524
0.0092890798382
0.00895317175975
0.00805730921984
0.00875780140672
0.0114088457127
0.0136981518416
0.0102431994067
0.00970670891595
0.0189132411124
0.00978604262658
0.0134756683077
0.0103867729166
0.00810526192253
0.0113206400016
0.0090793696122
0.00875716776746
0.0107021000416
0.010303964196
0.00882020133079
0.00912731547898
0.0126239972492
0.00929065006198
0.00903111161386
0.0143842250393
0.00996105516872
0.0090541483077
0.00980007971453
0.00805276785125
0.00859552532486
0.00810694376719
0.00807188024038
0.00907452605207
0.0101532210679
0.010451625751
0.00867413987585
0.00794505843847
0.00874314193617
0.00851927127049
0.00845560244975
0.0131737431339
0.00846784587355
0.00855770353163
0.0110728501546
0.0108793472195
0.00823638640675
0.00911123275416
0.0103207497511
0.00983238913707
0.00934337676528
0.00942847162598
0.0096263316188
0.00987409935466
0.013187811694
0.0085530472305
0.00830550315227
0.00839333117656
0.0140818242136
0.0105011797979
0.00981769671672
0.00918474975626
0.00944853885701
0.00826363085597
0.0108661872817
0.00974091241883
0.00997832354633
0.0148365423524
0.00830126876471
0.00821929623965
0.00992859445684
0.0085094194709
0.00867087936233
0.00827186338556
0.0102775423005
0.0148437885911
0.0135341482112
0.00836167953134
0.019789304601
0.009200458685
0.0119510016346
0.00820131449877
0.00829368096928
0.00808607874924
0.00841904021612
0.0109587659518
0.00991380942225
0.0104027578192
0.0100726659561
0.00840423000111
0.0136837908814
0.00931681810736
0.0106802407014
0.00814565630249
0.00795243673815
0.0079485346753
0.00806883210325
0.00854662939816
0.00933460812072
0.00974766019753
0.00912396492955
