0.0088510370007
0.00919294256353
0.0106301555025
0.00740135933615
0.00784960037283
0.00993959690066
0.00879981588468
0.0105988454081
0.0121087400165
0.0153213887753
0.0125739201306
0.00822278877383
0.0102959027389
0.00892421327018
0.00749346878658
0.013531808803
0.00796860241097
0.00756719864631
0.00807541584866
0.010690114188
0.00754176155594
0.008800088707
0.00791104755455
0.0095432504073
0.012014019462
0.00843571064728
0.0136704867983
0.0089260294998
0.0146789840354
0.010558859908
0.0129305193597
0.008236595667
0.00906110642648
0.0141170994061
0.00883414081822
0.0113592434038
0.00894841428805
0.0112339274093
0.0102589825423
0.00955208629273
0.00846984660036
0.0109223092713
0.00793409921373
0.00860089243092
0.00769725436836
0.00861318699422
0.00847901825807
0.0100128736518
0.0109206798016
0.0101376400805
0.00783005117717
0.00878594895734
0.00863204430543
0.0116628637609
0.00758395708946
0.0105840265903
0.00937968051069
0.0128384911449
0.00910337023284
0.00962578467399
0.0129576526611
0.0132535546631
0.00745025288625
0.00978648275553
0.0125044498485
0.012971889306
0.00844111206671
0.00807690804478
0.0136411906243
0.00944811217023
0.0108249381639
0.0127807381811
0.00912188174825
0.0090626558871
0.0130425270405
0.00941654178647
0.012821888094
0.00762596272115
0.0137794281597
0.00822454104528
0.00968380927093
0.00877694908492
0.00785899335338
0.0107888258434
0.00847194661789
0.00748846085269
0.0105596610579
0.0125567327781
0.00972825433536
0.0111974200951
0.00785271330246
0.00742370537991
0.00998939193691
0.00827044807532
0.0119593709692
0.0121138152117
0.00995556370768
0.00815505228834
0.00793181427905
0.0135410750448
