0.0146595802446
0.00971595968253
0.00916259644719
0.0092952895741
0.0111239801464
0.00878870695669
0.0122709480601
0.00797829114677
0.0100912744287
0.00865447784107
0.00936549722146
0.00810039819524
0.00817444424048
0.00921873295039
0.00861164780449
0.0117333542239
0.0129165396118
0.0110483211709
0.0104526664386
0.00950956659218
0.00910890629168
0.00796553601684
0.00965297713072
0.00946237003758
0.00877204654634
0.0078831693067
0.0105200101491
0.00822853641339
0.00949979221536
0.00962034474001
0.00915777766175
0.00864445790069
0.00805834352593
0.0105443275689
0.0107079507847
0.010178522468
0.0108419432247
0.00956086168545
0.0125656735953
0.00967033582411
0.0107826182733
0.0113484695829
0.0125384092899
0.00898438773848
0.00855645908539
0.0108002687922
0.00872608342126
0.0100556082699
0.0095501110476
0.0108231434278
0.0105190866022
0.00804544879579
0.0134489117428
0.0110353850231
0.0100299839814
0.0102457120742
0.0122116701498
0.0102376095889
0.0123782548344
0.00863068773638
0.00990170276427
0.0096161341502
0.00903130959023
0.0108931706181
0.0103140105131
0.00814800784626
0.00875907800189
0.00979596492162
0.00964746482324
0.0117313234965
0.00793563103557
0.00840700577171
0.0147975591746
0.0142998059405
0.00803942815673
0.00794097638539
0.0095446725235
0.0101226247218
0.00851572409397
0.00791216907194
0.0101612849504
0.0119912337359
0.00789421073507
0.00829955396403
0.0116889202822
0.0130076592277
0.0106453353661
0.0106493331087
0.0103047200286
0.0100914457864
0.00787708391807
0.010567532678
0.0103431341805
0.0116680781679
0.0113225295852
0.00997592602835
0.00971973184924
0.00810940210488
0.0102112054148
0.00965344976421
