0.00740554672537
0.00950416573196
0.00745931142088
0.00937519632369
0.0128065377554
0.00823527846947
0.00971616783705
0.00719649278057
0.00805794759468
0.0088163010531
0.0110333830873
0.00712626905244
0.00803641489816
0.0125442670356
0.0084619208777
0.0158256238622
0.00800556597481
0.00760398379637
0.0124677771748
0.0188262940285
0.00820992604945
0.00858165771091
0.0075457362925
0.0097195836001
0.00939246766561
0.00860258765987
0.010154787507
0.0071945297879
0.00765521261179
0.0088804905902
0.0191316562053
0.00975667415595
0.00967028648268
0.026450725186
0.00944353628295
0.00714599935562
0.00788315676131
0.00734648674876
0.00777548684479
0.00765795496316
0.00852485858851
0.0082335237861
0.00845145004929
0.0114394689782
0.00718536716926
0.00766008750369
0.0120082337633
0.00740656861225
0.0077648047559
0.0129765402983
0.0142380539798
0.0177608207201
0.00775540748176
0.0153025091542
0.00764794062989
0.00746520314454
0.00718845492077
0.00957332025438
0.0115877957369
0.00800684303518
0.0212393266779
0.00710801490612
0.00829169248157
0.00990175901588
0.00789206413289
0.0180581852515
0.00742628843657
0.0108639843097
0.0135685983229
0.0109038362242
0.015679268163
0.00762315144855
0.0125925348726
0.0071946601913
0.0134074111864
0.00771126037325
0.00782139210053
0.00843877141917
0.0135966566571
0.00740276664522
0.00997440720611
0.0166043384512
0.00976238743577
0.00825504101371
0.00892280584886
0.00755955761986
0.00840534467118
0.00885197012494
0.00835218309119
0.00926477732016
0.00983200506619
0.00823576128268
0.0128418579294
0.00808333283316
0.00731226471683
0.0107130600183
0.00759514018883
0.00746397803204
0.0110519082067
0.00931561562214
