0.00837584621535
0.00739324974047
0.00758554381882
0.00811666486322
0.0115486883652
0.0147646119758
0.0145920664829
0.00869022271242
0.00751030065804
0.0106621928326
0.0132075363081
0.0073729019343
0.00986810470375
0.00891087143181
0.00949561013705
0.00774430462247
0.00841934941389
0.0108831750059
0.008968238383
0.00826983134006
0.00744057287641
0.00890372793299
0.0129510630583
0.00838796097171
0.010038622652
0.00809015584264
0.0114240888707
0.0108164594364
0.0121929882386
0.00788712338159
0.00779286885987
0.00740426919386
0.00827148737279
0.0134205267267
0.0073876230571
0.0109504783585
0.0171753012
0.0093559887291
0.00746964613799
0.0114809688391
0.0122505906064
0.00914256748188
0.00865007223889
0.0115823418736
0.00766984668486
0.00751356027457
0.00783561405792
0.0155100047875
0.0117464059371
0.0099283469204
0.0084638695777
0.00809290454616
0.0084818189687
0.00839613036688
0.00792956489359
0.00957805741728
0.0110606246672
0.00879267114198
0.00750038504212
0.00862420666149
0.00840840403273
0.00906472418887
0.0106628069561
0.00793866513221
0.0216528654954
0.0108814085734
0.010017472024
0.00740883880612
0.00774334311101
0.00756277228053
0.00776874835227
0.00930012920062
0.018154504559
0.00907211389766
0.0131796956715
0.00909170000028
0.0110783924232
0.0102712308761
0.00776434318233
0.00929337446369
0.0146973635343
0.00863592709801
0.00822411639296
0.010197032607
0.0166175889478
0.0118427076316
0.00881829210994
0.0117667755902
0.0099337927708
0.0102515728948
0.0139101976459
0.00778827899021
0.00800766128976
0.0113102427864
0.0114723876554
0.00885911862148
0.00909862325636
0.0124254842732
0.010560186598
0.00929629925125
