0.00946943555602
0.0102633198383
0.00881542724475
0.0100007706704
0.00895892146415
0.00888854169632
0.0097405331039
0.00968353434523
0.0100460920062
0.00984802418663
0.00870080255136
0.00816289964748
0.00850716398922
0.00863436112396
0.0115655167408
0.0101968842252
0.0138404314239
0.0141414680156
0.00906593803808
0.00823365217909
0.0103732205546
0.00847646364951
0.0139585315066
0.00805426894305
0.00794544151709
0.0107079807399
0.00865273364543
0.00926463833222
0.00889809213377
0.0104784393255
0.0117131181561
0.00984913441285
0.0100163808647
0.00813019415144
0.0127716210211
0.0087589905862
0.0130434949184
0.00939670490172
0.00803627144209
0.00794392050998
0.00849375869357
0.0102853833734
0.012922184116
0.0101767644677
0.0102934978113
0.00987917134929
0.00946455500662
0.0144321231756
0.00954255685809
0.0135074551429
0.0102332280236
0.00968604994034
0.00886470518775
0.00961434103294
0.00945847432435
0.00965996785438
0.0104717929124
0.00987560289025
0.00917495094037
0.00983311709521
0.007862475359
0.014385480688
0.0124807773195
0.00820277975806
0.01574484079
0.00883999761486
0.00954847852622
0.00879083743389
0.0107883488378
0.0090678837757
0.0114565615301
0.00922533301352
0.00970135349976
0.0081416993583
0.00874483257379
0.0133682298081
0.00812163352335
0.00904305833451
0.0082578174902
0.0109260719793
0.0086728470877
0.0133187684126
0.0110770183443
0.0109165474795
0.00964769560441
0.00835776714997
0.00812113232223
0.00849574956957
0.0095531587305
0.00808839178579
0.0110485405827
0.00884996839211
0.00881350215393
0.0124930501004
0.0105544715047
0.00855458093858
0.00912269073614
0.0120557202816
0.0110725211815
0.00938434687299
