0.00845302889656
0.00798071463858
0.00867222978613
0.00821482056323
0.0106361971568
0.0132815790204
0.00849976805545
0.00922049920123
0.00951800149783
0.0146491830465
0.00873067529908
0.00836714223511
0.00982818693952
0.0110203304128
0.00831507062047
0.00977051683524
0.0109674495805
0.00761799508052
0.00970667556683
0.00792204744373
0.00961304624325
0.00897915459497
0.00899158703266
0.0145500192897
0.0157931942091
0.00947219511646
0.013373957757
0.0105798723026
0.0125974416021
0.00821988274642
0.00826545783743
0.0113171668495
0.0139327822881
0.0077247270089
0.0094814066274
0.0122476058332
0.00918087237278
0.00828876062933
0.00826170354102
0.00868120287103
0.0103899753085
0.0119060720518
0.00805734227527
0.00891393305781
0.0125180706247
0.00803506371407
0.012043979537
0.0091215264896
0.010307782897
0.014978828129
0.00963406531175
0.0114902643034
0.0132875819318
0.0109358913509
0.00833541005457
0.0101053106318
0.00841896324685
0.00820818978275
0.00856850833583
0.00763418401956
0.0092818561077
0.00938745551006
0.00763975039519
0.010981489731
0.00820661830054
0.0114772583513
0.00917657327252
0.0139706623605
0.0161555833078
0.00933944871338
0.013031518704
0.00943879582571
0.00781400921844
0.00831176888217
0.0133058916727
0.00819117808756
0.0131740577083
0.0095474447779
0.00849961178819
0.00894148968698
0.00887281941526
0.00789079400602
0.00826542822467
0.00800238488782
0.00876546164662
0.00778150949623
0.0124218459818
0.0101247741907
0.0114348102471
0.00891176384401
0.0117406964746
0.00769878694291
0.00791433928851
0.00923499810842
0.00824469142535
0.00982237114091
0.013195054617
0.00944944102757
0.00994041418237
0.0106000607666
