0.00919513697709
0.00796341402401
0.0079364685053
0.0124287838947
0.00874328791069
0.0125882153701
0.0100496486821
0.0088537018067
0.0112598795759
0.0080018126622
0.0122262111087
0.00824257293523
0.0121050374514
0.00974267414682
0.00822366619715
0.00873388148
0.010633344564
0.00776238113641
0.00779289052954
0.00856092312108
0.0101897180462
0.0174954823937
0.00839129440521
0.0102930413364
0.0120130428782
0.010355974243
0.0122425416735
0.00814883955527
0.0131091700012
0.00799124340699
0.00899395534839
0.00832966089058
0.0186063711907
0.00826465572768
0.0102760357139
0.00830855775117
0.0094608521113
0.0093943317152
0.0154575444521
0.00785863861985
0.00967799880042
0.0104426230269
0.0129628613029
0.0083583153377
0.0109465251485
0.00853466623354
0.0118537159421
0.0086529312908
0.0114357758144
0.00870929001104
0.00930206277759
0.0124210911942
0.00910740308723
0.00792242945496
0.0120571600056
0.00820714870857
0.00782240575346
0.00833228259679
0.00928160136913
0.00794282116998
0.00981129576447
0.0155655763728
0.00992202985043
0.0129092643663
0.00842670315729
0.0121620181003
0.00863730920281
0.00867500417894
0.0110164767834
0.0090974486758
0.0091640983281
0.00788169917664
0.00949271714521
0.00931000503138
0.00936751709128
0.00826633476023
0.00849698615731
0.00810164421244
0.00995657522037
0.00807234258459
0.00816476102513
0.00890980486223
0.00788805936542
0.0157665426416
0.00853833990722
0.0107053127119
0.0111728216501
0.00828660046529
0.0160863820941
0.00829229221834
0.00986097344066
0.0107849153561
0.00953558036505
0.00801602303835
0.0115799832893
0.012334013661
0.0078035762753
0.0107043257543
0.00788602703557
0.0131546261177
