0.0107741237163
0.0118760349484
0.00801702327691
0.00883024188145
0.00958625489849
0.0086329763241
0.00872101879156
0.0117214694924
0.0152406510081
0.00948512593972
0.00819403386364
0.00875735218572
0.00821189430399
0.00795708283622
0.00968882460073
0.0111808083296
0.00862620795114
0.0108916938694
0.00776174400123
0.0117999412945
0.00811976533981
0.00898321794421
0.00934895400942
0.00899228784205
0.012654807143
0.0111280899356
0.0115266910066
0.00940437079823
0.0157475617868
0.00775974327602
0.00861649187178
0.0097805977432
0.0203531212797
0.0115465357535
0.00874976663887
0.00871613246835
0.00982090591584
0.00800338372936
0.00954752938195
0.0136046814954
0.00816926741401
0.00772797803512
0.00840585170895
0.0085331131237
0.0077519383081
0.00959376436614
0.00775919324478
0.00962434969014
0.00847743186225
0.00918630510625
0.00960421519809
0.0148862460684
0.0200226832024
0.00908934524475
0.0082284839339
0.0110419560537
0.00827476364923
0.00852383434249
0.00976779636605
0.00836130285121
0.00878484104655
0.0107441502686
0.00974127517073
0.00803141998564
0.0129550862575
0.0109943707829
0.00837957900324
0.00772278186846
0.00825316813293
0.0131200406251
0.007988072311
0.00835407217417
0.00862424900631
0.010171118689
0.00993171257001
0.0189467064904
0.010452678976
0.0102904783501
0.00824076184852
0.00999652170056
0.00846118443493
0.00868083000231
0.00932044812239
0.00927291902217
0.00947339095979
0.00788658962752
0.00815517862127
0.00859826162103
0.00879792916202
0.00818408101408
0.0175391763194
0.00777662319632
0.00926872232258
0.00769797661971
0.0084177039449
0.0106948668939
0.0141388988004
0.0111555061452
0.00951570294848
0.0138519663209
