0.0124979345048
0.00940325667396
0.0121983169313
0.00839721739675
0.0111668857584
0.0115066638339
0.00995533001044
0.0089461649966
0.00993367514283
0.00915435290802
0.011141211424
0.00938399152823
0.0106551694711
0.008660905244
0.00951735940691
0.0100896336427
0.00841382804832
0.00832306854503
0.0103312655121
0.010533696794
0.0113042081788
0.00868284940354
0.00929830146876
0.0110832290242
0.00902179508309
0.0086381396312
0.00851644324213
0.00854051728107
0.0084605838465
0.011782515752
0.00978311636764
0.0101024872509
0.00937389575669
0.00873389976958
0.0105250966123
0.0101696078113
0.00891342669664
0.00977106072338
0.00817648319753
0.0124549731982
0.00823254898944
0.00915478060865
0.00960450923022
0.00953193801735
0.00904528767605
0.00831681167702
0.00918672074272
0.0085435931186
0.0110499984138
0.013814331905
0.00837933481901
0.00962808685769
0.0109538714059
0.0105561511609
0.00814095541127
0.0120030105016
0.00904605462426
0.0123292503994
0.0140585818376
0.00815762871823
0.0123361729567
0.00842626213728
0.00913769756137
0.00901573825963
0.00895610249822
0.00844820234413
0.0111391920496
0.0106183301453
0.0101035335841
0.0102128552624
0.00885714011004
0.011256036514
0.00873132447221
0.0126720186599
0.00883063833764
0.00820393202656
0.0109012981239
0.008271835853
0.0127582048835
0.0107089868695
0.00807238679393
0.00945548207006
0.0125663971818
0.0114365445578
0.00995443265397
0.0135758407391
0.0124804448749
0.00830239109857
0.00906942669798
0.0128352040449
0.00936924242566
0.00836778969761
0.00818788855668
0.0101962511663
0.0122985357254
0.0106745575229
0.0115257088252
0.00967577899854
0.010613001868
0.00848118766805
