0.00905505764392
0.00975364466803
0.0103863973593
0.0119104753924
0.0101563815179
0.00841073371013
0.0108787522189
0.0119059064366
0.00872345724257
0.0121209139759
0.00977533834873
0.0111851718397
0.0108896541146
0.0105121407643
0.0101304178631
0.00966814919816
0.00852076287933
0.0109392610714
0.00957070770948
0.0107692624077
0.0084141940543
0.00980580172817
0.0120260037395
0.0101787881208
0.00807813148429
0.00911454694304
0.0093915670667
0.0111030771429
0.00954894414539
0.00799781233131
0.00902097306384
0.00963309184113
0.0101797591049
0.00820173723094
0.0141515100756
0.00960968934446
0.010091536482
0.013254105965
0.0116860791166
0.01378799271
0.00918425290098
0.00969524611805
0.00898386119081
0.00818258502007
0.00980678523817
0.00896550325178
0.0125280949281
0.0106367293283
0.0114534514322
0.00907034168888
0.0111456837781
0.00917829741477
0.0080919748961
0.0143009695246
0.00817096035644
0.00938930868685
0.00822181145688
0.0146755611869
0.00903099989552
0.00873780816632
0.0102364584542
0.0107708816307
0.00931281587311
0.0104699521867
0.00921820050708
0.00869310425529
0.00875101088797
0.0127293656054
0.00916005783316
0.00950171809787
0.0116563386822
0.00894778905658
0.0098437783616
0.00998700446958
0.00815415419433
0.0085144625034
0.011432679147
0.00831343530408
0.0120485569751
0.00943822845642
0.0106552514771
0.0105137594709
0.00970763658382
0.0088786374812
0.00873655609309
0.0118248880451
0.00995300862389
0.0089576519414
0.00890913256878
0.0098910408578
0.0111385454113
0.00892718142743
0.0100813286053
0.0109605090667
0.00830456978482
0.0107661891215
0.00924475848734
0.00937653311719
0.00801947743973
0.00798519740084
