0.00952298785639
0.010803604488
0.0107388016426
0.00911638843742
0.0119210259908
0.0129613803532
0.00930248366171
0.008680959176
0.00997842712985
0.00835904898671
0.00883549849217
0.0106112626021
0.0100657832709
0.00819527625096
0.0105546186739
0.00874148606893
0.00860724449659
0.0130177634466
0.00830753382244
0.00840946260891
0.0108856978611
0.00922379874434
0.00929461210224
0.00897600343057
0.0134348543681
0.0112166693304
0.0117646175433
0.00872597360348
0.0125391906802
0.00997796361438
0.00917864398655
0.00935652787358
0.00897504023289
0.0100111881817
0.0116711962761
0.00821109644849
0.00867703693832
0.0101204971401
0.0111914305246
0.0126427969613
0.00987485400086
0.00926332460036
0.00867564738612
0.00952583638932
0.0113732408128
0.00811874340655
0.00872013319854
0.00855383237462
0.00924249495895
0.0112553760438
0.0109766140179
0.00820158688436
0.0102988161115
0.0098595235598
0.00942934458628
0.0102913152539
0.00923937153353
0.00991898643116
0.00962567371764
0.00882559936618
0.00821461170269
0.0103073656563
0.00822916157495
0.00903471034936
0.00855946614513
0.00936270803417
0.0101535318601
0.00928868365108
0.00978801862875
0.00847528155288
0.0115989847086
0.0102307656807
0.0122144650766
0.0100261281567
0.0100336028754
0.00904728037587
0.00853467950689
0.0119304025321
0.0149242767878
0.0112148916219
0.0117370513612
0.0104571133625
0.00811815655881
0.0120994992403
0.0116337120933
0.00899124497006
0.00922064022752
0.00993077942225
0.00993627062536
0.00895351710797
0.0104974948006
0.00907136540297
0.0101186400304
0.00812382345651
0.00898718237113
0.0139699017556
0.0100140290352
0.0105044552682
0.00960096589872
0.012788952601
