   25.00    25.00 0.860
   25.00   466.67 0.660
   25.00   908.33 0.660
   25.00  1350.00 0.660
   25.00  1791.67 0.660
   25.00  2233.33 0.660
   25.00  2675.00 0.658
   25.00  3116.67 0.657
   25.00  3558.33 0.657
   25.00  4000.00 0.657
  466.67    25.00 0.660
  466.67   466.67 0.454
  466.67   908.33 0.693
  466.67  1350.00 0.678
  466.67  1791.67 0.315
  466.67  2233.33 0.417
  466.67  2675.00 0.395
  466.67  3116.67 0.376
  466.67  3558.33 0.372
  466.67  4000.00 0.368
  908.33    25.00 0.660
  908.33   466.67 0.693
  908.33   908.33 0.631
  908.33  1350.00 0.640
  908.33  1791.67 0.636
  908.33  2233.33 0.753
  908.33  2675.00 0.537
  908.33  3116.67 0.377
  908.33  3558.33 0.377
  908.33  4000.00 0.377
 1350.00    25.00 0.660
 1350.00   466.67 0.678
 1350.00   908.33 0.640
 1350.00  1350.00 0.641
 1350.00  1791.67 0.623
 1350.00  2233.33 0.696
 1350.00  2675.00 0.511
 1350.00  3116.67 0.377
 1350.00  3558.33 0.376
 1350.00  4000.00 0.376
 1791.67    25.00 0.660
 1791.67   466.67 0.315
 1791.67   908.33 0.636
 1791.67  1350.00 0.623
 1791.67  1791.67 0.638
 1791.67  2233.33 0.391
 1791.67  2675.00 0.377
 1791.67  3116.67 0.377
 1791.67  3558.33 0.377
 1791.67  4000.00 0.377
 2233.33    25.00 0.660
 2233.33   466.67 0.417
 2233.33   908.33 0.753
 2233.33  1350.00 0.696
 2233.33  1791.67 0.391
 2233.33  2233.33 0.377
 2233.33  2675.00 0.377
 2233.33  3116.67 0.376
 2233.33  3558.33 0.373
 2233.33  4000.00 0.370
 2675.00    25.00 0.658
 2675.00   466.67 0.395
 2675.00   908.33 0.537
 2675.00  1350.00 0.511
 2675.00  1791.67 0.377
 2675.00  2233.33 0.377
 2675.00  2675.00 0.377
 2675.00  3116.67 0.377
 2675.00  3558.33 0.373
 2675.00  4000.00 0.370
 3116.67    25.00 0.657
 3116.67   466.67 0.376
 3116.67   908.33 0.377
 3116.67  1350.00 0.377
 3116.67  1791.67 0.377
 3116.67  2233.33 0.376
 3116.67  2675.00 0.377
 3116.67  3116.67 0.376
 3116.67  3558.33 0.373
 3116.67  4000.00 0.370
 3558.33    25.00 0.657
 3558.33   466.67 0.372
 3558.33   908.33 0.377
 3558.33  1350.00 0.376
 3558.33  1791.67 0.377
 3558.33  2233.33 0.373
 3558.33  2675.00 0.373
 3558.33  3116.67 0.373
 3558.33  3558.33 0.373
 3558.33  4000.00 0.374
 4000.00    25.00 0.657
 4000.00   466.67 0.368
 4000.00   908.33 0.377
 4000.00  1350.00 0.376
 4000.00  1791.67 0.377
 4000.00  2233.33 0.370
 4000.00  2675.00 0.370
 4000.00  3116.67 0.370
 4000.00  3558.33 0.374
 4000.00  4000.00 0.377
