0.00796833930094
0.00905586348243
0.00839291296608
0.00783939800704
0.00953717654661
0.00797670510077
0.00913915420612
0.0128208115763
0.0106781422818
0.0092875066815
0.00818756544727
0.00790258542476
0.0113369594842
0.00813545141424
0.00812115756949
0.0119932041512
0.0184236207582
0.00852709214471
0.00829484934034
0.00864958829847
0.0124069113957
0.0133589585722
0.0100208116566
0.00824636337135
0.00936956231264
0.00854332983588
0.00917758830228
0.014693570535
0.0122386819266
0.0116176506719
0.0154148620003
0.00923925746796
0.00947986220038
0.00784042395037
0.00805792935918
0.00880356581859
0.0162700830558
0.0134686455753
0.00819943265631
0.0085439597065
0.0101911005943
0.00787560234479
0.0102832727286
0.012103566051
0.00777450254837
0.0106415266536
0.00859689555931
0.00776191844572
0.014781417507
0.00988543922776
0.0111869312739
0.00953385318801
0.0108276755389
0.0110521805846
0.00871266212273
0.008958812633
0.0124047777401
0.00988093743677
0.00870920152819
0.0124527946552
0.00996523995914
0.0126101256326
0.00884547464915
0.00824176588615
0.0109646280461
0.0103025295218
0.0120356334887
0.00929872243797
0.00791415182613
0.0131065940097
0.00780657006743
0.00791576547313
0.0103955919344
0.00958120859372
0.00865745079737
0.00807829995182
0.0105805669459
0.00798141927372
0.0136078900975
0.00829568410239
0.0108653369906
0.00788034351476
0.00999622490082
0.0108860590315
0.00915977905802
0.00940363124091
0.0180452503666
0.00789577955616
0.0100267160029
0.00839365465974
0.00892413424555
0.00813576419471
0.00820575030908
0.00795904309169
0.00887677641716
0.0103873647986
0.00890587609815
0.00916975603926
0.00941937574526
0.0104034681284
