0.00876559807375
0.00911191949928
0.0114714566216
0.00841411360353
0.00787210311051
0.0081231534852
0.00890855721819
0.00852757548782
0.0158334967854
0.00834585864532
0.00924585372904
0.00907251535556
0.0102697622169
0.00883418612673
0.0106749979835
0.00921365993241
0.0105741293178
0.00932082601744
0.00829411791853
0.00874080467426
0.00933011152249
0.0082471265265
0.00940412616665
0.00927990552732
0.00868814261042
0.00952381767681
0.00936027840037
0.017172233126
0.00777637576184
0.0193657652652
0.00842352887491
0.0138123006739
0.0128384471137
0.00851875331916
0.00811508366678
0.00864750837347
0.00922267250404
0.00951050998708
0.0123814572218
0.012340856156
0.00904774861354
0.00782935471032
0.00909185085096
0.0078732491487
0.00807976770434
0.00819863605076
0.0130236944585
0.0121292835712
0.013366500685
0.00891825017997
0.00790392511509
0.0135965639896
0.00892992692316
0.00962674505725
0.0132853272021
0.0096921747887
0.00848260076694
0.0080554432309
0.00884782150079
0.00830883481302
0.0101299977445
0.0131664485404
0.00885758746183
0.00833838224935
0.0101486002812
0.0111897505554
0.0145456536161
0.00786016590438
0.0125740776982
0.0128548852699
0.00857238860165
0.00988853206133
0.0108627682774
0.0087705669759
0.00873348869779
0.00800154015713
0.00817956715962
0.0110908029431
0.00830679453996
0.00843515930788
0.00837882991446
0.00804620218688
0.0116829474365
0.0122650631221
0.0132616335158
0.00838438792631
0.00821801299794
0.00835653185452
0.0150231293992
0.00873500903447
0.00985870077866
0.0094175618973
0.00973648700448
0.00968418286164
0.0108330266976
0.00881717941279
0.0102147152122
0.00950468951755
0.0104871874902
0.0127259780584
