a    b    distance0    NDraws    time    dist_threshold1    
0.964600631426    2.52064559518    0.0382240166786    3    0.161803007126    0.0646174794231    
1.05311006853    2.54491404242    0.0537361946991    3    0.162225008011    0.0646174794231    
1.01041737947    2.61154198723    0.0101872896061    7    0.197845935822    0.0646174794231    
1.00182326047    2.52481145003    0.022520163145    4    0.102262020111    0.0646174794231    
0.999898275484    2.58541556232    0.0167199689811    5    0.138366937637    0.0646174794231    
1.03630975306    2.53622631946    0.0395319577474    3    0.0840001106262    0.0646174794231    
1.02869682857    2.45191409393    0.0522753388935    1    0.0632081031799    0.0646174794231    
1.05333601047    2.57666877382    0.0574767618069    3    0.0729699134827    0.0646174794231    
1.01079119846    2.53845793575    0.0286803062126    2    0.0511879920959    0.0646174794231    
0.983021593612    2.46454578846    0.0173025152163    2    0.0504031181335    0.0646174794231    
0.97759493486    2.50402296486    0.0449706792855    1    0.0247809886932    0.0646174794231    
1.00401284692    2.48244563608    0.0369742739978    1    0.0271260738373    0.0646174794231    
0.973775441527    2.52842896379    0.0616168191114    9    0.233597993851    0.0646174794231    
0.98733894099    2.50721115724    0.0226730638531    6    0.158812046051    0.0646174794231    
0.997179303675    2.52179274629    0.0195288044991    7    0.378793001175    0.0646174794231    
1.00066358197    2.52979825556    0.0516015589714    1    0.0308749675751    0.0646174794231    
1.02712365902    2.63750946238    0.0581679959898    1    0.0297441482544    0.0646174794231    
0.96375583691    2.49825406599    0.0599645329487    1    0.0265409946442    0.0646174794231    
0.99938924477    2.46434880017    0.0598397180146    6    0.17317700386    0.0646174794231    
1.01701805658    2.51959184469    0.0528283263564    3    0.0876910686493    0.0646174794231    
0.9839603948    2.5090327488    0.0176770479428    3    0.0877439975739    0.0646174794231    
1.01960363364    2.61289852765    0.0635947650479    6    0.143023967743    0.0646174794231    
0.99072184394    2.57185120075    0.0289619190786    2    0.0471849441528    0.0646174794231    
1.03291724482    2.54578126503    0.0344474838441    5    0.120275974274    0.0646174794231    
0.964894203862    2.51569556725    0.0439512540135    1    0.0242059230804    0.0646174794231    
1.03940136574    2.52996525537    0.0562589119234    1    0.0251519680023    0.0646174794231    
1.04216908455    2.50742949356    0.0411071131587    2    0.0628230571747    0.0646174794231    
0.940946984528    2.5484579214    0.0601821142587    1    0.027407169342    0.0646174794231    
0.970637427712    2.47465881525    0.049452284015    2    0.0560209751129    0.0646174794231    
0.98950171013    2.48468799994    0.0491906525589    3    0.0744321346283    0.0646174794231    
1.04700343057    2.55645918624    0.0585392212502    1    0.0249018669128    0.0646174794231    
0.981581559156    2.53426350791    0.0605203806946    1    0.0262670516968    0.0646174794231    
0.998397686554    2.5209691649    0.03738997426    3    0.120635032654    0.0646174794231    
1.01727901038    2.4740991835    0.0171198769781    1    0.0282220840454    0.0646174794231    
0.989341871169    2.46586406332    0.0243402797986    1    0.0298202037811    0.0646174794231    
0.989914722973    2.58449145216    0.0616050166798    2    0.0930588245392    0.0646174794231    
1.04282827827    2.52484797087    0.0500552607657    1    0.0303680896759    0.0646174794231    
1.02631973051    2.4862507249    0.0262979496355    6    0.166527986526    0.0646174794231    
0.996717005383    2.51153830791    0.0339288734813    6    0.171970844269    0.0646174794231    
0.939128838821    2.54997705536    0.0623746180992    1    0.0282351970673    0.0646174794231    
0.99107089313    2.5218517412    0.0176619049005    1    0.0321099758148    0.0646174794231    
1.02787481465    2.55977041407    0.0488516275413    3    0.0928258895874    0.0646174794231    
0.95828574859    2.50360108992    0.0626809125748    5    0.17773103714    0.0646174794231    
0.976720507252    2.47971082845    0.0437510510375    1    0.0290100574493    0.0646174794231    
0.984672017991    2.60381600551    0.0628673759014    3    0.0892531871796    0.0646174794231    
1.03046654673    2.54119562351    0.0338403417556    1    0.034294128418    0.0646174794231    
0.969989591316    2.55295582484    0.0375991841968    2    0.0612881183624    0.0646174794231    
1.01682052279    2.45688721141    0.061581904379    2    0.0585570335388    0.0646174794231    
1.01181030639    2.58221817328    0.0218085541444    2    0.0572290420532    0.0646174794231    
0.958801387962    2.52464399165    0.0418866335152    4    0.122330904007    0.0646174794231    
0.995196096203    2.53870091851    0.00989797621816    1    0.027617931366    0.0646174794231    
0.992944834134    2.48846082189    0.0384157288052    2    0.0623309612274    0.0646174794231    
1.03511588698    2.4751264403    0.041439106342    4    0.118514060974    0.0646174794231    
0.97639642637    2.54253949832    0.034829237841    1    0.0290570259094    0.0646174794231    
0.967578248419    2.4680364118    0.0436498196026    1    0.0288169384003    0.0646174794231    
1.00340695148    2.49328291321    0.044218012519    1    0.0313708782196    0.0646174794231    
1.01174283948    2.49744604681    0.0270022752926    2    0.054582118988    0.0646174794231    
0.988056887892    2.55731544712    0.025044496786    3    0.0830261707306    0.0646174794231    
1.05649323805    2.53926193627    0.055889699027    2    0.0607860088348    0.0646174794231    
1.02019952138    2.58016939887    0.0385407264607    5    0.148662090302    0.0646174794231    
1.02717222562    2.48719887506    0.0384669997355    5    0.147727966309    0.0646174794231    
0.988081758096    2.50767574098    0.05501133494    7    0.203813791275    0.0646174794231    
1.00370150724    2.52900117906    0.018092060186    1    0.0290629863739    0.0646174794231    
0.981751753068    2.48772189466    0.0209431865764    3    0.0956108570099    0.0646174794231    
1.03939555392    2.53741702957    0.0392929355004    3    0.0885651111603    0.0646174794231    
1.00455563028    2.55937418663    0.00729296002113    1    0.0328888893127    0.0646174794231    
0.956749896868    2.57624286281    0.0438229433554    1    0.0295748710632    0.0646174794231    
1.00929075439    2.57254434152    0.0444157651832    1    0.0294580459595    0.0646174794231    
0.979840183846    2.54040928728    0.0378654353342    10    0.316324949265    0.0646174794231    
0.993735091052    2.51408868109    0.0271464155273    1    0.0300707817078    0.0646174794231    
0.987768012924    2.55620474107    0.0173005608101    2    0.0593299865723    0.0646174794231    
0.957064087507    2.4496019718    0.0575159362919    3    0.0889191627502    0.0646174794231    
0.978913290464    2.50110508841    0.0571821637712    2    0.0610978603363    0.0646174794231    
1.02833551754    2.47602000539    0.0445649897004    4    0.11832690239    0.0646174794231    
0.95600915431    2.49143960515    0.0452646824503    3    0.0910310745239    0.0646174794231    
1.0046316335    2.49898498593    0.0159200935669    3    0.088653087616    0.0646174794231    
0.98379307804    2.52972155882    0.0181879275209    3    0.0890572071075    0.0646174794231    
0.946278399593    2.55706225775    0.0630245910634    1    0.0298340320587    0.0646174794231    
1.03069474432    2.52787025014    0.031097094413    2    0.0584568977356    0.0646174794231    
1.02643228044    2.51562830318    0.0460270046233    3    0.0885169506073    0.0646174794231    
0.944527841819    2.56842232063    0.0620058615434    4    0.116539001465    0.0646174794231    
1.03435664028    2.53299277513    0.03462285925    6    0.174988985062    0.0646174794231    
1.02832031047    2.56862490468    0.0337518663213    2    0.0584750175476    0.0646174794231    
0.942372426323    2.52150353886    0.0589175148245    4    0.122569084167    0.0646174794231    
0.942616616942    2.54902288026    0.0595883450672    4    0.11404299736    0.0646174794231    
0.96403290528    2.54362985756    0.0427560876128    1    0.029256105423    0.0646174794231    
1.04280093822    2.48880096286    0.0614461307839    3    0.0849478244781    0.0646174794231    
1.04289632076    2.59163603509    0.0606906233236    3    0.0860049724579    0.0646174794231    
1.04963570952    2.59684079267    0.056472195262    4    0.10546708107    0.0646174794231    
0.989186451972    2.50044099356    0.0180865476869    2    0.0474228858948    0.0646174794231    
0.962711138785    2.51159575048    0.0379818814004    1    0.0239219665527    0.0646174794231    
0.980535927572    2.52751316979    0.054857462479    1    0.0288960933685    0.0646174794231    
1.03599173464    2.55062323086    0.0451736381132    8    0.22371006012    0.0646174794231    
0.985707925352    2.54642530772    0.0461496491752    1    0.0236411094666    0.0646174794231    
0.990196531973    2.48760764366    0.0321080218484    2    0.0491049289703    0.0646174794231    
0.993666590916    2.4704401987    0.0486955394737    2    0.0453391075134    0.0646174794231    
1.02001095261    2.51253048566    0.060580720916    6    0.141294956207    0.0646174794231    
1.03602046558    2.52411434429    0.0455217907867    1    0.022665977478    0.0646174794231    
0.999904258213    2.6028721698    0.0300350213191    1    0.0289831161499    0.0646174794231    
0.959421831054    2.48566813036    0.0632663730843    5    0.139501094818    0.0646174794231    
