0.00796755626205
0.0110451058002
0.0102297789149
0.00813407695575
0.0090546136921
0.00808170596061
0.008059631191
0.013763731987
0.00999683902043
0.0105064204106
0.00858835792283
0.0103930107355
0.0118772112199
0.0109881537364
0.0110383215302
0.00945654103961
0.0149628450524
0.00947523071189
0.0108301755049
0.0099451488122
0.0105429769155
0.00820593223768
0.0116313713913
0.011984742608
0.0085256619657
0.0108121866683
0.00861164150875
0.0123444491919
0.00889119465578
0.00881844104598
0.0109980956757
0.00887902572342
0.0105554786103
0.00801840107358
0.00898972604724
0.00854304791884
0.0111489723173
0.008293595839
0.0132747157384
0.00927005762952
0.010545326082
0.0113613951887
0.00861839855328
0.0107091838821
0.0126446336039
0.0103614310995
0.00932541650496
0.0144973249779
0.00823600137536
0.0104153707234
0.00882259841788
0.00944917756092
0.00875362179529
0.0101834286239
0.00847469704042
0.00986346412561
0.0082068533535
0.00838772658958
0.0114320121529
0.0127018182257
0.00840296947422
0.0092810446283
0.00949668690935
0.00815167503843
0.00830955697925
0.00983438638092
0.00817666418671
0.0127303339113
0.0102729418695
0.0109408541549
0.0110283282459
0.00938042718726
0.00887163697849
0.00871441385151
0.0135381595828
0.0139826694054
0.00881298414666
0.00929726272723
0.00914349805571
0.0109862893598
0.00789870974749
0.0112460707644
0.00840266509335
0.00793904444118
0.00888947006838
0.00882653592781
0.00889010291088
0.0100146788717
0.0121155900213
0.00952290447943
0.00793845266394
0.0142140668571
0.0115972654829
0.0086011128327
0.00915459512643
0.0108732508203
0.00796097619775
0.0103748648913
0.0111022915287
0.00936051709994
