0.00837367227862
0.0113508743747
0.0106332470396
0.00802531846225
0.0115722409689
0.0124310112612
0.00962780462829
0.00973177706383
0.0102797883752
0.0104651718483
0.00864263229719
0.00868239377225
0.0115131954231
0.00964659563519
0.00824593763557
0.0119227506453
0.0114545610019
0.00860145908496
0.00819411427293
0.00924914969017
0.0142778990037
0.00896447327447
0.00782668576745
0.00781511620907
0.0120333399779
0.0119066245309
0.00879299934379
0.0101287048648
0.00922654696377
0.00814388952717
0.0131766778716
0.00969406760545
0.0084372360678
0.0137306745759
0.00927867955754
0.0141514131595
0.00962788004754
0.00776793200046
0.00871905652044
0.0122036734493
0.00777000136667
0.0105508239969
0.0107651206841
0.00848381897771
0.0112206374607
0.00889004070992
0.00804269548166
0.0121757934953
0.0111512229463
0.00798617056099
0.00998999501334
0.00829441979159
0.0107653638748
0.00829104936634
0.0137264023659
0.0109100612789
0.0135024635684
0.00843090624733
0.0109636126947
0.0082974019553
0.00758238364097
0.0108277820742
0.00988567765018
0.011634171705
0.00877912944326
0.0136584165844
0.00855138339972
0.00845052112529
0.0122079053434
0.011262127334
0.0085456817825
0.011309451856
0.00800398655594
0.0111840016617
0.00796156419143
0.00911673500425
0.0104233549831
0.0114681033876
0.00960648118964
0.0116028396104
0.00785676115636
0.00803228418118
0.0096409053075
0.0102567637578
0.00907414757471
0.00758656930434
0.0122764866966
0.0103539996723
0.0085652276364
0.00819260980352
0.0124446477638
0.0152179320936
0.00808465021629
0.00847200268942
0.0110385423126
0.0110120597638
0.00782733715678
0.00780638832562
0.0083960875997
0.0110476305501
