0.014147770761
0.0116182941705
0.0077171955041
0.00846181283874
0.00782653816434
0.00776327986127
0.00878325167853
0.00786390039432
0.00806283124716
0.010322129636
0.0103416210665
0.0118843815688
0.00891919763657
0.00851470404929
0.010582327698
0.00831400934572
0.0102963301854
0.010764476486
0.0107467943131
0.00822010526392
0.00790025122731
0.0111545351142
0.00796515278235
0.0089539985581
0.00779912663321
0.010524234873
0.00801929501928
0.00972775944196
0.00817017142611
0.00770745275076
0.0119415700706
0.0110650411696
0.0101093448442
0.0138807483403
0.0101634859605
0.00972283541646
0.0100790893004
0.00766134748514
0.0095319937416
0.00841477058881
0.00779044678213
0.0109833840067
0.0092709638236
0.00912582914575
0.00789392166049
0.00790828453266
0.0138213690641
0.00799278938653
0.0103987153608
0.0102794468711
0.0160916187738
0.00807460456609
0.0085756272044
0.0138759688305
0.0109031921888
0.0105104190246
0.0114149016033
0.0111030691913
0.00925924155568
0.00853115134144
0.0161986659779
0.0140305586604
0.00835897517763
0.00827556446307
0.00884591931907
0.00790570541662
0.014902318663
0.00770854043196
0.0108289427947
0.0086185604974
0.00767200282745
0.00835278299805
0.0166148469271
0.00964335434056
0.00788354525993
0.0109943633376
0.0110634096194
0.00850314792026
0.00938558801795
0.00899754457604
0.0130036318317
0.0106524805013
0.0140199635416
0.00846154760816
0.00988164258513
0.0110412271161
0.0120316120944
0.00973912956967
0.0103086935042
0.00987163040722
0.00792174913613
0.00871088311314
0.0102502598915
0.0113041619165
0.0108349394317
0.012249980913
0.00919869180834
0.00871089413344
0.0102822729548
0.0112921691891
