0.0106428111266
0.00871901210423
0.00962404514848
0.0109261865292
0.00976765965143
0.0092268268686
0.00833803392514
0.00864273355853
0.0119994241902
0.00864782781668
0.00898600433481
0.01060488489
0.0117839794462
0.0117261437233
0.0125907439407
0.00852564469613
0.0140860681712
0.00968788864231
0.00841302001246
0.0127421233907
0.00976760416442
0.00964569901968
0.0089071730565
0.00833279065944
0.00976011188442
0.00894575292903
0.0131130744059
0.00845947222375
0.0092154588628
0.00842962034714
0.00846097260952
0.00819244895073
0.00830358790213
0.0111991298378
0.0101581586917
0.00891418219016
0.0120803009198
0.0104978866809
0.0101245838466
0.00902848501629
0.0105868619314
0.00857932041877
0.0109605448466
0.0113461670368
0.00852708505018
0.0121311188796
0.00979467942471
0.00889057827878
0.00916625239359
0.00913427164906
0.00912685302702
0.0110010527723
0.0127377509511
0.00972699380592
0.0105837405067
0.00820924934677
0.00969748404004
0.0115792628812
0.00967684404646
0.00818198936474
0.0107310734832
0.0111158338992
0.0101154048916
0.00843464113556
0.0092897451588
0.0082508380733
0.00841566183439
0.0116945169395
0.00855709173654
0.00970142132188
0.00981477608554
0.0099501077328
0.0109881357429
0.00957404889488
0.0127562608456
0.00935477176458
0.0102122285513
0.0110918985924
0.00900307522866
0.00972157287844
0.0102866068114
0.0126612965334
0.00979257070203
0.00863245889378
0.00880497299666
0.0118377901918
0.00877029909452
0.013034811326
0.00846357971691
0.0107619994694
0.0101687462727
0.0117666069231
0.00883093289462
0.00984736955018
0.0108263957015
0.00852260636778
0.00865750598245
0.00902154761608
0.0134724248609
0.0102107162862
