0.00816204713168
0.0116258143013
0.00976444278195
0.00931083424566
0.0111813447757
0.0107196093211
0.00800502899942
0.0129595782136
0.00789818728126
0.00877001004523
0.00794389098238
0.00977103292685
0.00864279210344
0.014087724131
0.00832990949835
0.00791666023709
0.0109786683386
0.00834843848789
0.0082193278506
0.0140521845094
0.0106021669305
0.00839578878244
0.0129569855698
0.0100684390874
0.00842449027634
0.0116733551299
0.00997926405537
0.00883374480898
0.00971042857839
0.00907739305767
0.00872469580211
0.010876274219
0.00794216383942
0.00893082631437
0.0125425482365
0.0134956464542
0.00989434110398
0.0113716872663
0.00946631024295
0.00950366512528
0.00978986833948
0.00813373751457
0.0107723183486
0.00802645264823
0.0104422896064
0.0121684371218
0.00863762545501
0.00794981674253
0.0127642146688
0.00803372016716
0.00940435152496
0.0126505275688
0.0131054269132
0.00897986980504
0.00796261734056
0.00884484606465
0.009428514683
0.00825844917188
0.00820943851899
0.0102058666072
0.00993777869314
0.00938521822528
0.00995915441831
0.00978711753386
0.00926842519769
0.0105597731179
0.00984349694872
0.00843867594293
0.00781019533184
0.0115889886549
0.0102190949616
0.0134392416892
0.0117356255816
0.00976144643356
0.0115510345187
0.00913883596955
0.0117827627306
0.0110090583088
0.0103758362189
0.00794504607917
0.0078604191252
0.0121532368115
0.0129835755836
0.00835719951836
0.0126654705761
0.00791915782385
0.0116043991893
0.00975500611876
0.00801957633614
0.0089406722658
0.0124292165157
0.00979466842382
0.00812364161579
0.0112630042268
0.00826266210593
0.00893969055233
0.012836189047
0.0106238892959
0.0110947490614
0.00991063939631
