0.00889399485365
0.00913588158996
0.00773907598059
0.0132754115091
0.00895588978243
0.00786271978738
0.00760512834259
0.00818542488634
0.0106260854944
0.0109770979076
0.011949386606
0.00766610455734
0.0101526618472
0.00869210818137
0.00866702559547
0.0112056298735
0.0117940563271
0.00833389031929
0.00829300448889
0.00967188182717
0.00922226407927
0.0103984075968
0.0104553718982
0.0111830262212
0.0083375967724
0.00790485021359
0.00958909225224
0.00828384047364
0.00787174884313
0.0121561559407
0.0105502605383
0.0106332141116
0.00786225354264
0.0154161930466
0.00978783659226
0.0131985890838
0.00940556831838
0.00909218920492
0.00808514438584
0.00825853262456
0.00851337092198
0.0129975527891
0.00851800846702
0.0134935969433
0.0105644055981
0.00965583818898
0.011518005223
0.0135507667624
0.0103683720373
0.00803579062014
0.00755722753922
0.00958335433254
0.00797859365756
0.00960221454155
0.0109495383337
0.0101301667102
0.00903409839768
0.00875391936781
0.0100609155198
0.00978892444702
0.0140329474495
0.0117156459678
0.0075707341736
0.0151728621069
0.0110156926864
0.0100370878188
0.0119481351049
0.00933808705785
0.0103421487771
0.00827379489957
0.0119114690042
0.00978756652158
0.00823449952373
0.00942070734743
0.010769988449
0.00913876321242
0.0137792980891
0.00869157554519
0.0126382981798
0.00873257848963
0.00841448417403
0.0107099821334
0.00798511438835
0.0148762959052
0.0149949424371
0.01236800648
0.00845596460226
0.0078797104802
0.0087033780593
0.012769078438
0.00873825215561
0.00800919074931
0.00922856099277
0.00843009592743
0.00808750227232
0.00961186704566
0.0111704428749
0.00872443624508
0.0125265915296
0.00773496680909
