a    b    distance0    NDraws    time    dist_threshold1    
0.690845117539    2.95132839838    0.511645348776    2    0.109914064407    0.80377296441    
0.467968997363    2.56017878916    0.536552627971    3    0.127190113068    0.80377296441    
1.13555704364    2.07038901213    0.548795755276    1    0.0240268707275    0.80377296441    
1.16357251222    3.0913960449    0.588340651129    1    0.0239980220795    0.80377296441    
1.01713948979    3.04344574685    0.506058860395    1    0.0242908000946    0.80377296441    
1.7722105734    2.50157323571    0.77163217374    5    0.129025936127    0.80377296441    
1.09214762516    3.16375384473    0.643545509736    1    0.0253050327301    0.80377296441    
0.529290025567    2.79498340227    0.541782677021    3    0.07532787323    0.80377296441    
1.34431337035    2.41512002859    0.363527123317    1    0.0245070457458    0.80377296441    
1.15694193869    1.92974052348    0.6060053687    2    0.0481441020966    0.80377296441    
0.650538225334    2.80488155445    0.477106179261    1    0.024099111557    0.80377296441    
1.27241926241    2.71957936157    0.33976691243    1    0.0242290496826    0.80377296441    
0.668069434294    2.28742172594    0.422686203925    2    0.0494039058685    0.80377296441    
1.20276831565    2.7127220268    0.265406060012    2    0.0498650074005    0.80377296441    
1.08101338641    3.09062832024    0.57964137452    2    0.108841896057    0.80377296441    
1.13514024684    2.27245906516    0.25588229451    1    0.0536720752716    0.80377296441    
0.938846712669    2.01554041437    0.514586603275    4    0.131305932999    0.80377296441    
1.23535065218    2.17808544264    0.423837226919    1    0.0266709327698    0.80377296441    
1.38988489853    2.06114441162    0.582889573302    1    0.0245699882507    0.80377296441    
1.20467546248    2.22978823651    0.357807809609    2    0.0591599941254    0.80377296441    
0.716975938064    2.0756826725    0.545570112405    1    0.0249390602112    0.80377296441    
1.41274417122    2.42232348312    0.427054209975    3    0.0734479427338    0.80377296441    
1.17225444565    2.70057914497    0.27262671627    5    0.12176322937    0.80377296441    
0.358524634423    2.54070758529    0.642283357332    2    0.048938035965    0.80377296441    
0.819742822571    2.39456523926    0.270137379567    1    0.0263330936432    0.80377296441    
0.609339389845    2.79754708968    0.493859216448    1    0.0254280567169    0.80377296441    
0.834896104304    3.3448914632    0.785338563573    1    0.0258219242096    0.80377296441    
0.469875066647    3.12554664095    0.765506555824    1    0.0252070426941    0.80377296441    
0.941995142914    3.0709971074    0.546809523842    8    0.20681810379    0.80377296441    
0.81446945515    2.5063603675    0.185514741331    4    0.0991759300232    0.80377296441    
1.52192270105    2.6326240926    0.523842217012    4    0.145393133163    0.80377296441    
0.812421795058    2.26823568999    0.351060912937    1    0.0264849662781    0.80377296441    
0.274530692319    2.44604564109    0.729722268937    2    0.0569860935211    0.80377296441    
0.987012695027    2.52352646138    0.0199104647506    2    0.0594830513    0.80377296441    
1.47714811454    2.14235189732    0.645096289033    4    0.115596055984    0.80377296441    
1.32507970884    2.50309805978    0.324979527868    1    0.028342962265    0.80377296441    
0.841027936985    2.96990736487    0.453752920751    2    0.0547149181366    0.80377296441    
1.29110917226    2.0733989878    0.556024148822    1    0.025545835495    0.80377296441    
0.776108004474    2.10337946242    0.539216450352    1    0.0319261550903    0.80377296441    
1.34455574813    2.07184899394    0.583435377249    1    0.02601313591    0.80377296441    
1.10400539344    2.10238917343    0.441996844855    1    0.0254640579224    0.80377296441    
0.343755316268    2.96403244098    0.78248475626    1    0.0253999233246    0.80377296441    
0.613179464154    3.17044656918    0.744486371586    1    0.0248181819916    0.80377296441    
1.17931190942    2.50380404106    0.179215691464    3    0.078840970993    0.80377296441    
0.705594550922    1.89825714851    0.707183769443    1    0.0245130062103    0.80377296441    
1.31955029692    2.72230487949    0.361444282938    2    0.0525419712067    0.80377296441    
0.515584041984    2.17134477281    0.617413024905    1    0.0281879901886    0.80377296441    
0.637871943631    2.818387863    0.491156877494    1    0.0275831222534    0.80377296441    
1.13518792696    2.17020843113    0.342087638345    2    0.0559048652649    0.80377296441    
1.18945130883    2.4469441471    0.24181842662    3    0.0788581371307    0.80377296441    
1.1907281147    2.52527018557    0.190986662549    2    0.0543739795685    0.80377296441    
0.483257698957    2.91151707189    0.635987675125    7    0.204630851746    0.80377296441    
1.25472485106    3.12607649325    0.609138630305    2    0.0999460220337    0.80377296441    
1.59796668238    2.1941100349    0.68346780231    2    0.0590178966522    0.80377296441    
1.53538585204    2.64925201201    0.544490979644    3    0.0931730270386    0.80377296441    
0.707541431706    2.62237180069    0.304491519587    1    0.0318288803101    0.80377296441    
0.64198085127    3.20015200965    0.747434454521    3    0.0855350494385    0.80377296441    
1.54157334049    2.49827110421    0.54166738052    1    0.030531167984    0.80377296441    
1.33155104669    2.36014371289    0.364639343807    6    0.211272954941    0.80377296441    
1.07193401372    3.32918697815    0.776259898375    2    0.0590000152588    0.80377296441    
1.00200981418    2.56636424075    0.0808124900448    1    0.030993938446    0.80377296441    
0.443706489033    2.14760014834    0.708499214465    2    0.0588569641113    0.80377296441    
1.21656544167    3.249691918    0.713397852759    3    0.090164899826    0.80377296441    
0.231301258345    2.4622712146    0.775762843648    1    0.0263860225677    0.80377296441    
0.919397900081    2.65923245105    0.127946329421    5    0.179805040359    0.80377296441    
1.00121134761    1.80439497426    0.706010189847    1    0.0283219814301    0.80377296441    
0.934111172894    2.84114227025    0.312425876876    1    0.0289559364319    0.80377296441    
0.665232456914    2.0282745896    0.611828764533    3    0.0852489471436    0.80377296441    
1.04723237903    2.16748405873    0.294631492934    2    0.0571179389954    0.80377296441    
0.646959177602    3.06808714248    0.618718194427    2    0.0570569038391    0.80377296441    
1.20169911871    2.93889556717    0.476190604807    1    0.0303428173065    0.80377296441    
1.74816853183    2.71476024321    0.760967075433    1    0.029128074646    0.80377296441    
0.936345810544    2.71751923984    0.159711147364    4    0.117094039917    0.80377296441    
1.31327616719    2.00439336505    0.607366777131    4    0.117784023285    0.80377296441    
1.33849852413    2.33453540588    0.392420545253    2    0.0579791069031    0.80377296441    
0.327315049645    2.78793069363    0.708824440918    2    0.0579280853271    0.80377296441    
0.553905360765    3.08139061574    0.736660530069    1    0.0285699367523    0.80377296441    
0.307952940133    2.66792270485    0.701841600666    1    0.0302250385284    0.80377296441    
1.43808058359    2.31769166471    0.468235842336    5    0.151432037354    0.80377296441    
0.989450411693    2.12147933376    0.411060024087    3    0.0925469398499    0.80377296441    
1.11819129964    1.9523326833    0.528283953302    1    0.0324990749359    0.80377296441    
0.318444092592    2.21319549182    0.759450812596    2    0.0603260993958    0.80377296441    
1.30380602981    2.82739966608    0.405340506062    1    0.03200507164    0.80377296441    
1.41185432504    2.71608225647    0.444240343998    1    0.0297288894653    0.80377296441    
0.652584677243    2.72589914627    0.407620026101    1    0.0288569927216    0.80377296441    
0.90451789335    1.85830362491    0.745149051788    2    0.0639660358429    0.80377296441    
1.70515988693    2.49500653765    0.706906726456    1    0.0289528369904    0.80377296441    
0.447053536468    2.9334069917    0.656963564792    4    0.118902921677    0.80377296441    
0.611081774801    2.29375563263    0.459141243418    2    0.0606660842896    0.80377296441    
0.690770533047    2.8381065927    0.459332184473    2    0.0607059001923    0.80377296441    
1.512401397    2.24271041632    0.588877546322    1    0.0289931297302    0.80377296441    
0.957874682834    1.94545335726    0.641413330535    1    0.0287578105927    0.80377296441    
0.464452883599    2.9133272291    0.688480118065    3    0.0875608921051    0.80377296441    
0.585851722089    2.97546748851    0.632948616124    1    0.0282070636749    0.80377296441    
0.46509627598    2.7271451774    0.557156886886    2    0.0600781440735    0.80377296441    
1.43524984296    2.95690682046    0.58231985278    3    0.0877819061279    0.80377296441    
1.4000031244    2.48140393761    0.400514525196    2    0.0563080310822    0.80377296441    
0.934554978238    1.95788592549    0.570642107372    2    0.049437046051    0.80377296441    
1.01659709366    2.63188091202    0.158808258351    1    0.0292739868164    0.80377296441    
1.07723423576    2.61576501502    0.107969660667    2    0.0573709011078    0.80377296441    
