0.00798707091126
0.00827806098472
0.0139061179472
0.0106618353847
0.00950372354739
0.0110809411641
0.010127363219
0.0113686608598
0.0131442735146
0.00939206893127
0.0109774319171
0.0104092336965
0.00822679058108
0.0161864667224
0.00796254406669
0.0098574625975
0.00892861717823
0.00919987980383
0.0141054632445
0.00813213702896
0.00883488350783
0.00885165505235
0.00968160604691
0.00885791752677
0.0102373827659
0.0114529078378
0.0113990317096
0.00821370262752
0.0122723514004
0.012645819629
0.0114060273319
0.0101689635959
0.0113711978501
0.00910147759792
0.0101640079253
0.00941060456729
0.0102134507931
0.00912043455336
0.0101760768461
0.0079438843195
0.0114998811391
0.0134470464639
0.00980620692057
0.00806009837763
0.0144588874597
0.0106155236546
0.0098883938955
0.0114003471454
0.00934011339768
0.0144135809514
0.0103949198618
0.0091196115403
0.00822669227148
0.0104403427822
0.0104124460596
0.00910164399235
0.00833386547123
0.0093204550086
0.0106512137124
0.014953635514
0.0079459485381
0.00903779258733
0.00950710698737
0.00950356605577
0.00827901165255
0.0133734695118
0.00817917972109
0.00906863659364
0.00794588630645
0.0102330518053
0.00911722546306
0.0093596860446
0.0093392009837
0.0133791942612
0.00819649552104
0.0088724381575
0.00880504802112
0.00804492469495
0.00889911169342
0.00797414362542
0.00965577709811
0.00829244428581
0.00858579993477
0.00872566604122
0.00799346134296
0.0108574572141
0.00833737999357
0.0105168160662
0.00887209596475
0.00874303215795
0.0145036599743
0.00884847667222
0.00901253909262
0.00834210193283
0.01205978646
0.00924524111811
0.0080764179395
0.00816907405239
0.00918499852576
0.0120722235026
