0.00817698457004
0.0117220412458
0.00887916283107
0.0112170220095
0.00916244655648
0.00917514017434
0.00902026756011
0.00877482010267
0.00854619136638
0.00848576945893
0.0120532770974
0.0104630464666
0.00888002368066
0.0106313283922
0.0091304368716
0.0115485099851
0.0116080436011
0.011129302394
0.00861805119539
0.00799695749549
0.00965762791027
0.0104619509015
0.0130220359348
0.00957457767682
0.00890909369471
0.0109825033183
0.00896587898382
0.00963459606996
0.0120959869698
0.011772348572
0.00820546580241
0.0113074286289
0.00945642777366
0.00968188998037
0.00963229030325
0.00904406059631
0.00850890819582
0.0151144601539
0.0081034474256
0.00811583018594
0.0103181065133
0.0103985220149
0.0141282554294
0.00803615636797
0.00830563857028
0.0116032059381
0.00844003941396
0.0135559751282
0.00924464819787
0.00817359030349
0.00810476716637
0.00841065534206
0.0084238692704
0.00821197655504
0.00912858014467
0.0136431306387
0.0150705918685
0.00826016135644
0.0102632369117
0.00951073706729
0.00840381718602
0.00981093772603
0.00909193432021
0.00811233365292
0.00869101704339
0.00952156318284
0.00936075722387
0.00885276269498
0.00877450281141
0.00998013795113
0.0120599758899
0.00944600653669
0.0137996488423
0.00826200252212
0.0118490545014
0.0084822511606
0.0104118562315
0.00827531470658
0.00839276050888
0.00928666748677
0.0107762750494
0.0100646562315
0.00992401794535
0.00938610727581
0.0102501353332
0.013995810498
0.00964824230249
0.0105340914858
0.00860415430526
0.00911235680827
0.012485616574
0.0112533499603
0.00983771996675
0.0108604686731
0.0137178925135
0.0121939715937
0.0081863112577
0.0114038959506
0.0100291167323
0.00817303103159
