0.00742218011318
0.00786961862329
0.0116273132821
0.00867712665291
0.00761365209398
0.00827726124209
0.00867153544232
0.0119901158658
0.0129998745095
0.0124774160856
0.0076523466874
0.00720356449619
0.00907930220348
0.00798339560232
0.0110040519152
0.00812021997875
0.0113181418975
0.00950804589746
0.00976235952461
0.00766723110022
0.0117727815056
0.00791054121306
0.0102643543711
0.00780216547598
0.0242706873856
0.0129584671061
0.0399469788283
0.0101033026497
0.00766195209873
0.0129796072575
0.0118037068915
0.0103289866104
0.0106040718788
0.00917294031405
0.00810483249761
0.00812058802402
0.00961802749182
0.00912553990895
0.0104226696366
0.00970445061208
0.00824171961418
0.00955553011488
0.00771137735411
0.00911807272455
0.0124184946185
0.00985829298877
0.0125116527904
0.00803550314966
0.00861964323348
0.0086810809377
0.00715592198922
0.0104159250077
0.011459081872
0.00820507687691
0.00826885553992
0.0112073933106
0.0104937856509
0.00845093737063
0.0130639001701
0.0142172766215
0.00773625966185
0.00886233402524
0.00769648282223
0.0101086963791
0.00885030412266
0.00852504954335
0.00766554730574
0.0115341924277
0.00849588584589
0.0115517071167
0.00907784780183
0.0085787572121
0.00742902905064
0.0112617504844
0.00760213800936
0.0109728199968
0.00728727714807
0.0081096266255
0.0104312438016
0.012520050837
0.00878006819501
0.00805279749536
0.00757022530246
0.00763660652223
0.00772260449063
0.00765287726133
0.00719052269164
0.0145692533383
0.0146500978608
0.0104540247163
0.0102758289767
0.00924870474389
0.00727557287155
0.0104001214556
0.0124629422133
0.0108995160302
0.00803287334458
0.00833552824107
0.00813407374785
0.0090678333765
