0.0141920424937
0.00793201570744
0.0112788069705
0.00836642548554
0.00927441855114
0.00796660802677
0.00784850284711
0.00947822752614
0.0125138105487
0.01437348864
0.0085824969942
0.00814784875421
0.0118441023825
0.00819796249589
0.00914909500071
0.0103007266297
0.00902413237723
0.00924625702203
0.0103838225614
0.00934735197952
0.0101252670848
0.0089790995797
0.0093363014818
0.0116710639734
0.0258057511799
0.00992723320826
0.00847743511411
0.00836303086196
0.0100192010698
0.00871662196621
0.00802877827294
0.00942943096485
0.0118896573516
0.00922239232536
0.0142003338494
0.00843308254823
0.00950929786002
0.00807081782345
0.0118986466586
0.0123000056569
0.0105088518304
0.00817985902155
0.00834283582927
0.00928503754451
0.0118778615586
0.00796001032602
0.0110665160274
0.0105426940013
0.00969042215145
0.0168575451495
0.011910517545
0.0105613428568
0.0121641072254
0.010045884289
0.0104098346062
0.00984645321422
0.0128472541404
0.00920927656836
0.0115796225026
0.0101042013326
0.00858564227306
0.00865852449941
0.0111765598969
0.00906359519133
0.00834993721876
0.0110267008128
0.00817722155844
0.00949970278584
0.00806452179102
0.00802288383718
0.00842801098741
0.00886134670865
0.00993300363009
0.00917644508426
0.00902437745028
0.00836976249926
0.00887492996922
0.00872197138736
0.00891979361793
0.0104123457614
0.00900726721427
0.00815652774177
0.0116708681772
0.00959364125961
0.00979314371556
0.0102558164949
0.00922440605263
0.010317042614
0.00819632494619
0.00905416048481
0.00890865325954
0.00790453427515
0.0126625434249
0.00897058717962
0.00866685601093
0.00987094198646
0.0114067282909
0.0106933957838
0.00998160359855
0.00947596098211
