a    b    distance0    NDraws    time    dist_threshold1    
0.974445257809    0.060578634737    0.0457680509869    1    0.977962017059    0.18767293868    
1.11753373258    0.0211800369608    0.128993490769    2    1.52562189102    0.18767293868    
0.954691315107    -0.0699596391107    0.0533604995073    2    1.80908799171    0.18767293868    
1.13681747471    -0.0507818171771    0.144209442158    1    1.06561899185    0.18767293868    
1.17748607308    -0.0735034616361    0.186723486277    1    1.03675198555    0.18767293868    
1.05235538741    0.165610807712    0.107875907708    8    8.91709208488    0.18767293868    
1.00757750079    -0.0242648593755    0.0107426118331    1    1.27980613708    0.18767293868    
1.1091076777    0.142499962376    0.185989999761    1    1.04490590096    0.18767293868    
1.00762918926    -0.123212105146    0.133829640743    1    1.03486013412    0.18767293868    
1.01169083762    -0.0455129601484    0.0198565537848    1    1.50420999527    0.18767293868    
1.00986310414    -0.0102847449078    0.0116710758437    3    4.34257102013    0.18767293868    
1.08276390479    -0.108329150299    0.105658143063    4    5.63720607758    0.18767293868    
1.01896445591    -0.0455882905903    0.0377916038183    4    5.73830795288    0.18767293868    
0.865349277782    -0.129540392858    0.186817650628    5    6.66531801224    0.18767293868    
1.05512953745    -0.0600678306531    0.0700679075165    2    1.67385292053    0.18767293868    
0.83228644642    -0.0765512631492    0.174094299025    1    0.848528146744    0.18767293868    
0.860633954985    -0.191541005035    0.18519909547    1    0.722988128662    0.18767293868    
1.1486149256    -0.0173396132617    0.148603442798    2    2.12882709503    0.18767293868    
1.08487797734    -0.00246827928961    0.156771661798    1    2.05648803711    0.18767293868    
0.873053396258    -0.0751706103888    0.138441214277    1    1.55747008324    0.18767293868    
1.07512329058    -0.190348839123    0.138880866839    2    2.3749320507    0.18767293868    
0.876426578182    -0.15281730535    0.160943290201    4    3.5970261097    0.18767293868    
1.03334014142    -0.0264129468283    0.0384825689301    3    2.84310221672    0.18767293868    
1.0122702712    -0.169081736574    0.103130245335    1    1.51299500465    0.18767293868    
0.897500489581    0.074190620962    0.143538462053    6    8.62577986717    0.18767293868    
1.07344486048    -0.139434079449    0.171019788844    5    5.48295307159    0.18767293868    
1.12284425587    -0.191482366838    0.182748821494    2    1.60668706894    0.18767293868    
0.965304579602    0.0520606735669    0.125173963655    1    0.991104841232    0.18767293868    
1.05773439414    -0.0852575503172    0.113472101135    1    1.24486088753    0.18767293868    
1.15187915779    0.118730624162    0.187387111397    1    1.41991281509    0.18767293868    
0.853718318053    0.0309640436949    0.160084717896    2    2.29755997658    0.18767293868    
0.82697719646    -0.0383489386457    0.181732241894    1    1.24801301956    0.18767293868    
0.966916165709    -0.0507371442153    0.0460654584285    6    6.69975209236    0.18767293868    
0.992148258297    -0.00708658819817    0.0435094554041    1    1.20771312714    0.18767293868    
1.02016166973    0.119088495292    0.0944084591947    1    1.3417160511    0.18767293868    
1.1184915117    -0.0728435468245    0.140064286957    1    1.64368796349    0.18767293868    
0.875434217364    -0.127252388108    0.149569115275    2    2.54308080673    0.18767293868    
0.921519228114    0.0485328036149    0.0864041993902    7    8.39458084106    0.18767293868    
1.12373393665    -0.0905497814866    0.161566840775    2    2.14224600792    0.18767293868    
0.866243240552    0.0812215612385    0.165681656673    5    5.39145708084    0.18767293868    
1.04473510627    0.120561184544    0.150929491944    6    6.72202181816    0.18767293868    
1.03830923757    0.0294747760811    0.145296813438    4    5.06986808777    0.18767293868    
0.868178317824    -0.0276087440018    0.133617939822    8    7.26310110092    0.18767293868    
0.973783169865    -0.0500296165574    0.0344278525831    1    0.748209953308    0.18767293868    
0.973063152902    -0.0355699759396    0.0326431577025    1    0.942718982697    0.18767293868    
0.966460585552    -0.116789047235    0.117110004874    1    1.11498904228    0.18767293868    
1.07057333065    0.0492981776515    0.123951259707    3    3.59320902824    0.18767293868    
0.985049482037    -0.0697456301114    0.0936463005607    2    2.3797647953    0.18767293868    
1.06159716258    0.103934707141    0.0808996225623    1    1.35604095459    0.18767293868    
1.11272467505    -0.0778347938464    0.153236715821    3    3.57285690308    0.18767293868    
1.0756754319    -0.136211020753    0.121279584487    3    2.92275595665    0.18767293868    
0.836719557025    0.0572917206155    0.180568482133    1    0.911128997803    0.18767293868    
0.933839227737    -0.11773213682    0.143139436821    3    3.67973780632    0.18767293868    
1.00421138587    -0.110813747843    0.0572528570928    2    2.79277920723    0.18767293868    
1.1400693609    0.149301457624    0.18447907958    3    3.21475315094    0.18767293868    
0.946936857905    0.0357914939777    0.0931041393781    2    2.23112392426    0.18767293868    
0.87932211703    -0.0820022082604    0.149118916642    1    1.402146101    0.18767293868    
1.16236648317    -0.103495680082    0.164362566301    2    2.61460590363    0.18767293868    
1.11794388004    0.120306468542    0.16460896101    2    2.09029006958    0.18767293868    
0.998443201419    -0.120641348329    0.135899064371    1    1.10323286057    0.18767293868    
0.967059031445    -0.140778013595    0.0704979719284    1    1.13373112679    0.18767293868    
1.04284361202    -0.00400228346563    0.0472981125393    3    3.57096886635    0.18767293868    
1.10801828602    0.114392197359    0.167046445992    4    5.68646192551    0.18767293868    
1.01628939111    0.0105638337802    0.0171498306859    5    6.66688418388    0.18767293868    
1.10496998221    -0.0219427555549    0.11879890742    2    2.35915803909    0.18767293868    
0.947154182734    -0.190676351619    0.166919800866    3    4.48691892624    0.18767293868    
1.08777268028    0.0115084291934    0.0880073840731    3    4.27923703194    0.18767293868    
0.942466238594    -0.0837009641815    0.074117058655    2    2.59395194054    0.18767293868    
1.0281101848    -0.0120964756351    0.0295823255221    1    1.31204605103    0.18767293868    
0.96297860823    -0.256732597813    0.180571912172    3    4.4278781414    0.18767293868    
0.974339817917    0.024779647059    0.0560123663509    2    2.69465303421    0.18767293868    
0.955502723007    -0.074464979681    0.0881192206814    2    2.90293598175    0.18767293868    
0.879106635746    -0.163371196916    0.152957490437    1    0.911957979202    0.18767293868    
1.10449530952    0.0798084907831    0.164760505093    3    3.19683504105    0.18767293868    
1.15650147487    -0.0116344911469    0.165125050177    1    1.13322997093    0.18767293868    
1.04013583796    0.0758734015526    0.0991688982524    2    2.71619391441    0.18767293868    
1.01952503641    0.0296345787828    0.106477927909    3    3.44026112556    0.18767293868    
1.06458864809    0.0111250450137    0.079208953006    1    0.988738059998    0.18767293868    
0.974116662626    -0.0591864297274    0.0406073997783    2    3.40283989906    0.18767293868    
0.974111018211    0.0752948740872    0.118680786174    1    1.23179197311    0.18767293868    
0.995940257094    -0.08124784404    0.0858746769722    5    6.65965008736    0.18767293868    
1.03822836767    -0.109532387781    0.0837373420138    1    1.33389019966    0.18767293868    
1.09927262417    0.0121466920113    0.105134676248    3    3.77780199051    0.18767293868    
1.05243534701    -0.101419733953    0.0622809763053    6    5.96515798569    0.18767293868    
0.936078484659    0.114585411621    0.174432050568    1    1.04738402367    0.18767293868    
0.945352946054    -0.11313572669    0.154025745121    1    1.15052199364    0.18767293868    
0.949770225706    0.117328654593    0.11124105548    3    3.83441090584    0.18767293868    
0.955082742841    0.0274026982223    0.0754765275763    2    2.14237904549    0.18767293868    
0.931811734771    -0.0855199179458    0.0861572774863    1    1.04710292816    0.18767293868    
1.08983937732    0.0888477603755    0.155088147552    3    4.16665697098    0.18767293868    
1.07058140667    -0.0116636154167    0.0718516222044    2    2.33825182915    0.18767293868    
0.853174216212    0.00846214595184    0.147164006777    2    2.71261286736    0.18767293868    
0.844741803034    0.0496599125271    0.181345750805    1    1.18427801132    0.18767293868    
0.996243517018    0.117931745074    0.129089140338    1    1.16916799545    0.18767293868    
1.08330127773    -0.12106250663    0.129739108482    5    2.98989200592    0.18767293868    
1.03545438508    -0.09952683962    0.141391701569    3    0.762047052383    0.18767293868    
1.0909729128    -0.15395832099    0.185763441305    3    0.545087099075    0.18767293868    
1.05421716916    0.0292868571343    0.10840268193    3    0.968679904938    0.18767293868    
1.01911737663    -0.061149475848    0.0246196442372    4    4.08490204811    0.18767293868    
0.950038192112    -0.235029744737    0.175502576825    1    0.626690864563    0.18767293868    
