a    b    distance0    NDraws    time    dist_threshold1    
1.18072856291    -0.371565661537    0.381771533215    3    3.11656999588    0.646134272052    
0.588473705933    0.43749135429    0.597095410097    1    1.22148489952    0.646134272052    
1.45465518665    -0.247321867943    0.482438265821    3    3.24286580086    0.646134272052    
0.420472869028    -0.279073263312    0.633614315746    3    2.90209817886    0.646134272052    
1.1135867068    0.0154742366451    0.124694554891    2    2.17835712433    0.646134272052    
1.37717471832    0.37625116658    0.557146919228    2    2.33744883537    0.646134272052    
1.50779648794    -0.32959700293    0.619254710316    3    2.93066906929    0.646134272052    
1.19250796539    0.0528029982002    0.217077655447    1    0.919709920883    0.646134272052    
0.911135465772    -0.597301314292    0.59348704901    1    0.919816017151    0.646134272052    
1.51580000826    0.27138750363    0.612360526419    1    0.889666080475    0.646134272052    
0.592530256053    0.123938644449    0.428766546287    1    1.14343380928    0.646134272052    
1.20903229148    0.166545779031    0.268317042145    1    1.0327000618    0.646134272052    
0.817954956702    0.0864231528648    0.200246683253    1    1.01578593254    0.646134272052    
0.580986936442    0.151723555669    0.458113449771    1    0.889586925507    0.646134272052    
0.841185930826    -0.309577610786    0.319813461508    4    2.99399089813    0.646134272052    
0.535049152329    0.370325987606    0.619405394181    1    0.940052032471    0.646134272052    
1.00112020081    0.402544828532    0.411810211892    1    1.02207589149    0.646134272052    
0.56121700246    -0.262158736316    0.483173096103    1    0.92934513092    0.646134272052    
1.22574168718    0.320606628037    0.4002880175    1    0.909240961075    0.646134272052    
0.955957489262    -0.128781543577    0.0867469796171    4    3.55860495567    0.646134272052    
0.916596842652    0.265322925036    0.23580213389    2    2.00822114944    0.646134272052    
1.04353447694    0.0170101747188    0.0937485869377    2    2.13476395607    0.646134272052    
0.596191126144    0.331925136226    0.524321083624    1    1.09647083282    0.646134272052    
0.479071247922    0.295768132474    0.596783480068    2    2.09358811378    0.646134272052    
1.18638428677    -0.0368041849958    0.193700118454    1    0.838454008102    0.646134272052    
1.45437735798    0.172612292585    0.488942712591    3    2.77930092812    0.646134272052    
0.629835690625    -0.309743743152    0.481156543649    1    0.792815923691    0.646134272052    
0.948287315056    0.535378908884    0.592936129767    1    0.996815919876    0.646134272052    
0.844398274766    -0.363706415987    0.398783961674    2    1.82129788399    0.646134272052    
0.760352106782    0.276233205065    0.347604257349    1    0.891362905502    0.646134272052    
0.660355000224    0.18392406337    0.415113515059    1    0.824593067169    0.646134272052    
0.931247134731    -0.173567335826    0.217931062726    1    1.04665398598    0.646134272052    
1.47348472338    0.0381579148239    0.478407185464    6    6.03688907623    0.646134272052    
1.15526528104    -0.0347629114194    0.157351220569    1    0.991943836212    0.646134272052    
1.02703620622    -0.650944361406    0.543781608891    1    0.751936912537    0.646134272052    
0.478499026779    0.0633368132984    0.531191862175    2    1.97401404381    0.646134272052    
1.16405068201    0.519021639623    0.535415081757    1    1.02522492409    0.646134272052    
0.62034045493    0.378550709838    0.534379719755    6    6.83922719955    0.646134272052    
1.34548553503    0.306246620245    0.494844972341    2    1.99603796005    0.646134272052    
1.15641999944    -0.211672504576    0.288525535163    1    1.04429197311    0.646134272052    
1.30432050994    -0.00589233403454    0.304482395615    3    3.22927713394    0.646134272052    
1.33338838123    0.125122263061    0.38247300415    1    1.25513291359    0.646134272052    
0.475803744304    -0.372344788768    0.634284560125    1    1.07923102379    0.646134272052    
1.21165664328    -0.580766876686    0.608887183392    1    0.98934006691    0.646134272052    
0.780121162952    -0.185012073369    0.266525434978    1    0.98454785347    0.646134272052    
0.531432635637    0.418061707958    0.6155637582    2    1.37058901787    0.646134272052    
1.54832408088    0.349761270683    0.642701961395    5    4.28295397758    0.646134272052    
1.54659187587    -0.254818355688    0.573522483898    4    3.69790506363    0.646134272052    
1.46955930872    -0.0534350099291    0.475007384343    2    2.0665769577    0.646134272052    
1.14841782576    0.487043029173    0.512061795827    1    0.895736932755    0.646134272052    
1.2906298493    -0.272376250882    0.392244224383    7    7.30729007721    0.646134272052    
0.555331484484    0.460630823052    0.601645125638    1    0.808660030365    0.646134272052    
0.566974122439    -0.355016673198    0.528472953332    1    0.856073856354    0.646134272052    
1.2998309904    0.187253968992    0.386519735854    1    0.786419868469    0.646134272052    
0.502019058858    -0.12885525434    0.504854626862    1    0.688169002533    0.646134272052    
0.793998521951    0.50375800633    0.543084034678    1    0.934415102005    0.646134272052    
1.28890631555    -0.571020586584    0.596851099493    2    1.94132113457    0.646134272052    
1.02788270804    -0.310209675155    0.356016134908    1    0.796836137772    0.646134272052    
1.23590481296    -0.0262032437827    0.237392439821    1    1.2081182003    0.646134272052    
0.935209545847    0.402061041752    0.458933099968    4    3.71927785873    0.646134272052    
1.48280371409    -0.24936396201    0.503809160698    1    0.876399993896    0.646134272052    
0.994527318798    0.596063742999    0.619648214867    1    0.896589994431    0.646134272052    
1.59483106766    -0.299177449695    0.633269458312    1    0.788337945938    0.646134272052    
0.928380583042    0.549814194461    0.498125360657    1    0.939121007919    0.646134272052    
1.28118740681    -0.159746932152    0.310557816157    1    1.09789991379    0.646134272052    
1.42326685402    -0.0618033873367    0.431110670599    6    4.90884709358    0.646134272052    
1.27053090923    -0.496002823438    0.55271714088    3    2.11525988579    0.646134272052    
1.54532453148    0.108361038072    0.554613110841    2    1.77478790283    0.646134272052    
0.98154291654    -0.327275684974    0.301552617563    1    1.02533793449    0.646134272052    
0.783053987759    0.511476532822    0.565005847541    1    0.86888885498    0.646134272052    
0.862174184328    0.184150193381    0.233230009583    1    1.22856616974    0.646134272052    
1.50593371268    0.303832938827    0.608858463649    7    7.08369207382    0.646134272052    
1.07396431181    -0.644589722581    0.612607361686    1    0.850537061691    0.646134272052    
1.40988221915    0.219767165128    0.469445620175    1    1.1141769886    0.646134272052    
0.532248333899    -0.435171550178    0.609174793006    3    3.70315408707    0.646134272052    
0.878680044077    -0.40407996083    0.442521979949    1    0.85785984993    0.646134272052    
1.31167997475    -0.0366599705479    0.311688110155    5    2.13533306122    0.646134272052    
1.57195673322    -0.168116688315    0.608235089557    2    1.75850391388    0.646134272052    
1.56112288443    -0.249379197227    0.594912907376    2    1.96040892601    0.646134272052    
0.672593457042    0.0478385658667    0.3447416356    1    1.01856589317    0.646134272052    
0.731541830974    -0.190929071311    0.321222189102    1    0.950092077255    0.646134272052    
1.2258447302    0.199195489309    0.304447532149    3    2.45443797112    0.646134272052    
0.583316311474    0.224182438878    0.464800557597    1    1.15121412277    0.646134272052    
1.29166718424    -0.354250639867    0.455027978624    2    2.10846400261    0.646134272052    
0.871860366547    0.0226825085508    0.12694746103    1    0.839938163757    0.646134272052    
1.0964780303    -0.249968610859    0.259015077178    2    1.73829078674    0.646134272052    
0.956018225729    -0.117398447931    0.061296936945    2    1.57131886482    0.646134272052    
1.33525616023    -0.205240821072    0.338749699175    3    2.6652431488    0.646134272052    
0.665710442477    0.177533074531    0.401067419017    3    3.58577108383    0.646134272052    
0.55399047239    -0.0679314802446    0.448124872066    1    0.92679309845    0.646134272052    
1.108012721    -0.215006109967    0.22613279204    1    1.25174307823    0.646134272052    
0.59166616904    0.0965926969192    0.420758108213    2    1.90437602997    0.646134272052    
0.883723761553    -0.466570308195    0.415533119149    1    1.21598792076    0.646134272052    
1.31527514471    0.296463495291    0.445622374766    1    0.493807077408    0.646134272052    
1.32699093742    0.358715703814    0.49807196316    2    0.74351477623    0.646134272052    
1.41862342014    -0.0528406238603    0.419791820009    1    0.394143104553    0.646134272052    
1.13062091341    0.291769071302    0.373268478479    2    0.82342004776    0.646134272052    
1.07918399934    -0.237860668486    0.182723157844    1    0.159743070602    0.646134272052    
0.802672164838    0.23171363931    0.329529905659    1    1.13318705559    0.646134272052    
0.890909187363    0.163044554939    0.220496787557    1    0.896874904633    0.646134272052    
