0.00733372016781
0.00995291203464
0.015114824306
0.00856565186905
0.00938683212441
0.00868387024767
0.00871981627966
0.0137751025821
0.0104939919826
0.0078008072157
0.0113059324286
0.0128931742769
0.00933843265494
0.00713582851203
0.0086859105753
0.00826252502392
0.0162282775062
0.0102742874893
0.0117326198208
0.0139210350083
0.00738378535396
0.0124877383144
0.00842934616694
0.00779921987157
0.00736082394447
0.00998829271922
0.0145406821191
0.0105602201456
0.018196565774
0.00968587988008
0.00744903793117
0.00931798796522
0.0120725013177
0.0138058499471
0.00759334387679
0.0108891947742
0.0151852849607
0.00968166579644
0.0140898622152
0.0118197239585
0.00785480971783
0.0102402011527
0.0177541977333
0.00799852251091
0.0116198932924
0.00851534709916
0.0135366072089
0.00991927453261
0.00771217573771
0.00817932823952
0.0119899486743
0.00781653088666
0.00795930062819
0.014089060848
0.00780740495532
0.00768582384005
0.00887724657888
0.00888334319562
0.0125288574422
0.00809205639912
0.00930090098089
0.00708332152989
0.011591772658
0.00900884018496
0.00916154883939
0.0103023230876
0.00795391223606
0.00839326392129
0.00730546831159
0.00724654622419
0.0109144984515
0.00835841415302
0.00977403234209
0.00833063682668
0.0114047028221
0.0135044720101
0.00741749786051
0.00853411433929
0.00816158067765
0.00705796309264
0.0082787376143
0.00743500901608
0.00913838970916
0.00966895716099
0.0081194433738
0.0110984974319
0.00932724144161
0.0146489538536
0.00813150798202
0.00856811807804
0.0125208107002
0.00755575393292
0.00841401442748
0.00857304974464
0.0069073905374
0.0102470338611
0.016237088196
0.00802985809095
0.0120309847241
0.00726085976244
