a    b    distance0    NDraws    time    dist_threshold1    
0.921658597494    -0.0491464319665    0.0784936296041    3    2.92062401772    0.160556932664    
0.929093483981    0.0324009620181    0.0906216051639    2    2.49924302101    0.160556932664    
1.09122027826    0.0120941149571    0.100868403078    1    1.46223711967    0.160556932664    
1.02981576372    0.0203985669518    0.0455430468623    5    6.64482593536    0.160556932664    
1.02445817077    -0.169286853371    0.0655161863186    1    0.957962989807    0.160556932664    
1.06700033451    0.075032001522    0.0833878152216    4    4.66158008575    0.160556932664    
0.974067083303    -0.0722757334523    0.0301928922098    2    3.20522689819    0.160556932664    
1.11696036201    0.0505080855378    0.15050824775    1    1.02944302559    0.160556932664    
0.968127901539    -0.102880445143    0.0848705387496    2    2.29202699661    0.160556932664    
1.11783107595    0.0304371473404    0.118091629046    1    1.08360004425    0.160556932664    
1.03101563438    -0.0534838107653    0.0333233050312    2    1.93734312057    0.160556932664    
1.01062959927    0.0262713290953    0.0449193303991    1    0.901393175125    0.160556932664    
1.01960989268    0.0710242968973    0.116490060734    1    1.15667700768    0.160556932664    
1.12558255907    -0.0674468914313    0.128434160469    3    3.30916810036    0.160556932664    
0.910065888298    -0.0481188454346    0.104057280036    3    2.20986199379    0.160556932664    
0.899775408302    0.0908117775066    0.15326647639    1    0.834878921509    0.160556932664    
1.09821784588    0.0375090471649    0.149388760833    2    1.55629706383    0.160556932664    
1.04909460566    -0.115985578825    0.132877451636    2    1.71669006348    0.160556932664    
1.07527881766    0.0249754648776    0.0941026527625    3    3.35780596733    0.160556932664    
1.01755788453    -0.1438211848    0.154037491179    8    10.1952250004    0.160556932664    
1.01958025883    0.0659777476404    0.0636973673983    1    1.20947599411    0.160556932664    
0.875776844526    -0.0136921670495    0.12957968282    2    1.8237349987    0.160556932664    
0.860242162118    -0.0446167278648    0.144551316884    3    2.37531900406    0.160556932664    
0.920880226674    -0.0520407933141    0.0814087646775    3    3.11740398407    0.160556932664    
1.08602847793    0.0719137266032    0.123927478158    1    0.902413845062    0.160556932664    
0.927579478738    0.0502255470126    0.14995038681    1    1.11626291275    0.160556932664    
0.939956518979    -0.125640412371    0.152364458708    1    1.0414981842    0.160556932664    
0.983740810113    -0.201024680405    0.132349626428    2    2.45299816132    0.160556932664    
0.911481430645    0.0511718963606    0.145579851723    4    4.16761517525    0.160556932664    
1.09697634311    0.0281009691959    0.1132159042    1    0.9871301651    0.160556932664    
1.04335077491    -0.000613376373958    0.0467159938904    2    2.08566093445    0.160556932664    
0.98072217406    0.0180157832823    0.0884490441549    3    3.30250906944    0.160556932664    
0.959248648009    -0.100777404164    0.108252110793    1    1.04949402809    0.160556932664    
0.945767725991    -0.0329250924253    0.0646573410639    2    2.04903101921    0.160556932664    
0.941925635203    0.0788892484476    0.11403123713    2    3.47974801064    0.160556932664    
0.949803209335    -0.197900594399    0.155593169562    2    2.68838500977    0.160556932664    
0.990184771885    0.0695341884892    0.0921754149106    1    1.25642991066    0.160556932664    
1.08657246925    0.0941564746591    0.158811813276    3    3.82082295418    0.160556932664    
1.10549742644    0.0293244694709    0.149480721086    1    1.58053898811    0.160556932664    
1.00444745085    -0.0129431588505    0.0168273611826    3    3.69006180763    0.160556932664    
1.07457557177    -0.0735455182275    0.0877416933155    4    4.03845000267    0.160556932664    
1.02021476609    0.0661402169057    0.0509674971047    1    1.02843904495    0.160556932664    
0.939596059703    0.00952719417767    0.0877439420211    4    5.7132101059    0.160556932664    
1.03509512832    0.134820853648    0.108640131498    2    3.74815297127    0.160556932664    
1.00503297728    0.0248375847069    0.0101955964177    1    1.67367005348    0.160556932664    
0.900823458356    -0.129129823153    0.150054762053    2    2.84128904343    0.160556932664    
0.966015912699    0.0322167165987    0.0420457771046    1    1.4380440712    0.160556932664    
0.935052769001    0.00462263621514    0.0647447684468    11    14.9999830723    0.160556932664    
0.891482246159    0.0212479235562    0.137926661817    1    0.998019933701    0.160556932664    
1.11864496267    -0.0690795087785    0.131104598395    1    0.953687906265    0.160556932664    
0.985083781263    0.0423665353447    0.144260146666    3    4.14481282234    0.160556932664    
1.10504089114    0.0437966231695    0.109695123328    1    1.50683999062    0.160556932664    
0.962967405021    0.0132287203863    0.0716117001411    1    1.38223290443    0.160556932664    
0.955864990916    0.0208142682669    0.0608554794297    6    7.5516140461    0.160556932664    
0.926924214969    -0.124275163769    0.153961499311    1    1.01906704903    0.160556932664    
0.982914022848    0.0251491291518    0.104209056983    3    3.89342212677    0.160556932664    
0.951941701452    -0.045116881608    0.0499196786183    2    2.54064893723    0.160556932664    
0.888311523572    -0.0184775857913    0.118059999241    2    2.95700788498    0.160556932664    
0.998641683617    0.0436204750113    0.0329156000614    2    2.2330892086    0.160556932664    
0.909294462478    -0.0716310349652    0.0952760061931    1    1.10668110847    0.160556932664    
1.05497390582    -0.00767142975342    0.0742999257317    3    4.50803899765    0.160556932664    
1.07797350911    -0.0229911760107    0.0783287695749    1    1.31200194359    0.160556932664    
0.984689783924    0.0409728926118    0.0475900488561    4    5.35718607903    0.160556932664    
1.07430132798    -0.123596549603    0.119902495151    1    1.09355092049    0.160556932664    
0.933722017073    -0.0157277166105    0.0663153725654    2    2.20307683945    0.160556932664    
1.05092176863    0.120533696608    0.0823849828391    1    1.11039400101    0.160556932664    
1.05509485338    0.0691524693034    0.128062292649    3    3.53654885292    0.160556932664    
1.02210628094    -0.104323522582    0.103689599552    1    1.07891702652    0.160556932664    
0.943493701632    -0.0479456869508    0.0583282559185    1    1.2518761158    0.160556932664    
0.977429204348    -0.0248288389359    0.027092492919    4    6.17577290535    0.160556932664    
1.0625071649    -0.141445613495    0.0948040086857    2    3.22427892685    0.160556932664    
1.02377866974    -0.0186265571221    0.0261988854807    1    1.24996900558    0.160556932664    
0.945093434894    -0.133106588461    0.116202086004    1    1.36897802353    0.160556932664    
1.02292016739    0.0444142859045    0.0826051029355    1    1.64854001999    0.160556932664    
1.01945805267    -0.100672329077    0.151731198509    1    0.946022033691    0.160556932664    
0.849064042902    -0.0391998875024    0.151570640565    5    6.48962903023    0.160556932664    
1.06208454291    0.0272413372796    0.0836473036649    1    1.71836519241    0.160556932664    
1.08945923841    0.0562424830024    0.113446872613    1    1.19892215729    0.160556932664    
0.927171040231    -0.0909434428354    0.0812625446916    3    4.0463988781    0.160556932664    
0.935792357315    -0.165763108782    0.147419099212    1    1.24561595917    0.160556932664    
1.13493306606    0.0773652615894    0.159203903395    1    1.4436249733    0.160556932664    
0.987777058304    -0.12644751866    0.117917067986    1    1.55999112129    0.160556932664    
1.05121042058    -0.0681240905527    0.0722665284944    1    1.17636322975    0.160556932664    
0.895944579228    0.113516499649    0.144691616078    1    1.73154306412    0.160556932664    
0.904156370565    -0.0413287854346    0.105025675109    2    2.44039082527    0.160556932664    
1.08154590208    -0.0959710564743    0.085953410638    4    4.95557498932    0.160556932664    
0.968703175188    -0.0658778592048    0.0432473557838    1    1.74071788788    0.160556932664    
0.894975518318    -0.0547556996806    0.115746637576    1    1.4612801075    0.160556932664    
1.01719664512    0.0597207286831    0.0755513760922    4    3.40471196175    0.160556932664    
0.912953749514    -0.00233497072076    0.0895320555133    1    0.415541172028    0.160556932664    
1.12188813075    -0.0058804444483    0.140072760903    3    0.974629163742    0.160556932664    
1.01994586965    0.0373179384784    0.0517160243665    2    2.69468903542    0.160556932664    
0.888167276067    0.0229137955929    0.153945956595    2    3.01854300499    0.160556932664    
0.852840244257    0.0138910545237    0.150227432019    2    2.33274006844    0.160556932664    
0.923689348662    0.010183775382    0.0772245988892    2    1.52542281151    0.160556932664    
0.981249399541    -0.139195179668    0.10613889537    1    0.486135959625    0.160556932664    
1.06398320915    0.0390687301566    0.0788796527019    2    0.725306034088    0.160556932664    
0.948607555564    -0.0185676817418    0.0549635829056    2    0.709107160568    0.160556932664    
1.03728006316    -0.153647003652    0.0868360157231    2    2.03990316391    0.160556932664    
1.07479988606    -0.0796843007934    0.0745094975814    1    0.736252069473    0.160556932664    
