0.00956280506846
0.00999143276006
0.00864219064552
0.00949495399702
0.0122076832641
0.00968770171287
0.00896464183329
0.00841864147136
0.00804213792204
0.0114156471301
0.00878233589638
0.0110774989777
0.0126631328022
0.0119406803225
0.0104002464069
0.00848254335949
0.00871980635539
0.0099696901168
0.0107922312493
0.010401815775
0.0119340648886
0.00801953721637
0.0091581141815
0.00904613356236
0.0083476416344
0.0102799147497
0.00847445087649
0.0108042288854
0.00877119105392
0.00979981691006
0.010479377408
0.00951382210205
0.00837477159472
0.00859708779816
0.0133657745491
0.00852779768922
0.0089833571547
0.0128242074297
0.00832376468836
0.0101310085914
0.00876051442686
0.0106100114007
0.0082433291443
0.00811084809331
0.00879870693153
0.00936235797999
0.0122211391907
0.00928655999923
0.0085731557219
0.0103483620634
0.0081370857138
0.00924821396549
0.01024685729
0.0132270087816
0.0104754364456
0.0083028262343
0.0123895286553
0.00808690444546
0.00935184358738
0.0093702701432
0.0087634196816
0.00879555672345
0.0117864266029
0.00948225635538
0.011084720117
0.00920604827256
0.00949174224363
0.0103245263665
0.0127045811086
0.00886030853335
0.0121197169138
0.0122401402988
0.00892160170823
0.0136221763151
0.0085353085498
0.0106664516431
0.0114340765048
0.01006546991
0.0141245038254
0.00894631739973
0.00933690090211
0.00934249509246
0.00867657925684
0.0131874110859
0.0100133357574
0.00908295048095
0.0109402307614
0.00811523347115
0.0115770407487
0.00952879359423
0.00940743612522
0.0122391450535
0.00825677797171
0.0124702686916
0.00967966360455
0.0109176682344
0.00995178473555
0.00953109705487
0.0102823753948
0.00972262266415
