0.00739227413862
0.00790944532415
0.007754641532
0.00890222542374
0.00951916114025
0.00867010554208
0.0105047092827
0.00898104590565
0.00783285206772
0.00756503556822
0.0153151795736
0.0143419755242
0.00732823260883
0.0114133601943
0.0091868384973
0.00769438252801
0.00806658650145
0.0100961837814
0.00797384306455
0.00982038608416
0.00817510767903
0.0102147601626
0.00924174685692
0.00847780386564
0.00797331410205
0.0118583056604
0.0104788292663
0.00801074638968
0.00920088204587
0.00861582967774
0.0113231983757
0.00950818713626
0.00928466305406
0.0126994619469
0.00809361575152
0.00865771229145
0.0105968196517
0.0168843452481
0.0117062868804
0.00745547178115
0.0095348505138
0.00949354073106
0.011764768235
0.00905258467552
0.00804958427212
0.0109616399425
0.00878970214988
0.0076962149703
0.00902541068386
0.00988919174557
0.0120269417077
0.0129024997873
0.00869943668842
0.00971503081713
0.00951711436715
0.00989298368578
0.0107762476345
0.0125566467229
0.00853829881161
0.00731114492465
0.00796803801482
0.007931638299
0.0120304439811
0.00930427920931
0.00888639841241
0.00969798228157
0.00786515689696
0.0104001121661
0.00759769594455
0.0115555811778
0.00779961414364
0.0073712026354
0.0100114340241
0.00811916049549
0.0328670242028
0.0127818168868
0.00976637297214
0.0143113861778
0.0190248147247
0.0122694492915
0.00854101298799
0.01675413419
0.0107345068734
0.00800558318408
0.00952906311996
0.0108461352632
0.00803772726626
0.0107638916625
0.0105673119714
0.0074483451153
0.00812793683816
0.0151446255103
0.00800970026834
0.00896358471072
0.0090146236091
0.00794250944302
0.0085511843513
0.00838028354985
0.00823626469971
0.00792258827408
