0.00805125540355
0.00967578103207
0.00984026682164
0.00996642418735
0.00815797016286
0.0104574391723
0.0111704176512
0.0088872214857
0.0125481632699
0.0117691481827
0.00868300563622
0.0162630642055
0.00798218040075
0.012716531509
0.00820830726328
0.0082334937866
0.00998320442501
0.00789226195716
0.0110786734584
0.0100687553196
0.0103577772603
0.0118171184194
0.0121178431839
0.0108746001861
0.0126398581265
0.00846064227899
0.00982378213421
0.00963346009476
0.00917132660262
0.0122573301886
0.00949156527461
0.0111541307395
0.00799045166494
0.0081685339034
0.00822438326289
0.00925045668193
0.0092968233368
0.0113467966458
0.00970270523489
0.0128437609426
0.00813877779137
0.012727230655
0.00909751384564
0.00834014151058
0.00908985132799
0.00861982341356
0.00788323798705
0.00868249783013
0.0130757778087
0.00956637338916
0.0126074377803
0.00886588941925
0.00858701113646
0.0089706047564
0.00875987429531
0.010079726503
0.011113668606
0.00964415298608
0.00978321983469
0.0107114051201
0.00958945597473
0.00984333603179
0.00995387939925
0.0125066207974
0.00981710697859
0.0100854971052
0.00954727698378
0.0112282693745
0.01068372153
0.0098348948116
0.00972285429333
0.00820119157596
0.00892394075531
0.0138519361062
0.0120879774969
0.0111012210202
0.00854667965059
0.0142991021139
0.0081729418869
0.00839318826835
0.00922570932282
0.0115344487609
0.00888892817643
0.00856797072
0.00958877107738
0.00853091945275
0.00878224786613
0.00901796691606
0.0105037291128
0.00848014281124
0.015471584399
0.00870776108933
0.0102952651429
0.0108787483558
0.00833002057665
0.00818518655651
0.0103828444361
0.0096337476286
0.00921977702687
0.00878201092725
