a    b    distance0    NDraws    time    dist_threshold1    
0.77029159215    -0.14948567479    0.360589835302    3    3.27838110924    0.384533983785    
1.0184413924    -0.181247228812    0.304068813066    2    2.40210390091    0.384533983785    
0.801106254526    -0.130913510992    0.369307163623    3    3.85467791557    0.384533983785    
0.788495627879    0.215867116134    0.217551487711    5    6.09669494629    0.384533983785    
0.797263960637    0.0201765441739    0.249375986395    1    1.14957499504    0.384533983785    
0.900814582342    0.27871341743    0.117326881894    1    1.2746591568    0.384533983785    
0.803945529593    -0.0732698602801    0.282062538979    1    1.40110611916    0.384533983785    
1.21538912256    -0.125343751248    0.344074473331    4    5.02555799484    0.384533983785    
0.950680126863    0.39600257156    0.325341217031    1    1.15959095955    0.384533983785    
0.98371876364    -0.0914042170619    0.218913814927    2    2.35078191757    0.384533983785    
0.81572981025    -0.0691291889864    0.308226516807    2    2.715321064    0.384533983785    
1.26899177629    0.17566358794    0.273029754059    3    3.08188199997    0.384533983785    
0.880943246502    0.297175727513    0.239572391479    1    0.95557808876    0.384533983785    
0.797723981274    -0.128459049923    0.337132574459    1    0.889034986496    0.384533983785    
1.07743091663    0.0775282522348    0.137764291178    4    2.98568797112    0.384533983785    
1.03036882415    0.190052894011    0.0571166478206    2    1.49617600441    0.384533983785    
0.733390106662    0.14002742774    0.269054198877    4    3.12157082558    0.384533983785    
1.01876216537    -0.0740070264681    0.250241740137    1    0.926359891891    0.384533983785    
0.774804693584    -0.0979147399195    0.330734523131    1    0.895986795425    0.384533983785    
0.965524659057    0.365881577688    0.257543854123    1    0.828411817551    0.384533983785    
0.97908692175    0.201356005471    0.113916496479    3    2.20363306999    0.384533983785    
0.679259788285    0.245387953278    0.337335567496    1    1.08240199089    0.384533983785    
1.02782364339    0.288002961439    0.235136517756    2    2.25977396965    0.384533983785    
0.790363829968    0.207633092545    0.240361506553    2    2.51282215118    0.384533983785    
0.958137488711    0.493011054207    0.312581260293    2    2.72488212585    0.384533983785    
1.19671584953    0.164888791428    0.203281849621    6    8.0164680481    0.384533983785    
0.974759593376    -0.00599157442154    0.146939902619    1    1.27804994583    0.384533983785    
0.66808132775    -0.0117815652223    0.349351321951    1    1.51732397079    0.384533983785    
1.12271660816    0.510340338212    0.315157252268    3    3.07161092758    0.384533983785    
1.3243698211    0.0572293083994    0.350882643754    2    1.65563297272    0.384533983785    
1.06577929086    0.189241332683    0.0881095158446    2    1.91907119751    0.384533983785    
1.12789983476    -0.00832494884821    0.184700853253    3    2.97300195694    0.384533983785    
1.22109786267    0.261512335457    0.296827933691    1    1.29944586754    0.384533983785    
0.665103846626    0.0919281259598    0.335106011188    1    1.31559801102    0.384533983785    
0.933680846421    0.130278837878    0.0922178731404    1    1.61570692062    0.384533983785    
1.0671852349    -0.0760402451675    0.144895066233    1    0.914923191071    0.384533983785    
0.784525468427    0.00272059800291    0.271087233952    4    4.58427596092    0.384533983785    
1.21494010041    0.226768019197    0.214685458799    4    3.50903010368    0.384533983785    
1.14525023972    -0.00287123085328    0.203418782016    1    0.960604190826    0.384533983785    
0.827593740504    0.0698594170943    0.190140601319    1    0.959057807922    0.384533983785    
0.7020971369    0.164793591054    0.299830967194    3    3.80581498146    0.384533983785    
1.20831130555    0.365568518164    0.330980736165    2    2.68464303017    0.384533983785    
0.940367738073    0.179879585303    0.085039418591    1    1.16581892967    0.384533983785    
1.17393971434    0.222225235053    0.193001802063    1    0.852047920227    0.384533983785    
0.876140034994    0.00631538932004    0.141151420974    1    0.90096783638    0.384533983785    
0.971137064509    0.0712268458128    0.115504662983    2    2.47941493988    0.384533983785    
1.00058748223    -0.0239214631041    0.155581031174    4    4.5692179203    0.384533983785    
0.850169295946    -0.170439002816    0.252658422676    1    1.1559510231    0.384533983785    
0.84131711429    0.162373082516    0.159894488158    1    1.09807395935    0.384533983785    
1.07173673588    0.111275466914    0.0724126933903    4    5.3705508709    0.384533983785    
1.00594885703    -0.0203549072988    0.206962360687    3    3.69941687584    0.384533983785    
1.10952553643    0.280255228338    0.191229962649    4    4.51701402664    0.384533983785    
0.918187240844    0.293259385446    0.188402393607    6    8.08668994904    0.384533983785    
1.16298969704    0.245936741321    0.195697266192    1    1.72358012199    0.384533983785    
0.759834974832    0.194795237976    0.243014775861    3    4.10922813416    0.384533983785    
1.18403808946    0.412161548491    0.279037523002    1    1.06236314774    0.384533983785    
0.754637732232    0.376002904117    0.330270033188    5    6.14895796776    0.384533983785    
1.30462885174    -0.0431058802465    0.373032279643    5    5.14724493027    0.384533983785    
1.16653094249    0.42150611848    0.365715695951    2    3.17009711266    0.384533983785    
0.915076097788    0.271254152761    0.190527945201    1    1.21184515953    0.384533983785    
0.892499485089    0.170742850973    0.121929753922    2    2.90981602669    0.384533983785    
0.633829824685    0.0310567558259    0.378545902311    1    1.34699606895    0.384533983785    
0.699646016734    0.166476277137    0.299778675544    1    1.62329292297    0.384533983785    
1.04077437066    0.514603311805    0.283327950063    1    1.27742600441    0.384533983785    
1.03274448343    0.127199790082    0.0635724216549    2    2.77513003349    0.384533983785    
1.24160706932    0.153426360853    0.247269354579    1    0.942130088806    0.384533983785    
0.780414697625    0.386645672657    0.363642116248    2    2.02310299873    0.384533983785    
0.914797987569    0.364374640828    0.240280377249    4    4.58610796928    0.384533983785    
0.953914661201    0.33672866898    0.158180026284    2    2.00462293625    0.384533983785    
0.86851253849    0.426376634531    0.340365629776    1    1.01354503632    0.384533983785    
1.18243296839    0.323266568329    0.231393855024    3    3.98818802834    0.384533983785    
0.982040312394    0.133857614755    0.0236577164698    3    4.03334307671    0.384533983785    
0.962768934613    -0.00146637193216    0.055597580651    4    4.21337294579    0.384533983785    
0.989136832525    0.103696609264    0.0200550063932    1    1.14611887932    0.384533983785    
1.23737864593    0.267630606245    0.292243445936    1    1.04037690163    0.384533983785    
0.951789312089    0.226718399134    0.107507559328    2    2.55014801025    0.384533983785    
1.15265366332    0.034182734166    0.177703711346    1    0.921736001968    0.384533983785    
0.89820643853    0.351711801388    0.272899160632    3    3.33670306206    0.384533983785    
0.746316089665    0.0428310112111    0.263650990019    2    1.83629918098    0.384533983785    
1.12454004369    0.328194390751    0.19903278274    1    1.26038908958    0.384533983785    
0.890124764624    0.0503852345066    0.134886963904    1    0.993437051773    0.384533983785    
0.942397071233    0.00314360871506    0.133309409898    2    2.10273814201    0.384533983785    
1.05447440565    -0.0951271867963    0.257083604223    6    5.09150290489    0.384533983785    
1.19159172678    -0.193103562442    0.380935452744    2    0.587192058563    0.384533983785    
0.737163315876    0.230134346533    0.27352342276    1    1.20928406715    0.384533983785    
0.990616255311    0.472387999002    0.283916398651    3    2.92792201042    0.384533983785    
0.857382522485    0.00438691810794    0.275584105497    3    2.74180102348    0.384533983785    
0.822453283712    0.223316573346    0.199017337026    1    0.741617918015    0.384533983785    
1.08413603537    0.379882860045    0.291645891907    2    1.59001708031    0.384533983785    
1.20661322434    0.179360088366    0.209482342606    4    3.2117600441    0.384533983785    
0.864303856508    0.307340736272    0.202298425866    1    0.375674962997    0.384533983785    
0.888332290323    0.16966265817    0.113072493865    1    1.02657914162    0.384533983785    
0.836253695818    0.209767558794    0.175178067132    1    1.08954501152    0.384533983785    
0.766864891935    0.0786607926672    0.23666804372    1    1.56489515305    0.384533983785    
1.13482568324    0.262067159168    0.196310504698    1    1.0700469017    0.384533983785    
1.03258409274    0.350267943964    0.237697872949    1    0.96665096283    0.384533983785    
0.796619329171    -0.154932122618    0.317921731225    3    2.64680099487    0.384533983785    
1.12247650256    0.103786108311    0.122302359887    4    3.71882891655    0.384533983785    
1.12727756851    0.299529647227    0.213714072978    1    0.829566001892    0.384533983785    
0.991458904123    -0.0192853471793    0.204970767464    1    1.45169401169    0.384533983785    
