0.00725710424036
0.0121221338912
0.00730842782176
0.0127996561656
0.0133184002936
0.0117686468891
0.00866387411041
0.0188588577997
0.00897266278279
0.00877039136048
0.00848360254896
0.00810757667168
0.00779397200466
0.00841489790399
0.00708202026913
0.0093332108609
0.00738657973945
0.00733173848555
0.00898710417997
0.00893943505815
0.0104436911618
0.00923282091806
0.00757311110891
0.00779195655077
0.00997184337817
0.00885474856231
0.0149377779352
0.00708902833427
0.00688217056447
0.00796374626602
0.0142479063273
0.00691279209425
0.0102651616992
0.00702828559287
0.00714201607927
0.00761950685659
0.0242886315018
0.00811224068026
0.0074449896673
0.0123457375725
0.0107705771817
0.0501922224886
0.00778215076941
0.00736359013146
0.00689881919468
0.0077448065772
0.00724062297804
0.00903783128221
0.00808270929418
0.00893004541826
0.0135234858016
0.00852792976602
0.00959919195347
0.0141094467034
0.0203429875723
0.0074779062241
0.0115212601628
0.00693586337418
0.00709546875635
0.0118652483466
0.00738205319242
0.00707272841181
0.00759412536961
0.0079611527638
0.00972850591414
0.0090573732455
0.0107150626153
0.014866577929
0.00763369032957
0.0077720130334
0.00767421437115
0.0146154926938
0.0116208598779
0.00861665718931
0.0139526117033
0.00700493865904
0.012666856614
0.00872847375973
0.00809409387486
0.0117876671494
0.00751559099385
0.010512845374
0.00848785505218
0.00789755996186
0.00699995991611
0.00800903504732
0.0114585349816
0.00697228550619
0.0102096298139
0.00758299133312
0.0127707759535
0.0102370952528
0.0112313249629
0.0072021213856
0.00929586589447
0.00930175556481
0.00850819885009
0.00781016320848
0.00914094652417
0.0114196958208
