0.00923211670794
0.00820612121518
0.00853245832419
0.011464425908
0.0102009316062
0.00876436501691
0.0120652450255
0.00860542862577
0.00835029573943
0.00914708088419
0.00925774277438
0.0111297540278
0.010478188338
0.00833714693659
0.00984270957253
0.00861208337452
0.00917578140477
0.012611788708
0.00822407555949
0.0143480271629
0.00819758544601
0.011948814426
0.00838577350822
0.00912206849242
0.00819554954298
0.0129577413006
0.0126017186907
0.0108605710006
0.0124477358565
0.00877645770359
0.0124378523
0.0163693729256
0.00887201501355
0.0107280666536
0.00889577173343
0.0105710203341
0.00827836553352
0.00810253255261
0.010647207614
0.00868227068894
0.010650462266
0.0109298975709
0.00852997065507
0.00935044217901
0.0132474739132
0.0107032948954
0.0102396725454
0.00856818949042
0.00805536565447
0.00854011855808
0.00809096156147
0.00959283222924
0.00829898217054
0.00833633585517
0.00805229673015
0.00893548709127
0.01239758039
0.00902426883984
0.0136132911971
0.00846421274648
0.00978040251648
0.0118330075114
0.0087081813986
0.0122643303926
0.0094007058339
0.00860374511433
0.00804727598425
0.00906833783099
0.0109586300198
0.00969104199727
0.00859039824799
0.0122113422302
0.00939682342677
0.00968456038086
0.00798190905248
0.0104497251902
0.0100546845492
0.0136722052823
0.00812069096409
0.0132573607531
0.0120306104578
0.0109528089666
0.00831937186816
0.0102454678972
0.00954848140255
0.00927746465707
0.009391922367
0.0111972247668
0.010749137168
0.0112700554826
0.013686252337
0.0084976900717
0.0104303375677
0.00917139586767
0.010035878909
0.011461933836
0.00831421695383
0.00853671149448
0.00793900542128
0.00988327906207
