0.00995095452971
0.00865400249884
0.0127056594234
0.0105711669621
0.0100083867351
0.00854261444696
0.00884211756405
0.0108900478143
0.0102365569318
0.00833096745844
0.0103021187357
0.00971519071453
0.00903480290945
0.0126051475118
0.00938735861087
0.0119460062963
0.00957439459946
0.00919468251746
0.0109046577215
0.0107774620403
0.00838986577539
0.00922031927027
0.00864181168239
0.00828437250624
0.00962686423342
0.00978850923113
0.00826216025943
0.0107775589191
0.0118913328141
0.00864586691096
0.0102923908415
0.00868921226965
0.0126897953836
0.00922417133014
0.0135263613721
0.00970182668554
0.00841236031486
0.00917077258579
0.0140498826809
0.0101657460733
0.0126102278712
0.00973445401981
0.00961436747101
0.00930148170591
0.00964536926085
0.0114268852035
0.00951699705869
0.00883856890454
0.0088857936891
0.00955905033735
0.00956127816419
0.010308113579
0.0108247767076
0.00876472717303
0.00907462513614
0.0118014087167
0.00976786643954
0.0106719104017
0.012525205712
0.011409634423
0.0115645698807
0.00888811050573
0.00878059218565
0.00944956266247
0.00838247988946
0.00830610338536
0.00991682373325
0.0107248592928
0.00846424414879
0.0082413063506
0.0093757594257
0.0103096974153
0.0104405765378
0.00872089957997
0.0100617703797
0.00845676125258
0.0107760250584
0.0097580087742
0.0115331874362
0.0094223635693
0.0109957809598
0.0106348074314
0.00966661499712
0.010408243348
0.00933344231097
0.0133626393232
0.00897290147577
0.00926984543459
0.0124058018472
0.00821239898653
0.00978678277324
0.00840978985655
0.0111539003902
0.00953723612295
0.0128336958597
0.00951701702612
0.00827428386264
0.00828490185116
0.0125195278003
0.00937846774204
