a    b    distance0    NDraws    time    dist_threshold1    
0.954161970927    0.155450008342    0.0453695222257    1    1.15774798393    0.0829777942855    
1.01246794169    0.0862569297482    0.0626669579623    4    5.07681417465    0.0829777942855    
0.965104702689    0.165014525561    0.0384779132091    2    2.23310303688    0.0829777942855    
1.05264390977    0.159407382549    0.0558012853252    5    5.24785518646    0.0829777942855    
1.05831123193    0.141701351484    0.0670784410334    1    1.16795086861    0.0829777942855    
1.01000468996    0.163558639712    0.0435475602847    5    4.77540016174    0.0829777942855    
1.04984988319    0.0870638894036    0.0511023665253    3    2.7531080246    0.0829777942855    
1.03004553553    0.169719272369    0.0304525289335    1    1.24185609818    0.0829777942855    
0.94448780444    0.139380729169    0.066195267628    3    3.91468787193    0.0829777942855    
1.05071871356    0.0741631031492    0.0710064276538    1    1.45486617088    0.0829777942855    
0.944144424741    0.107207855642    0.0619375928611    6    7.62797093391    0.0829777942855    
0.975490736219    0.0863004216138    0.0342117427919    6    7.4388320446    0.0829777942855    
1.01816150387    0.01952404513    0.03767265111    1    1.08986401558    0.0829777942855    
0.967671677241    0.15798716935    0.0404648856714    2    2.27772188187    0.0829777942855    
1.04087043438    0.0511384941103    0.0724389204256    6    5.20457601547    0.0829777942855    
1.01301443644    0.0728791648912    0.0751981948191    1    1.04740285873    0.0829777942855    
0.943338605191    0.0338506664797    0.062349462712    3    3.51794314384    0.0829777942855    
1.03180178066    0.0797432838403    0.0792651554613    6    7.6654419899    0.0829777942855    
0.936812675243    0.12605667542    0.0630263801312    8    8.86134600639    0.0829777942855    
1.00564439486    0.149696271743    0.0300911891749    4    3.49224495888    0.0829777942855    
0.935997580237    0.167681882385    0.0794191159015    1    1.09870314598    0.0829777942855    
1.03686173927    0.149588446248    0.0380582207553    4    3.45429801941    0.0829777942855    
0.973374658313    0.178780073982    0.0768921524972    5    3.96479010582    0.0829777942855    
1.04024690396    0.0768624003649    0.0509953723854    2    1.92322492599    0.0829777942855    
0.993513933355    0.144691743499    0.00743626274269    2    2.1461751461    0.0829777942855    
1.067712461    0.201657422732    0.0764875404578    1    0.817561149597    0.0829777942855    
0.949552388526    0.150751426401    0.0773713111197    1    0.810961008072    0.0829777942855    
0.965905682619    0.103419556319    0.0490384295601    3    2.16597390175    0.0829777942855    
0.952046679954    0.137218053362    0.0537274410247    2    1.35056304932    0.0829777942855    
1.05389783637    0.188298160658    0.0642963831164    5    3.96423196793    0.0829777942855    
1.02396075306    0.13014874819    0.0329693391556    3    2.42729091644    0.0829777942855    
0.973301553802    0.119114450395    0.0371424072956    1    0.928149938583    0.0829777942855    
1.00266302563    0.172925496711    0.0302339300053    7    6.02966117859    0.0829777942855    
1.0004607677    0.128043937293    0.0574691576501    2    1.47577500343    0.0829777942855    
0.97014493467    0.151362601424    0.0314620740402    1    0.765599012375    0.0829777942855    
0.98209476748    0.109961436673    0.0273205378808    2    1.9780600071    0.0829777942855    
1.0238292233    0.168613506079    0.0520329559675    4    4.20851993561    0.0829777942855    
1.02142424114    0.0745541733906    0.0395688659106    3    3.37709212303    0.0829777942855    
0.936581608896    0.120380856345    0.0626591110351    2    1.93127608299    0.0829777942855    
1.03994799672    0.0876093354299    0.0686448997703    1    1.01317691803    0.0829777942855    
1.03970440398    0.130688153481    0.0440423074028    1    1.21499490738    0.0829777942855    
0.959199859031    0.175339800008    0.0605930085119    2    1.7564201355    0.0829777942855    
0.978448480956    0.102146187648    0.0331908438389    2    2.36223387718    0.0829777942855    
0.938747921846    0.109707744166    0.0605721601763    6    6.43499112129    0.0829777942855    
1.05265714063    0.196767381434    0.0803016629496    2    2.25600504875    0.0829777942855    
1.04728626826    0.167439500085    0.0552494767121    1    1.11087298393    0.0829777942855    
0.982297353202    0.116146188391    0.0326259974968    1    1.1086139679    0.0829777942855    
0.982887317646    0.188623419756    0.0394628114183    5    5.43835115433    0.0829777942855    
1.02870162438    0.0561949387628    0.0688471106238    7    7.01285600662    0.0829777942855    
1.01132904611    0.198027684921    0.011882394018    6    5.58050680161    0.0829777942855    
1.04523099616    0.0983779300905    0.0458318721384    8    7.13261795044    0.0829777942855    
0.994957368332    0.0799236905561    0.0685116920438    2    1.35191893578    0.0829777942855    
0.989524629769    0.115913685168    0.0117788205235    1    0.705028772354    0.0829777942855    
0.94837247283    0.0457646821745    0.0630622684761    1    0.677942037582    0.0829777942855    
1.06744653036    0.167884625948    0.0824500156313    1    0.756046056747    0.0829777942855    
1.01335314095    0.126487445531    0.0575595984548    1    0.961744070053    0.0829777942855    
1.06067416063    0.129084833153    0.0653671173463    2    2.16910600662    0.0829777942855    
0.980895136295    0.161697209518    0.0679475843893    6    6.22922086716    0.0829777942855    
0.916949734028    0.166288015414    0.0823224862292    1    1.27424502373    0.0829777942855    
0.967734624509    0.100070361636    0.0505376010406    4    3.99006509781    0.0829777942855    
1.04019599192    0.0986258168781    0.0440644538711    1    1.05047798157    0.0829777942855    
0.99923303375    0.156334833728    0.0233996792577    4    4.00267410278    0.0829777942855    
0.937041002174    0.0896964045699    0.0622562943544    2    2.15412783623    0.0829777942855    
0.938268792452    0.134315718762    0.0622110963307    2    1.74811792374    0.0829777942855    
1.02879627128    0.115069865261    0.0294486724301    2    1.76778411865    0.0829777942855    
0.996774809792    0.126866929534    0.00638493136918    1    0.907777070999    0.0829777942855    
1.02776375879    0.18367254352    0.0681848226951    1    1.0399479866    0.0829777942855    
1.04562397011    0.190885623106    0.054885096755    1    1.10089111328    0.0829777942855    
0.996992370361    0.155023512166    0.0358688479198    1    0.973301887512    0.0829777942855    
0.954530825485    0.0957316491901    0.0748372600042    4    3.65625810623    0.0829777942855    
1.02215454332    0.0941333886196    0.0508596102223    1    1.1381790638    0.0829777942855    
0.946085201151    0.0665688895456    0.0660247086638    4    3.69837594032    0.0829777942855    
1.04732956996    0.0912846508246    0.0634362237445    4    4.597864151    0.0829777942855    
1.03754964831    0.150926942727    0.0508139667941    4    4.61455106735    0.0829777942855    
1.0731139382    0.183060065849    0.081737464061    1    1.18595290184    0.0829777942855    
1.0058818655    0.118068172949    0.0107406075144    6    5.65145587921    0.0829777942855    
1.02103880415    0.236446297327    0.0576711192639    2    1.23383402824    0.0829777942855    
0.925377861141    0.183716043453    0.0742964507205    4    4.37487983704    0.0829777942855    
1.01208335599    0.134613266139    0.0127666261807    1    1.20653009415    0.0829777942855    
1.01258632877    0.109867469523    0.0124921118057    1    1.01998901367    0.0829777942855    
0.973170240715    0.215235641172    0.0517017220072    1    1.23635983467    0.0829777942855    
0.985667376993    0.0735517959751    0.0577540463831    3    3.59685087204    0.0829777942855    
0.972524988947    0.138646690545    0.0449876223685    7    8.06557488441    0.0829777942855    
1.05624898858    0.111386845902    0.0589974011942    5    3.03573083878    0.0829777942855    
1.03034799946    0.186074047393    0.0524222815811    2    1.98363304138    0.0829777942855    
1.05934138509    0.0340718339508    0.0683293467912    4    4.49383306503    0.0829777942855    
0.993808100476    0.145707719044    0.0364486917826    1    1.03344106674    0.0829777942855    
1.07625425998    0.16586168622    0.0820049680435    3    2.59226107597    0.0829777942855    
1.02586767192    0.153006865252    0.0280848299669    4    3.53534388542    0.0829777942855    
1.03447992553    0.165128544612    0.0498169125725    2    1.91561102867    0.0829777942855    
0.944101638234    0.0614178873585    0.0680579823628    1    1.19805812836    0.0829777942855    
1.0081140472    0.0388966208093    0.0683106845968    1    1.19770908356    0.0829777942855    
0.962225977691    0.0919128733556    0.067220471698    1    1.06918096542    0.0829777942855    
0.953571371864    0.111439999973    0.0472849366229    1    1.27211785316    0.0829777942855    
0.979110382242    0.0702855011256    0.057098172739    2    2.05984401703    0.0829777942855    
1.06968671346    0.0907597220712    0.0798330059085    2    1.93819880486    0.0829777942855    
0.923044679969    0.122997150682    0.0774465493676    3    3.87913894653    0.0829777942855    
1.06792385016    0.140939937378    0.0704597399319    3    3.570925951    0.0829777942855    
0.993544271369    0.149191209036    0.0174514582786    11    5.01669716835    0.0829777942855    
1.01968819722    0.137272349966    0.0212120287439    2    0.411349058151    0.0829777942855    
