0.00849282951222
0.00824744801182
0.00938029637221
0.00869337734569
0.00953394909088
0.0111139157486
0.00835767024015
0.00839129319679
0.0100556722458
0.00869038976327
0.0111253888194
0.0102607420442
0.0130881134899
0.00814378846798
0.00866548247599
0.011691862593
0.0089645728582
0.00938777922895
0.0110311407728
0.0101540342302
0.00794861554444
0.0130508391377
0.00822937686682
0.0087116792625
0.014652331667
0.0118441480288
0.00925981447793
0.00944586262249
0.00819527263875
0.00936574538531
0.0105431948772
0.0105247237083
0.0128613884314
0.0079863491799
0.0106919843014
0.00840590277814
0.00799676562403
0.00909012429301
0.00929436306809
0.0104537393195
0.00820430111915
0.00840738835167
0.0100071373706
0.00894539250942
0.00793459221509
0.00921076207607
0.00903027884538
0.0121295824843
0.00893014907759
0.00930613583238
0.00905093894811
0.0111285789026
0.00992500812532
0.0108933292619
0.0113661287486
0.00907107134368
0.0120500793392
0.00858978102161
0.017470870656
0.00829375642696
0.0106208309629
0.00994178792135
0.00838623456236
0.00803714485349
0.00822738069395
0.0117468879848
0.016194303487
0.00808108065887
0.00901565691831
0.00857777411291
0.0156597896119
0.0113552374762
0.0102543486223
0.0137663121045
0.0106811337759
0.0115623674504
0.00860385079524
0.00943266649692
0.0124674727666
0.0115408033998
0.00955632140951
0.0082582353652
0.00861165066512
0.00917540884934
0.00919069670095
0.00930656187376
0.00864376029033
0.0117547765052
0.0116295077342
0.0110390513373
0.0103558774433
0.00875830299625
0.0103390313484
0.00810312101776
0.0111274600767
0.0113273885438
0.00810468359927
0.00876356450086
0.0107129747639
0.00912132994685
