0.00764437139034
0.0122419083589
0.00860784904821
0.00984400665651
0.0118157233022
0.00863041870151
0.00811454360992
0.00904157546457
0.00888585563977
0.0105437300513
0.00763559789742
0.0119179426423
0.00901725141781
0.0080277725902
0.0094362739361
0.0127850232865
0.00928817389825
0.0108606385045
0.0102107454833
0.0121662732793
0.00864887556783
0.00895452475138
0.00908253105051
0.0101896530578
0.0104815621206
0.0113503182529
0.00865399697286
0.0123816399893
0.00795413839115
0.0118647909229
0.0105894240149
0.0103279872173
0.0108151062342
0.0129090586889
0.0105189294866
0.00786792936778
0.0127081617276
0.00799975897937
0.0104377492951
0.00883029561598
0.00969253664817
0.0105741484143
0.00944956216306
0.00788214596099
0.012645463462
0.0113662585201
0.00821909221641
0.00934918185828
0.0083087681237
0.010189856688
0.0078816049654
0.00989219600965
0.00983355624145
0.00870198463722
0.00815877407268
0.0111652555805
0.00780717252852
0.0101282167883
0.0102351993016
0.00827568492486
0.0097802829191
0.00945811980461
0.0118126719458
0.00791440696872
0.0128497504163
0.00941928136466
0.01419231982
0.00968985489421
0.00961016221173
0.0134241192436
0.00925561581712
0.00893414720323
0.00892125754646
0.0130991548492
0.00984892394465
0.0104995384735
0.0106405613554
0.00829117779893
0.0105622766272
0.0111395242248
0.0127233996675
0.00848004972578
0.00975587223643
0.00778578625842
0.0106701427226
0.0101761985664
0.00844314133056
0.0123717206392
0.00913001445952
0.01114267318
0.013208735465
0.00802063083592
0.00807456282122
0.00898707382169
0.012162048788
0.00809968128234
0.0108748259547
0.0101793504043
0.0117047219585
0.0096274564838
