0.00773223389666
0.0127686186645
0.00721592772533
0.00997357248364
0.00775703414745
0.00718652028092
0.00848792274028
0.00965944808345
0.0143371532443
0.00905548327533
0.0118128587648
0.0127111812626
0.0122168245835
0.0161980946652
0.0103117739943
0.00718882683939
0.00738361017319
0.0070927783118
0.0115382787089
0.00741025930213
0.00793477118799
0.00880656359903
0.00724147847891
0.00754080525467
0.0114572991498
0.0120014538341
0.0136659404107
0.0070798346156
0.0127095356727
0.00791278578444
0.00937325429305
0.00728587662939
0.0087385788211
0.00942568759862
0.00803039220757
0.0160305141455
0.0123268638023
0.00846841934702
0.0139851044498
0.00826077684626
0.00895437583597
0.0112263743855
0.00886782179689
0.00931928532755
0.00754745257382
0.00839708485704
0.0184250497421
0.0112098260257
0.0073561266448
0.00905855957397
0.00778822227026
0.0094303960223
0.00706686848048
0.00754484950733
0.00787848207997
0.0126975552466
0.0134056802391
0.00913945527338
0.0132058550962
0.0242711463386
0.00862338889028
0.0120079764223
0.00826969400741
0.00708150278469
0.00915726553675
0.0175830489225
0.00733136456045
0.0124081494533
0.00878433159394
0.00767153704776
0.0104908638817
0.00873553679177
0.012594543721
0.00829263898114
0.0162222105872
0.0183924893234
0.00866583742752
0.0105773716333
0.00758401082543
0.0072137343053
0.00710581443169
0.00717281937599
0.00715136809465
0.0104996032854
0.00725674989014
0.0129490418175
0.00887671494452
0.0118268548366
0.00715216419771
0.00758288816911
0.0106041528047
0.0072507030129
0.0179745505559
0.00785338931236
0.00824242598383
0.0109382056039
0.00936942888725
0.00847608595486
0.00708498871734
0.0078397488326
