a    b    distance0    NDraws    time    dist_threshold1    
0.582233712929    -0.188561278226    0.480242066568    4    5.43038702011    0.594983699952    
0.917332915353    -0.479911809803    0.549964246234    2    2.7756729126    0.594983699952    
0.943890164469    -0.0641236516602    0.142622429715    1    1.11989402771    0.594983699952    
0.815552549463    -0.115510270353    0.253604975117    1    0.924330949783    0.594983699952    
0.805857086502    -0.219500195412    0.344800542456    1    1.01163911819    0.594983699952    
0.793340710084    0.208782903728    0.258849697694    1    1.25847697258    0.594983699952    
0.930252943601    0.338616887742    0.29564551128    1    1.29171490669    0.594983699952    
1.31635712729    0.408269105626    0.500655150204    2    1.86755108833    0.594983699952    
1.15308485985    0.234765785437    0.188299903381    3    3.77585101128    0.594983699952    
0.826404243102    0.553014039663    0.510647770101    3    3.45221281052    0.594983699952    
1.21941334027    -0.0634870649629    0.257826390789    1    0.960643053055    0.594983699952    
1.21961613799    0.412323718271    0.397499098192    1    0.864758968353    0.594983699952    
0.62976990553    -0.0618931310413    0.384091793414    4    3.91304802895    0.594983699952    
1.29696887425    0.0227592190382    0.298167705443    3    2.88017010689    0.594983699952    
1.42805099463    0.17738165041    0.443061863576    2    2.25914692879    0.594983699952    
1.34625716359    0.0366756750828    0.348900580718    8    10.7723698616    0.594983699952    
0.785947053885    0.113032439467    0.222142566685    1    1.16723203659    0.594983699952    
1.15157199699    -0.474169121036    0.562281494463    2    2.50246214867    0.594983699952    
0.716180232663    0.497595656122    0.50185864074    1    1.34602093697    0.594983699952    
1.24000330828    0.167974722553    0.27335107451    1    1.11057019234    0.594983699952    
0.606480882083    -0.0327361174443    0.410461975402    4    4.74082303047    0.594983699952    
0.944860257231    -0.32959700419    0.413007938754    1    1.19898414612    0.594983699952    
1.29645673619    0.409202204252    0.465458051583    1    1.1472029686    0.594983699952    
0.919126728093    0.354159714805    0.298988087594    1    1.32327699661    0.594983699952    
0.885289057749    0.217065285872    0.181914789372    1    1.43608188629    0.594983699952    
1.4839748944    0.283011402561    0.532829097122    5    6.22849416733    0.594983699952    
1.24942741927    0.322839879646    0.366792309339    2    2.73893022537    0.594983699952    
0.924460155161    0.42696504175    0.423820851159    3    5.02737808228    0.594983699952    
1.22251314415    -0.0246251475841    0.232808996434    1    1.01711583138    0.594983699952    
0.900325495048    0.334951609734    0.284285123374    5    5.84432816505    0.594983699952    
1.16418293746    0.192975770584    0.203561758222    1    1.4744720459    0.594983699952    
0.863146954657    0.213992261233    0.175341547815    3    3.19213795662    0.594983699952    
1.42454418001    -0.0340471431324    0.443877975305    4    5.18826007843    0.594983699952    
0.615326362066    0.470989432932    0.553838101677    1    1.46129608154    0.594983699952    
1.06256711381    -0.135240768419    0.190062084392    2    3.29183506966    0.594983699952    
0.971693547981    -0.235499788155    0.282741955581    4    4.75072216988    0.594983699952    
0.782869172142    0.466679640609    0.469793073067    5    6.63647890091    0.594983699952    
1.09139370506    0.012698910877    0.129174006999    4    5.241522789    0.594983699952    
0.631208234181    -0.154963713474    0.442785398933    2    2.53258109093    0.594983699952    
1.07180167492    0.113379616738    0.0834238284453    1    1.37956690788    0.594983699952    
0.410301935581    0.0747344322878    0.590561884585    3    3.21743297577    0.594983699952    
0.724603869588    0.385012056424    0.473553351351    1    1.46483397484    0.594983699952    
1.01386266387    0.130018927982    0.085077597009    3    3.94847583771    0.594983699952    
0.741213200241    -0.0857726950514    0.308152145662    2    2.73002791405    0.594983699952    
1.11016329538    -0.200651753027    0.315409158672    2    1.94315600395    0.594983699952    
0.990096816124    0.297841048794    0.166460155425    3    3.18805098534    0.594983699952    
0.545388937355    0.211822913589    0.461238332984    2    1.86099600792    0.594983699952    
1.11542810134    -0.121515385409    0.218390764169    3    3.69861197472    0.594983699952    
1.19717026126    -0.184610510581    0.306937854381    1    1.0571680069    0.594983699952    
0.560778557419    -0.0949112162915    0.473319526191    2    2.43830895424    0.594983699952    
1.11711690696    0.262289544656    0.267957199446    2    3.23665499687    0.594983699952    
1.11538925483    0.0348986268968    0.125151499531    2    2.6417889595    0.594983699952    
1.4097407623    0.081529136794    0.413231470724    1    1.69212913513    0.594983699952    
1.00173799242    0.238000933819    0.148417452899    1    1.46046113968    0.594983699952    
0.67879604875    0.0213289636317    0.320960708992    5    6.46768093109    0.594983699952    
0.893679534988    0.358105490803    0.267198643636    2    2.29003000259    0.594983699952    
1.02004124488    0.0758937434432    0.0659045392905    1    2.06876087189    0.594983699952    
0.771879337974    -0.0568052374576    0.251531533226    3    3.76725888252    0.594983699952    
1.3233191115    0.54956975333    0.590003158165    1    1.36237692833    0.594983699952    
0.637911647325    0.447424751288    0.464864125521    2    2.17734313011    0.594983699952    
0.932375460082    -0.137212864114    0.258687358063    5    5.65105700493    0.594983699952    
0.933228789318    -0.140259454066    0.23725729819    1    1.25911593437    0.594983699952    
0.996408736354    0.0474497194443    0.0206279689468    1    1.040984869    0.594983699952    
0.622802225698    -0.000149629494962    0.392402870465    3    2.55309700966    0.594983699952    
0.621653677154    -0.0526732975032    0.396617785996    2    2.00819897652    0.594983699952    
1.46646451428    0.399412297306    0.543383964356    3    2.69393801689    0.594983699952    
1.09046926105    0.0374946798458    0.0965435526703    2    2.15143895149    0.594983699952    
1.1712658002    0.0131450927439    0.176701189438    3    3.80906486511    0.594983699952    
1.49634247476    0.311330029711    0.572443814927    1    1.40822505951    0.594983699952    
1.16044921376    0.00449740220799    0.173941638973    1    1.05790901184    0.594983699952    
1.16834196553    0.36610127512    0.375741730194    1    1.13999795914    0.594983699952    
1.31518013698    0.417463210103    0.451135299867    1    1.03090596199    0.594983699952    
0.714328855277    -0.241328563392    0.390680477404    2    1.65278291702    0.594983699952    
1.55908345329    0.12543839583    0.569614736228    1    1.06043100357    0.594983699952    
1.26034143645    -0.0339704697598    0.267189911906    1    1.09091997147    0.594983699952    
0.938176433063    -0.508678969442    0.579362757451    1    1.55248904228    0.594983699952    
0.926470111602    0.559990546486    0.465971969959    1    0.963120937347    0.594983699952    
1.23239532355    0.266375955597    0.293168393482    1    1.08166313171    0.594983699952    
0.827619041548    0.272165597212    0.229534480764    7    7.1062810421    0.594983699952    
1.30529243375    0.327483488481    0.426922287146    1    0.974672794342    0.594983699952    
1.14165377711    0.29583261811    0.210978938263    1    0.956603050232    0.594983699952    
0.643858775347    0.339373816495    0.412081952438    1    0.771537065506    0.594983699952    
1.25204592816    -0.070660108494    0.265702468614    1    0.88297700882    0.594983699952    
0.7218608275    0.471381626871    0.507360324025    2    2.36383605003    0.594983699952    
0.810756208268    0.363639110092    0.357663654278    4    4.81791996956    0.594983699952    
1.48726166943    -0.300529096603    0.572545416043    1    1.70724201202    0.594983699952    
1.57007967089    0.135005965263    0.576110026913    1    0.962640047073    0.594983699952    
1.19479205261    -0.242284240293    0.409525198897    5    4.29639005661    0.594983699952    
1.3696973664    0.290834239667    0.438570957878    1    0.451188087463    0.594983699952    
0.893437796985    -0.196042998624    0.29621147435    1    0.46560716629    0.594983699952    
1.03524890025    0.248725865869    0.209088228598    3    0.839599132538    0.594983699952    
0.549213132893    0.0486728272664    0.451066222889    1    0.920933961868    0.594983699952    
0.732305030411    0.400113870911    0.407641990938    1    0.962666034698    0.594983699952    
1.37785008405    0.438420940677    0.511801859004    1    1.07240200043    0.594983699952    
1.00590874168    0.453539916112    0.432920517946    1    0.818586826324    0.594983699952    
1.12396051674    0.069176283992    0.129147551151    3    3.11211800575    0.594983699952    
0.70459862869    -0.053814744882    0.328077285667    4    3.80133605003    0.594983699952    
1.04150032773    0.111121321538    0.0575475012773    2    1.09023189545    0.594983699952    
0.67953577194    -0.17156493435    0.388477021608    3    3.35933494568    0.594983699952    
1.0978735238    -0.410498049371    0.438746121847    5    5.38414001465    0.594983699952    
