0.0110119625363
0.0121134777538
0.00841108778827
0.0087558421909
0.00833799445486
0.0079617523473
0.00939416330783
0.00912929442829
0.0112976077279
0.0121087247962
0.0090513795365
0.00862402387941
0.0136111789235
0.0124096553944
0.0146890604997
0.00851611019383
0.0100048944586
0.00839229558407
0.00778898480531
0.013759061472
0.00941098564374
0.00864131762731
0.00939764840504
0.00922968378994
0.00827414670739
0.00837181053634
0.00946055303356
0.00845950130984
0.0134768478587
0.00780638016973
0.00770457054812
0.00786171904549
0.00941681179043
0.0130785922508
0.0113260796691
0.0119671664929
0.00894051710894
0.0122057032567
0.0081869224254
0.00864534022972
0.0119050428381
0.0080183505587
0.00836152829116
0.0125365404726
0.00771926678443
0.0152261145525
0.0117386877013
0.00983476198163
0.00817735312367
0.010183341154
0.0105152893366
0.00954557488856
0.00978272371213
0.00821088472666
0.0104469827139
0.0156059922075
0.00955378193235
0.00786487620236
0.0127427910897
0.00988029997745
0.00821546507402
0.00899321779375
0.00793723781554
0.00867160364215
0.012156077337
0.0134351022179
0.00834241562862
0.0126487314447
0.00784007212859
0.00868649302529
0.00892062920006
0.011087443502
0.00826898458557
0.00833286694607
0.00833075091496
0.00950846075574
0.0115928712915
0.0089205466029
0.0159519500076
0.00962437678578
0.00832763818967
0.0091326878055
0.00891307957568
0.00940851623471
0.00926916797262
0.00874880278038
0.0118095153161
0.00764893002547
0.0104917728357
0.0137908342832
0.0078799979045
0.00855241888569
0.00926397796027
0.0095163369158
0.00951812792931
0.00988965371505
0.0159392985426
0.00975382306552
0.00866653565554
0.0109325534835
