0.011846890177
0.00883977582039
0.00847960996449
0.0106755083744
0.010513526717
0.00810511204708
0.0116991612391
0.0100588086307
0.0149702377181
0.0124484550718
0.00787245358262
0.00828829897069
0.00867862479541
0.0109592023862
0.0092449770622
0.0142810783068
0.0091804536207
0.00908724166437
0.00807056160658
0.0100690064666
0.00970836233747
0.00799349665978
0.00880847568377
0.0110557700187
0.00877935366304
0.0117101849592
0.00827109779726
0.00917080050238
0.00943687988393
0.00943777515997
0.00963944993368
0.00883248913874
0.0140010075236
0.00905320710904
0.0103201026947
0.0112626250505
0.00914989896349
0.0156753602994
0.0100956967423
0.00900390802639
0.00927459689449
0.0110654286185
0.0103371807058
0.00814931201655
0.00831217804165
0.00809053657342
0.00831967896356
0.00844360166149
0.00882699217623
0.00828016691604
0.0126171029586
0.0134486912417
0.00964182079716
0.010296361219
0.00798111720649
0.0107892919182
0.00965619918503
0.0110267605452
0.012167290126
0.00864428696091
0.00846243235239
0.0105585822007
0.012558399583
0.00857635574843
0.00968978918283
0.00938946209104
0.0112015734073
0.0110610908338
0.010105074659
0.00981401703398
0.00891282285479
0.00861956194545
0.00824131545974
0.0122863286571
0.00823656243777
0.0123774735105
0.0111542202509
0.0105944534408
0.0088570687362
0.00976351132331
0.00932781690562
0.0109207799474
0.0079109553114
0.00819728639503
0.0128390972487
0.00985996299365
0.00954125053923
0.0141140380767
0.00825333090632
0.0105051236365
0.00972015793869
0.010072961656
0.00848034162916
0.0114436383903
0.0130392968467
0.00885902208484
0.00810333497454
0.0110131359584
0.00917951947671
0.00801533227931
