0.00729348250077
0.00843216276615
0.00748138261317
0.00960791837822
0.00775760661748
0.00871420327812
0.00841791257447
0.0128534344899
0.0161074165199
0.0101468973539
0.00994612463745
0.00814908545107
0.0083843835499
0.00747239029613
0.00968804405485
0.00775613303981
0.0159476053185
0.0120173069102
0.00812755956873
0.00960052938117
0.0131689666371
0.00838201134437
0.0102408398742
0.00958959995186
0.0109451917355
0.00806150200581
0.00937190241185
0.00736860474357
0.00957620951504
0.00918979829136
0.00754942034889
0.00840634405343
0.00865342036026
0.0078595542573
0.00932054518638
0.0121507327362
0.00805296698863
0.00765735987582
0.0163943439695
0.0110431647449
0.0089668324265
0.00943938302107
0.00745185637433
0.00758285420842
0.0103110016111
0.0222564885411
0.0095026586486
0.00803111611051
0.00955241154066
0.010216710715
0.0100290655742
0.00736324076428
0.0381214636556
0.0107907094277
0.00852578413245
0.00733415278022
0.00964320261566
0.00816033334907
0.00794065389309
0.0118281683677
0.00795915741296
0.00875038070369
0.00790048602639
0.00952388062741
0.0126275431165
0.0119084754148
0.00763845744811
0.00982233882326
0.00952214813282
0.0194737474682
0.00806952066029
0.00874313610661
0.00731569480701
0.0113979771658
0.0074573566905
0.00754032562231
0.011641594929
0.0104240415834
0.00831136999395
0.00847846353314
0.00804806864694
0.011157769748
0.00800899699203
0.00865958133819
0.0140338529709
0.011447405321
0.00846965353505
0.0074330285659
0.00924723332047
0.0141696955503
0.00850370679832
0.0090805550963
0.00755528677549
0.0109606187958
0.0081031665478
0.00732823631128
0.00954391548472
0.00937691765841
0.0139597949926
0.0104742731953
