0.0106321448984
0.0156287159962
0.0076483838294
0.0139790441563
0.0113578163218
0.0152327420458
0.0112758776213
0.0154850381991
0.0115746438534
0.00912145508609
0.010148087052
0.0106162022426
0.0105812209316
0.00919128412875
0.00775906642854
0.00810428033735
0.0197443898239
0.0103047693861
0.00887634811308
0.0106530097972
0.0085833718841
0.0102303332945
0.00896082832926
0.010034759907
0.00771856105081
0.0093215818046
0.0109579331242
0.0126302945524
0.0107829391878
0.0118001957437
0.0108715094873
0.0110281911799
0.00800508826151
0.00782738868077
0.00883176162674
0.00776265352433
0.0101646926218
0.00834144037119
0.00781619723688
0.0107986966104
0.00767574741747
0.0076668322333
0.00727192784967
0.0106855852564
0.0073987294734
0.00809627439739
0.0115425606538
0.00765996339019
0.007603861698
0.01308229371
0.00726524689129
0.0100199777551
0.00790870070945
0.00840168302553
0.00826416162906
0.00780325443818
0.00753176424515
0.00849595738702
0.0105440294027
0.013844134533
0.0150484945349
0.0095515202733
0.0129055549393
0.00881902529594
0.00958219074519
0.012376748394
0.00802181756268
0.00950542528915
0.00911648106815
0.0125435045979
0.00740939314103
0.0123927685241
0.00848449706848
0.0114561358609
0.00862895320965
0.0119361516014
0.00860470873863
0.0134368528054
0.00783444613772
0.00885684542806
0.00893519703852
0.00781960320153
0.0101750234258
0.00843932410917
0.00935805644656
0.0175463276888
0.00757618942798
0.00973356917525
0.0106745020412
0.0109176131724
0.00914255902961
0.00787037742857
0.00790083561314
0.00786260561298
0.0111661080729
0.0149057181022
0.00866318362036
0.00921837991974
0.00734556276508
0.00909212406799
