0.012822371543
0.0112824881017
0.0095600305909
0.00806336257804
0.00906006099377
0.00811762894184
0.0082579470256
0.0137284481298
0.0147752085791
0.011432459717
0.00872948885081
0.0096125685429
0.0127466313427
0.0112092825979
0.0122204884512
0.0109919930962
0.00802660567415
0.00927364477252
0.00954958165433
0.0127371376566
0.00775838422887
0.00887210963607
0.00892056417061
0.0116147319967
0.0110628460023
0.00901078267246
0.00858796503919
0.00830678164548
0.0104056780043
0.00955380895588
0.0122369888844
0.00837518088976
0.00803950034156
0.00778819609556
0.011494768407
0.00899603495693
0.0116622298046
0.00805049117006
0.00947129023355
0.0133604484019
0.00789483838739
0.00814290499666
0.0110672099676
0.00884892944069
0.0101158900186
0.0121446671725
0.0109529379456
0.0125130502299
0.0082947075459
0.00891854262295
0.0101679718415
0.009523031068
0.00784918761858
0.008447180011
0.010592704663
0.00986903917287
0.0125017896661
0.00944586079768
0.0119777827255
0.00905296564233
0.0112149794252
0.00968926821176
0.0124789630469
0.00987877296125
0.00911855055591
0.00908871856846
0.00908064716831
0.00896367647895
0.0107491934555
0.00806540318158
0.0105229354585
0.0102870422859
0.0109997533872
0.00909663871851
0.00979081496865
0.010255782063
0.0108037409858
0.00920925346918
0.00897022523596
0.00908093231503
0.009290384062
0.0107184759443
0.00830861350703
0.00840628250566
0.0126012152615
0.00854415354807
0.0122456471421
0.00907076575732
0.00912961269049
0.00942355990233
0.0082014846644
0.0107922745587
0.00785397810669
0.0121909802322
0.0106076465078
0.0135920208201
0.00797711533592
0.0112282206434
0.0103794233871
0.00800545156976
