0.00876390262175
0.0086104351643
0.00890366882833
0.00948323367441
0.0101631788619
0.00902677507217
0.0112516861447
0.0139744915323
0.00980897445881
0.00875441455287
0.0103273395824
0.00932302557826
0.0093335334462
0.0121873408363
0.00862900292002
0.0105708122971
0.0108636112813
0.0106361282535
0.00966066233329
0.0082125945254
0.00822599560957
0.0108663648836
0.00894243714637
0.0135925731941
0.0119127577129
0.0123948446779
0.00940553903889
0.00861767790453
0.00824693406738
0.00826202245245
0.0108944128708
0.0104840799578
0.0101299395288
0.0084463561619
0.00922495112296
0.0114301930115
0.00947788991927
0.0112936247233
0.0105687472011
0.00866520423699
0.00835599572371
0.010827665731
0.0120617982859
0.0082489130015
0.0111090294979
0.0105117994948
0.00879544393017
0.00932137927404
0.0107962206017
0.00949861205524
0.0130907074066
0.0121871840118
0.0144427606356
0.0113815388508
0.0121022572558
0.0133921674953
0.00970652837097
0.00969523717232
0.00833152454209
0.011621872817
0.00852806298076
0.00839290105536
0.00863973973451
0.0122302913921
0.00920253209659
0.0102855721671
0.0087260431141
0.0102254610432
0.00963782651127
0.010512727137
0.0117449656494
0.0109302639239
0.00853152396242
0.00918040787908
0.00863713288414
0.0091876680822
0.00955355162914
0.00992976129162
0.0112728311832
0.00861760267048
0.00936204911158
0.0105813371235
0.0118657202086
0.00902764280542
0.0104520907464
0.00861550447375
0.00997990152965
0.00850254854827
0.00917533942559
0.00822216445609
0.00818947582763
0.0100829442621
0.00930904707887
0.00862799972008
0.0101674081535
0.0107751671681
0.00946876706147
0.0102717071881
0.00908358915843
0.00922673602391
