0.0120021829455
0.0104105004063
0.00949311514175
0.00851712096834
0.00909428121038
0.0107642335909
0.00769693591716
0.0102185545868
0.0103419333713
0.0077163213458
0.0116107813585
0.00846912428851
0.00866192984336
0.0110593407239
0.0086056376161
0.0115004747673
0.0118294443941
0.0129773816701
0.0157073209849
0.00907711686679
0.00799999165178
0.00992936291892
0.0108253409259
0.00913690825624
0.00864832997011
0.00826336028726
0.0116345879595
0.0131898039132
0.00953207077248
0.0100482590119
0.00821130194118
0.00957068048857
0.00928968889594
0.00944158434734
0.0105046129552
0.0131770331076
0.00972303200963
0.00871549914547
0.00962433705921
0.0103093989158
0.0116999019307
0.0117095041557
0.011459987901
0.0136471720888
0.00939237234167
0.00953428764888
0.0076531069483
0.0083795155757
0.00765233192728
0.0102332382848
0.00810318440429
0.00977579736454
0.0100008674488
0.01152731271
0.0107903825278
0.00887701553418
0.00818441915506
0.0157848023714
0.00864295357906
0.0130603478683
0.012749877165
0.00997024000077
0.00954840605621
0.00953066500126
0.00796164522276
0.0119840644975
0.0112212074914
0.00782460452664
0.00770234615225
0.00793270086856
0.0121071867267
0.00839856585673
0.0086482858952
0.00899289119707
0.00867683335048
0.00792288905923
0.00950194929145
0.0108415002147
0.00911589785052
0.011085325488
0.0108884564882
0.008438391291
0.00789780081836
0.00915925160737
0.00832080375866
0.00775049750049
0.00945939622502
0.00965518264191
0.00765915224178
0.0132199901353
0.00779152450331
0.0114186139127
0.0146360891941
0.00847979305677
0.0116850778115
0.0116816281458
0.0100873757608
0.00897746204404
0.0102033657748
0.0112356468784
