0.0094667261199
0.00858311924242
0.00835538264799
0.00912074333546
0.00904663963278
0.0123353572662
0.00911269937087
0.00844484776337
0.00857988320122
0.013766416688
0.010539321485
0.00993292269146
0.00833588778438
0.00817078472719
0.0134505198639
0.00899519355551
0.0139997968502
0.011357903296
0.011026542579
0.0113725965811
0.00922108573329
0.00876671105558
0.00905136686946
0.0113619321618
0.0121945629808
0.010135597162
0.00908828721097
0.00917924304251
0.0101077037481
0.0123529414852
0.00808280596504
0.00947894046805
0.00822387259107
0.0107875395129
0.00913637375002
0.00945500647077
0.00841125701037
0.00957775436028
0.0123620288381
0.0081339246763
0.00882945145958
0.00825785894857
0.0104257249761
0.0102127855703
0.012378453833
0.00865316762645
0.00864036875321
0.00964062763394
0.00824002573043
0.00853850061329
0.0106404189157
0.0122494555094
0.0103781787595
0.0098007218735
0.00973601741062
0.0123498291628
0.00835942220969
0.00938543183073
0.00819337673992
0.0135394144863
0.00973560299773
0.0104779348673
0.00914492431468
0.0106414640016
0.0100285041465
0.0124935497062
0.0129610190769
0.0096101988376
0.00922054440023
0.00944530715203
0.00894367839268
0.00808451268614
0.0130626041353
0.01507219367
0.00988455388936
0.00977349355846
0.00854390999559
0.00926771205051
0.00897166659203
0.00909431337294
0.010046229855
0.00814521355639
0.00886365398659
0.0116699991559
0.00847942076073
0.0109104794988
0.0102205844898
0.0112095647567
0.010992425361
0.00894097695401
0.00864310080591
0.00885502420368
0.0109124608024
0.00940369879368
0.011589547756
0.00931081081603
0.0109782579963
0.00841323117736
0.0116031499651
0.00880302964706
