0.00927744118371
0.00833990656993
0.00734088987747
0.0135475755687
0.00740950259395
0.0082563532178
0.0104149479285
0.0112513130357
0.0152695475161
0.0080964153377
0.00805293654734
0.00755429830467
0.00733616906456
0.00964123052576
0.00815227266622
0.0130195045678
0.00729243560151
0.00794315773645
0.00867751632763
0.00841181300703
0.00888555028048
0.0120639913754
0.00827938101668
0.0081995172832
0.011458412778
0.0132597783867
0.00820032242308
0.00816355792307
0.00814206307343
0.017063036015
0.00818399866371
0.00874093259703
0.00995685194794
0.0120645643673
0.00771910815058
0.00929519977313
0.00729740093951
0.00766417968614
0.00847413718228
0.0104571573017
0.0100333548798
0.0174411103216
0.0120712514513
0.00816777416052
0.0109433845833
0.0082173967678
0.0173163591637
0.00771534086577
0.0108240062726
0.00805277230218
0.00899425821767
0.00730667290289
0.00924121338554
0.0123336361778
0.0322006567248
0.00872579550871
0.0080089328684
0.00839480644011
0.00785602614891
0.0107155996381
0.0130927895984
0.00731220966683
0.00763816445853
0.00816073974369
0.00733699316902
0.00848063659652
0.010952354162
0.00750426176646
0.00931181305861
0.00955617145877
0.00864972754877
0.0120665072287
0.00731832490013
0.0125023063321
0.0201716002261
0.00943314132536
0.00836884530759
0.00836402345157
0.00839870250258
0.00951317369246
0.00748003212401
0.00740406347995
0.0073801376087
0.00729249840412
0.00726216336607
0.00819520749443
0.00766594144388
0.00736474835896
0.0149591004894
0.0084289767994
0.00916011756939
0.00752802990648
0.012798797206
0.00749659677685
0.0103352421898
0.00789105172948
0.0133598065692
0.00929135702583
0.011978443882
0.0291804842575
