0.0105188866205
0.0140103553739
0.00786052699729
0.010977796494
0.0139394976083
0.0105896373972
0.00990089180711
0.0111565539627
0.00747375424309
0.0107818569232
0.0086279704722
0.010952856612
0.00837177859988
0.00783941545651
0.0106853737991
0.00763345812369
0.0110144992309
0.00948733728674
0.00911933773597
0.0093394903951
0.00796149674134
0.00943135199168
0.00867070255621
0.00878724360836
0.00802547942362
0.00954930608694
0.011049131438
0.0115889183896
0.00736555384
0.00868020024824
0.00946973673193
0.0112452342377
0.0116985844762
0.00971058461474
0.0133877911432
0.0074338474029
0.00915864040822
0.00795858462221
0.00932716413985
0.0102377818203
0.0153675078213
0.00897125680888
0.00790535826191
0.0122701419638
0.0112314907586
0.0138816827439
0.00817814163598
0.00897951792537
0.00924992109096
0.0107632603851
0.00830438369454
0.0115315517512
0.0111936928047
0.0114945790519
0.00732683804706
0.00787175900356
0.0108310393515
0.0091700045231
0.0120044422639
0.00990666382969
0.00841038582067
0.0102885470043
0.0130965893817
0.00868912943492
0.0109753025446
0.00823344681167
0.010168910229
0.0121768659639
0.00968931490535
0.00923557113646
0.010723897209
0.00757091857975
0.00835441028537
0.0094158746194
0.0127100131712
0.00766464670501
0.00888035746899
0.0153701342157
0.00763584732713
0.0101529943391
0.0109969609733
0.0109342543476
0.00973590991281
0.0107443988861
0.00984685669745
0.00792643060942
0.0150305927629
0.0099121259193
0.0103488641218
0.00960783257702
0.00918312206192
0.00827214762698
0.00983913668379
0.0144673154169
0.00758584310742
0.00777968245706
0.00978249733188
0.00956976622968
0.0131141389889
0.0084271233571
