0.0194674012696
0.00759526208884
0.00808390680189
0.00920924447676
0.0114188180777
0.0088322793298
0.00802101951491
0.0220373262233
0.0115320086377
0.00985830838523
0.0129760474127
0.00816151168328
0.0081164347918
0.00792876724338
0.00856768308317
0.00909772835252
0.0124788160933
0.0106585017722
0.0129740751624
0.00999645683483
0.00784380768317
0.0111432668319
0.00791336724946
0.00949382641698
0.00924607117808
0.00799566437043
0.012625813982
0.0138250638863
0.00934538967657
0.0105836365967
0.00928815006297
0.0111821300826
0.0104540290332
0.00846350316286
0.00888071246989
0.0101502209197
0.015840354476
0.00811323468003
0.0103225789656
0.00830643962045
0.0117806977208
0.0121579606246
0.00993382357503
0.00817743566731
0.00899226824456
0.0137424089474
0.0160257984669
0.00900411798636
0.00751511071204
0.0107221418644
0.0107255240935
0.0096811042379
0.00837683487534
0.0108632615754
0.0107599371863
0.0100690465765
0.0092773154092
0.00828660077118
0.0119206442377
0.00829204660634
0.0113989631477
0.00865720361802
0.00797891879789
0.00784449631137
0.0135732827136
0.00922778933159
0.0129016463566
0.00863553092485
0.00783722913297
0.00821133462157
0.00980543547613
0.00764512188093
0.0105310927633
0.00771436284929
0.0104085945731
0.00954737110001
0.0107423541759
0.0111562861986
0.0104902560467
0.00788226003986
0.00774210271938
0.00955598031922
0.0103721214724
0.00899374569543
0.0130892338668
0.00858580956675
0.00950197255298
0.0077232313169
0.00924908704313
0.00755381366137
0.00758788772491
0.0106770377968
0.00796132068431
0.0117839357926
0.00835913182371
0.00859109124205
0.0107395118468
0.00794901165659
0.0100091390443
0.00745236615488
