0.00846090458396
0.0100758798534
0.0123108786677
0.00816725148887
0.0100048182174
0.00822198131184
0.0100047218067
0.00777665749561
0.00802241166765
0.0138627498547
0.00964568483033
0.00775402118144
0.00959577162805
0.0114994250371
0.0111631729828
0.0147624388348
0.00808559502543
0.0114682443415
0.0116124239403
0.00954838290376
0.0104726915041
0.00919390845724
0.00990085796628
0.0125778448086
0.010480759114
0.00973236536891
0.00890228895069
0.00910841604024
0.00809498021122
0.00765348086257
0.00829681319853
0.00991015754771
0.0114197843126
0.0105181630835
0.0107505249688
0.0085349270564
0.00906081598197
0.0087545586769
0.00897573051631
0.0102361486395
0.00934209916705
0.00803943038778
0.00862841334818
0.0104169940664
0.0113220872444
0.0108508992384
0.00764198357099
0.0115673510842
0.0121621379926
0.0100055977838
0.0130172498369
0.00900167021851
0.0129622349686
0.0102274345433
0.0116247465387
0.0119017956129
0.0138353307944
0.00887561012275
0.0103262588937
0.00963235665944
0.00786735079724
0.00941086464252
0.00857076980926
0.0102452439205
0.0123145559357
0.0151440514559
0.00962658969075
0.00958184572114
0.0124674372602
0.00956441648266
0.0110451261664
0.00847707817538
0.00823448566192
0.00906905016751
0.0119513745487
0.00963360186518
0.00932266714122
0.0119699967287
0.00846431277781
0.0106959139915
0.00829707082398
0.0129259367232
0.0094446407957
0.00765461384515
0.00788621768933
0.0112810690031
0.0109544628246
0.00993970048734
0.00886460014876
0.0106931683424
0.0100771452283
0.00881068081833
0.0101533446196
0.00768015490516
0.00810171642243
0.00828826075954
0.00968451593667
0.00807564186604
0.0126362155076
0.00889379532037
