0.010366789553
0.00900015006803
0.00861810856698
0.00979072764516
0.00760057744183
0.00948902321141
0.0109521461183
0.0108514504839
0.00811688914097
0.0075842307088
0.00969675415981
0.00750464885304
0.010762470278
0.00998149065664
0.00801786299727
0.0236052596465
0.0190175846314
0.0283180011618
0.0087245536639
0.0141987510954
0.00852213591001
0.00939964411071
0.0085036909432
0.00786239940314
0.00899559375971
0.00842673480674
0.00764400064835
0.00798842105301
0.0150522140033
0.00902630652933
0.00943651755971
0.00784494613406
0.00821375295119
0.00843067925859
0.00875497938481
0.00780506146026
0.00852732988217
0.00882381382172
0.00965031729794
0.0128368662315
0.00980706241376
0.00769056424168
0.00780676113411
0.0090625994126
0.0126606852172
0.00760225849501
0.00751725786845
0.00968737151901
0.0082763760606
0.00932559098952
0.0101493144961
0.00773403731924
0.00927662707172
0.00855015673533
0.00750548126982
0.0101868439618
0.00821307010074
0.00788184807171
0.010257434306
0.00899161606181
0.00973959439115
0.00944828560039
0.0112107276816
0.00908552853941
0.00977539752637
0.00890266664925
0.0111119906572
0.00899071410531
0.00752094602144
0.00952596272711
0.00893192666494
0.00810094470305
0.0157435623188
0.0164093319107
0.00914864775193
0.00903887817957
0.0148682956039
0.0103982950097
0.0106167265788
0.00814275568393
0.00805679440082
0.00862408966369
0.00780303077832
0.0089648574222
0.00814929008915
0.00750242299896
0.00997660719164
0.00990110263974
0.00874374122438
0.0138328613592
0.00844528325537
0.00877952306431
0.00909587146103
0.00902402771245
0.00787137762209
0.0274210688071
0.00774150655935
0.0117915748752
0.0110483105702
0.00838964802241
