a    b    distance0    NDraws    time    dist_threshold1    
1.29533486685    0.12271436861    0.314660120521    2    3.31045794487    0.361191407649    
0.932740584037    0.133963487331    0.149799027627    1    1.29384803772    0.361191407649    
0.91680118535    0.184497584704    0.208729240451    1    1.44823980331    0.361191407649    
0.687115040366    -0.136684275465    0.332593606312    2    3.71237516403    0.361191407649    
0.97430674283    -0.13236178099    0.0810440886809    1    1.09644389153    0.361191407649    
0.99120969205    0.178532164708    0.223362749905    2    2.10005998611    0.361191407649    
1.12630249444    -0.187631676816    0.242191874233    2    2.542126894    0.361191407649    
0.908777029679    0.171890819664    0.231337048594    1    1.21990013123    0.361191407649    
0.934002056259    -0.285702887148    0.256921813977    1    1.44412088394    0.361191407649    
0.75603865663    -0.183120129001    0.30465574847    2    2.39298796654    0.361191407649    
1.02992714965    0.185096605378    0.266200792543    1    1.1707201004    0.361191407649    
0.69678313526    -0.0874461357474    0.306470880783    1    1.53557300568    0.361191407649    
0.856666137887    0.049787957846    0.195743986029    2    2.18964982033    0.361191407649    
1.32147205082    0.0451641463914    0.325708079177    1    1.04483294487    0.361191407649    
0.712017592072    -0.19675596964    0.345550408529    2    1.88596916199    0.361191407649    
0.964086441211    -0.035042949769    0.0443141897871    2    2.50121092796    0.361191407649    
1.05676534637    0.0923123056265    0.152990638423    1    1.29057216644    0.361191407649    
1.14567043637    0.0233558603848    0.145846297543    1    1.3504960537    0.361191407649    
1.2512979039    -0.0217055656972    0.254389632617    2    2.06233501434    0.361191407649    
0.997125439185    -0.0212789408004    0.0125746470919    1    1.11920881271    0.361191407649    
0.66803560713    -0.13192627477    0.344403074888    2    2.01203203201    0.361191407649    
0.66164409222    -0.0740297132339    0.347286367727    2    2.61503005028    0.361191407649    
1.00310355298    0.189442107624    0.193304554787    1    1.03205108643    0.361191407649    
1.22043231572    -0.188082446255    0.260533527088    1    1.04000496864    0.361191407649    
0.695829839579    0.0322678182492    0.320560618848    1    1.16363883018    0.361191407649    
1.13696460519    0.113767798158    0.196111118135    1    1.22257900238    0.361191407649    
1.16719335305    0.262342636956    0.295031280578    2    1.74793410301    0.361191407649    
1.13445237554    -0.273533092778    0.296088865624    1    0.880903959274    0.361191407649    
1.24304112576    -0.0932436672669    0.255925455722    1    1.06067705154    0.361191407649    
1.01159956638    0.228428928149    0.229253555001    3    3.55069184303    0.361191407649    
0.939923101973    -0.138201694502    0.163637586311    1    1.004737854    0.361191407649    
1.24864482418    -0.250826286479    0.327284962486    2    2.41687893867    0.361191407649    
0.898086980292    0.261262188786    0.28487883013    1    0.921739816666    0.361191407649    
0.806785747545    0.129558282938    0.276325902125    2    1.80418419838    0.361191407649    
0.81301849875    -0.32531949871    0.333483854935    3    3.51790785789    0.361191407649    
0.934975626576    -0.0125200060965    0.0668309431002    2    1.96776604652    0.361191407649    
0.886847525729    -0.100492876925    0.132646081189    4    4.49797701836    0.361191407649    
1.13106636265    -0.0820734806394    0.144958783526    2    2.0712788105    0.361191407649    
1.09358183497    -0.0448864343293    0.102262991447    4    5.58536505699    0.361191407649    
0.909081057774    -0.26094517804    0.251728434724    1    1.24788498878    0.361191407649    
0.676326662158    0.0899799232631    0.358668728343    1    1.27623295784    0.361191407649    
1.27248676154    -0.0514297724693    0.272672835933    1    1.12169098854    0.361191407649    
0.876199638306    0.248193553206    0.295960229683    1    1.02078199387    0.361191407649    
1.0203776691    -0.022560338918    0.0824691348916    1    1.31234478951    0.361191407649    
1.1441400001    -0.117480723197    0.169280584976    2    1.96665596962    0.361191407649    
1.31848409268    -0.101525727767    0.323315120917    1    1.14960503578    0.361191407649    
0.819661290996    -0.154136802918    0.206869658078    1    1.06778120995    0.361191407649    
0.877992354451    -0.147681641236    0.192977708008    5    5.10218405724    0.361191407649    
0.915811109902    -0.276082822598    0.262314624177    3    2.73227906227    0.361191407649    
1.2107890681    -0.158146843668    0.225800763701    3    3.60241293907    0.361191407649    
1.26418199614    -0.209711889978    0.313404817899    3    2.99958705902    0.361191407649    
1.14522768898    -0.281116281822    0.318349050314    1    0.8902759552    0.361191407649    
1.01781187471    0.116871956164    0.116934272502    1    0.88991189003    0.361191407649    
1.28775015601    -0.0520004444386    0.294526393529    1    0.865161895752    0.361191407649    
1.29759322253    -0.0608265396634    0.297460703778    2    2.37891721725    0.361191407649    
1.01883435297    0.126966343053    0.16562892089    2    1.99634790421    0.361191407649    
1.02350305093    -0.226233513494    0.189972143879    5    7.60963392258    0.361191407649    
0.890522107629    0.0279142546137    0.141196161357    1    1.41626405716    0.361191407649    
1.0836413073    0.117313454249    0.177653214983    1    2.14997601509    0.361191407649    
0.855745849918    -0.133710563201    0.159944956505    1    1.20108294487    0.361191407649    
1.0557105563    0.161998944637    0.207197904376    1    1.43794202805    0.361191407649    
0.829739917248    0.0882726140373    0.205551668376    3    3.76827001572    0.361191407649    
0.986242538733    -0.0816694233605    0.0537174794977    1    1.56540107727    0.361191407649    
0.827091008519    0.0256059845152    0.193959872041    4    5.03657388687    0.361191407649    
0.702915104799    0.0136563048263    0.298114551606    2    2.53426408768    0.361191407649    
1.14572482914    0.120610767031    0.225812197407    2    2.40700507164    0.361191407649    
0.858626068739    0.122788216821    0.240444055972    3    3.63861203194    0.361191407649    
1.16420316499    -0.18726890924    0.21295778443    3    3.29130983353    0.361191407649    
0.939908338112    -0.0970940221045    0.0860323946699    2    2.05741095543    0.361191407649    
0.868813562177    -0.0826719176539    0.166288801767    1    0.951326131821    0.361191407649    
1.25436717987    0.0379380441706    0.282304075162    2    2.19505286217    0.361191407649    
1.16596459994    0.125768948902    0.214076374525    3    3.58285689354    0.361191407649    
1.07581599932    0.0451654324198    0.0754851463711    8    8.38098096848    0.361191407649    
1.06824224915    -0.033437081185    0.0696131135772    1    1.12408995628    0.361191407649    
1.01211916189    -0.364459458773    0.341821028317    2    2.17625403404    0.361191407649    
0.775313634385    -0.212590284758    0.287612219747    1    1.38397812843    0.361191407649    
0.959610462367    -0.225134348864    0.163734895847    1    1.23449110985    0.361191407649    
1.24455241263    0.0913728625645    0.27493658541    2    2.38174080849    0.361191407649    
0.912990799106    0.150320680566    0.24197637873    1    0.940685987473    0.361191407649    
0.973874060279    0.102962464425    0.111407401907    1    1.02229690552    0.361191407649    
1.13877001363    -0.173939751323    0.190100384959    1    1.10116791725    0.361191407649    
1.054759636    0.0277370917859    0.0901421211788    2    1.92630505562    0.361191407649    
1.05430850933    -0.125801716678    0.120182346129    4    4.04505205154    0.361191407649    
0.964581087411    -0.216893586586    0.238575256548    9    9.40037298203    0.361191407649    
1.06252851493    -0.261597018789    0.171856886488    2    2.5685069561    0.361191407649    
0.846352535885    0.097674281314    0.223096973904    1    1.28580713272    0.361191407649    
1.19358930841    0.100511082243    0.207941807943    1    1.26817893982    0.361191407649    
0.717323862353    -0.114351963373    0.29751329278    1    0.887633800507    0.361191407649    
1.12369405355    -0.228127487055    0.168756797323    4    2.61105394363    0.361191407649    
1.11044991066    -0.0575881770598    0.114104615883    1    0.618763923645    0.361191407649    
1.36010405274    -0.0524207599939    0.360203158844    2    1.58041501045    0.361191407649    
0.828660625339    0.000813750600448    0.172389870838    2    2.07805895805    0.361191407649    
1.06799898102    0.212493319743    0.27496768339    1    1.25594806671    0.361191407649    
1.31632775267    -0.0510532662588    0.325245214148    1    0.907850027084    0.361191407649    
1.26519027634    0.0508467415129    0.281516629797    4    3.51460909843    0.361191407649    
1.20172998203    0.230343503425    0.32060723105    4    1.31305813789    0.361191407649    
1.1354346023    -0.058317390493    0.163955146117    1    0.232377052307    0.361191407649    
1.03150220667    0.321632876336    0.351841696686    4    1.01104211807    0.361191407649    
0.938950738065    0.236740264487    0.20016537755    1    1.30058097839    0.361191407649    
0.801448830612    0.0759389504017    0.245712154563    7    4.7716550827    0.361191407649    
