0.00812932129423
0.00906936607351
0.00906666111899
0.0149028872444
0.0091826300857
0.0137229135178
0.00812021689666
0.011041016581
0.00794382744601
0.0101331167204
0.00821057537529
0.0125999603576
0.00826305572066
0.0148085682052
0.0111672577424
0.00947051691726
0.00889864285558
0.0110476240116
0.00770057300239
0.0120993718343
0.0112340705938
0.0118366103427
0.00929167066973
0.011433241112
0.0136462600343
0.00906006429805
0.0151640351797
0.00779002173924
0.0160542519898
0.00788815246418
0.00884979399293
0.0083135219075
0.00776093840273
0.0117898293554
0.00823815714651
0.00937266860363
0.00856270640126
0.00962213748459
0.00843439114608
0.00908056543402
0.00874644350838
0.00928674798659
0.00786180697724
0.0110831187394
0.00952914019783
0.0103571863888
0.00895030140996
0.008713293384
0.0105982790186
0.008361898628
0.00899000244168
0.00802627812968
0.00825346292125
0.0133117355439
0.00853761173345
0.00770425315311
0.0117727254453
0.00789524186875
0.00776291206757
0.00971594948842
0.00855769039045
0.0151639866291
0.00856377250403
0.0078764199791
0.00890721326471
0.0082052864269
0.00841268693994
0.00874070225703
0.015565555373
0.0110959683827
0.00846575830636
0.0114086173702
0.0134814389916
0.0106409670991
0.00902797157126
0.00790573104932
0.0123186722793
0.00915114192967
0.0087728286894
0.0112311139685
0.00770149715616
0.00846890909162
0.00934007808938
0.0123757094227
0.00887606606455
0.0105710631721
0.0105015128293
0.0077393689744
0.0194209551987
0.00868930245071
0.0101595762281
0.00879360253915
0.0116105733406
0.0101788803358
0.0104165263153
0.00923883905792
0.00942127281047
0.00813761358494
0.0100185104783
0.010387039127
