0.0117432616234
0.0107965796424
0.00876712771736
0.00783691691913
0.00950534609949
0.0135826335388
0.0106856411572
0.00860714958093
0.00792502722544
0.00948026447509
0.0119150748505
0.00958197769963
0.0103223966009
0.010466538565
0.00814056047931
0.00886249694775
0.0136220784973
0.0119775788137
0.00877867002536
0.0117181553511
0.0102114153679
0.00967154918698
0.0119473803404
0.00944920319577
0.0124381439898
0.0117735997701
0.0105750228871
0.00870730053873
0.00872972598855
0.00784965802909
0.0101279315153
0.0149550234791
0.00894942808168
0.00983107030878
0.00825359019594
0.0108327350231
0.0103265513602
0.00974068582399
0.0103646652414
0.010819953427
0.00799913626079
0.00821309350878
0.0110278694893
0.00805787151778
0.00804191258653
0.00995676294971
0.0103380574066
0.0086031800619
0.00999417636239
0.00935961375054
0.00837122480841
0.00887110571706
0.00820079621413
0.00876226494189
0.0115430388288
0.0118840923882
0.0115924938092
0.00812165142768
0.00813475019371
0.00846023677419
0.00865682860723
0.0131524661603
0.00807500642412
0.00811682984264
0.00879237057758
0.0112614677603
0.0134788901299
0.0101755328642
0.00819070740964
0.0110732455954
0.00840147536991
0.00804258187173
0.0100946127405
0.0113332116219
0.00868551648145
0.0130588754241
0.0123437114983
0.0084440414851
0.008225527177
0.0112349523712
0.00962769095691
0.00783124218001
0.00985378412589
0.01230635235
0.00792316497204
0.0105421890931
0.012440787387
0.0113134793817
0.0123535392304
0.0101761393365
0.0117989159653
0.0116765848043
0.00849595708721
0.0106143084109
0.00901266859568
0.00914423626141
0.00862223343335
0.00978664963805
0.0111475545089
0.00909123231035
