0.0111858838144
0.00944055669905
0.0101634503439
0.00971347874323
0.0089860271731
0.010190899673
0.00870186429792
0.0091812169539
0.0083293145111
0.00844605027797
0.00895040825558
0.0109675246918
0.0086956464931
0.0104782299362
0.00958417842434
0.0118447919179
0.0087122466636
0.0137860480218
0.00926931898808
0.0123416482399
0.0100670530283
0.00850765875345
0.0116464831682
0.0117891016283
0.0103198189134
0.012019223152
0.0084432124378
0.00836386280474
0.00827106731637
0.00861538029602
0.00980926417755
0.0118294426754
0.0127076099938
0.0107018961572
0.00943827617653
0.0105099052504
0.00972683106308
0.00868758169913
0.010436998581
0.00937762709674
0.0121364629198
0.00922589411488
0.00827712306218
0.0101891557605
0.00939857412069
0.0105240537799
0.00911869685774
0.0102373357071
0.0099176546791
0.0135486571497
0.0108894750374
0.00895808348432
0.0171078339297
0.0112232614327
0.0102036711949
0.00867299780008
0.00849570739053
0.00915067828243
0.00839883015078
0.00825427602648
0.00902152691216
0.011208912254
0.00855792770363
0.0104633149489
0.0116485775188
0.00959716112237
0.00880928570755
0.00827164369868
0.00845030529069
0.0109272850418
0.010583041881
0.0158665311249
0.0120332658645
0.00986692265411
0.0122282100009
0.00887091518819
0.00998209992223
0.00885750971008
0.00843871898224
0.00948887188022
0.0109590452211
0.00952472282802
0.00961573609628
0.00933857104343
0.0144668673296
0.00881276913225
0.0103656246419
0.00958600923438
0.00830353965959
0.00845715145085
0.00888179933773
0.00978450677587
0.00868243971139
0.00865150416519
0.00899636269636
0.00859799778575
0.00866048588345
0.0112706203176
0.00978093757047
0.00992578034161
