a    b    distance0    NDraws    time    dist_threshold1    
1.75634320333    1.0857070575    1.40643131556    2    2.85325884819    2.33422971351    
-0.640177829327    0.146747954763    1.648351216    3    3.32269597054    2.33422971351    
2.68266226191    -1.12621572975    2.01853705867    1    1.21620702744    2.33422971351    
1.26367040467    0.767030272429    0.872386576583    1    1.2340528965    2.33422971351    
1.4424374101    0.251013395701    0.485224592079    1    1.23322987556    2.33422971351    
-0.404641882787    0.938181521518    1.70461974361    2    2.08506202698    2.33422971351    
1.41023944041    -1.18797214793    1.19177382378    2    2.26988601685    2.33422971351    
1.25033043084    -1.51932747642    1.51812574288    1    0.962033987045    2.33422971351    
0.565929091178    -0.220813834302    0.485669418446    1    1.04872918129    2.33422971351    
0.741027897843    -1.04643512881    1.02159619072    1    1.05663394928    2.33422971351    
0.57089021829    0.477168953299    0.69099154162    1    1.20951795578    2.33422971351    
-0.085401932573    -1.84781530596    2.0828868255    1    1.19781780243    2.33422971351    
-0.215347930341    -0.297460042856    1.25603321813    1    0.99126791954    2.33422971351    
2.7269468882    -1.2715125317    2.11588821348    1    1.02273488045    2.33422971351    
-0.753748892914    0.0856675439949    1.76040435492    1    1.23166799545    2.33422971351    
0.576645293391    1.6945956013    1.77603682646    1    1.31247806549    2.33422971351    
0.883228843515    0.245065781221    0.292691762627    2    2.76822805405    2.33422971351    
0.430905572011    2.10890365395    2.216363401    2    2.44494700432    2.33422971351    
0.723538057326    -1.56040347998    1.65340827738    2    2.44077396393    2.33422971351    
0.521798752418    1.81954444477    1.93442857553    1    1.31206798553    2.33422971351    
-1.03446588537    -0.129935637054    2.04086305934    1    1.11446404457    2.33422971351    
0.0370089937043    -0.674346651038    1.14777734489    1    1.12387514114    2.33422971351    
1.32015463571    -2.20783341882    2.18925820077    4    3.84188199043    2.33422971351    
1.50687678776    1.38459152692    1.4602895298    2    2.01555299759    2.33422971351    
2.28274491018    0.417666840398    1.37207852521    1    1.08222579956    2.33422971351    
-0.175187000195    1.68983041609    2.045344929    3    3.0374481678    2.33422971351    
0.137259992387    -0.274532135466    0.888308637202    1    0.974305868149    2.33422971351    
0.815564344292    -0.951768283051    0.915286085474    2    2.14677906036    2.33422971351    
0.595811159369    -0.372557051612    0.533972731258    1    1.11003994942    2.33422971351    
1.21205367969    -1.17546200353    1.1212650405    1    1.11266899109    2.33422971351    
1.40769173496    0.749525837681    0.902998025575    2    1.92141699791    2.33422971351    
0.899924050412    1.62623960066    1.65484444902    2    2.01082086563    2.33422971351    
1.4850202639    1.61094903608    1.68858181309    1    0.918154001236    2.33422971351    
-0.492296909743    1.12061166119    1.91754887048    2    1.68787789345    2.33422971351    
1.00973242982    -1.64401281339    1.60377559737    2    2.87800097466    2.33422971351    
2.92827541528    -0.490424249571    1.97834241075    3    3.70031690598    2.33422971351    
-0.655667260441    0.411685569449    1.71008070533    1    1.46215486526    2.33422971351    
1.71900941288    -0.26434708997    0.762199204124    1    1.32125711441    2.33422971351    
1.3460656873    -1.94031919099    1.92882050943    1    1.37383294106    2.33422971351    
2.07721989294    0.0657674884907    1.08081227291    2    2.946434021    2.33422971351    
-0.0289241021993    -2.0999220533    2.30112033172    1    1.39374685287    2.33422971351    
-0.556706230496    -0.718100602442    1.7309440096    3    3.54076910019    2.33422971351    
0.456734931525    -0.525396660086    0.754543443851    1    1.52219295502    2.33422971351    
2.65686611721    -0.0877690376356    1.65509824344    1    1.18905591965    2.33422971351    
0.528755918925    0.776386122152    0.919009850328    1    1.43502092361    2.33422971351    
2.58434568801    0.214976414974    1.61129246956    1    1.88601708412    2.33422971351    
-0.562471551131    -0.43940723706    1.61960309446    1    1.34191322327    2.33422971351    
0.24359016477    -1.78245601642    1.892754668    1    1.12168097496    2.33422971351    
-0.204770681522    -1.48917358353    1.87226947504    3    3.56691002846    2.33422971351    
0.0632535779447    2.06139306045    2.22219260847    3    3.25230002403    2.33422971351    
1.71485733552    1.01493753553    1.28284160594    2    2.44784998894    2.33422971351    
1.15431371118    0.362734590744    0.425496432434    2    2.35535311699    2.33422971351    
1.93659418451    2.05898547567    2.25790321001    1    0.920338869095    2.33422971351    
1.83764258573    1.05068909234    1.37629746136    1    1.13216304779    2.33422971351    
-1.09271726637    -0.316653006743    2.11170523324    8    9.18388700485    2.33422971351    
1.162694806    0.12049795713    0.29166123282    1    1.17297410965    2.33422971351    
0.239963876665    -0.0613012889297    0.76088487788    1    1.27465295792    2.33422971351    
1.85804207026    -1.29795523129    1.53103721152    1    1.3641409874    2.33422971351    
0.36093668545    -0.161981515491    0.646175099257    1    1.24937605858    2.33422971351    
0.961620970542    -0.672851573773    0.635439422663    1    1.23879599571    2.33422971351    
-0.44105994399    -0.0730262995312    1.44381820576    2    2.75166296959    2.33422971351    
1.89027698136    -2.03176903363    2.20815930988    2    3.21314001083    2.33422971351    
1.59378931941    -0.899479940271    1.04743721784    1    1.32804608345    2.33422971351    
1.1356738369    1.13393709376    1.18718788711    1    1.1676068306    2.33422971351    
1.53262203108    -2.19034437913    2.20570825871    3    3.37884402275    2.33422971351    
1.00084664059    0.802680508833    0.827871596654    1    1.12349581718    2.33422971351    
1.60476410516    -0.00457936257711    0.605679548437    1    1.16722202301    2.33422971351    
1.07230511737    -0.664586130984    0.653958612476    1    1.02935194969    2.33422971351    
1.08015893664    -1.0397588062    1.07450406584    2    1.93521404266    2.33422971351    
2.33763773418    0.615981228136    1.46654106381    1    0.888533830643    2.33422971351    
0.36326909965    -1.90457361648    1.86925369264    2    2.81776809692    2.33422971351    
2.34254255384    1.66104438782    2.17942162089    1    1.32582092285    2.33422971351    
-0.93557350491    1.28045582633    2.32930183415    1    0.97650885582    2.33422971351    
-0.568567544323    0.617771948887    1.70186381918    2    2.24549794197    2.33422971351    
-0.166997776109    1.74462378092    2.14318739878    2    2.47696495056    2.33422971351    
1.498776102    0.125512850072    0.51727646899    1    1.25858306885    2.33422971351    
2.02269250137    -1.62516723692    1.90422007266    5    5.83153891563    2.33422971351    
0.85977741231    0.372661977003    0.422278800435    1    1.10694885254    2.33422971351    
0.588705688402    -1.00678566408    1.0389692622    1    1.3490858078    2.33422971351    
-0.76563915853    -0.495035291465    1.83643571914    3    4.38506603241    2.33422971351    
1.27452519578    1.25022878606    1.35920804728    1    1.52670693398    2.33422971351    
2.25517568994    -0.0180737707433    1.25522067774    1    1.35760116577    2.33422971351    
2.45488461123    -0.2436356271    1.47250020507    1    1.30250000954    2.33422971351    
-0.180545613326    -1.25382906745    1.70554803326    2    2.92338109016    2.33422971351    
1.78278791719    1.7859071771    1.97100640953    3    2.9495010376    2.33422971351    
1.22955737161    0.21797294996    0.340212727216    1    0.965950965881    2.33422971351    
0.599470274281    1.22970896777    1.32743288537    1    1.03932189941    2.33422971351    
-0.815709438982    -0.481875810034    1.8632631299    2    2.1908800602    2.33422971351    
0.398492511148    -0.628984418255    0.826961319193    1    1.18311405182    2.33422971351    
1.15325294886    -1.02996061449    0.97292732182    2    2.35870313644    2.33422971351    
-0.389767298858    -0.47862359193    1.45671030448    2    1.83449792862    2.33422971351    
-0.518591100247    -1.19410365425    1.95222081025    3    3.20520997047    2.33422971351    
0.64213553234    0.248333132878    0.43207075816    1    0.853628873825    2.33422971351    
1.81375432565    -0.573836888371    0.965799668866    1    0.760313034058    2.33422971351    
0.225078454796    0.471716720394    0.906903810188    4    3.13039803505    2.33422971351    
-0.0262411776995    -0.133672456832    1.03431644704    2    1.49986886978    2.33422971351    
1.34658428156    -1.17554003231    1.18288761783    3    1.19077205658    2.33422971351    
0.328575548565    1.55266182605    1.75471952447    2    0.490318059921    2.33422971351    
1.59139777575    0.6435910111    0.871580412607    1    0.873239994049    2.33422971351    
-0.260687200727    0.883351808475    1.57003920185    1    0.72461104393    2.33422971351    
