0.00903628169412
0.0121266559228
0.0106803118842
0.0124211622635
0.00881755301874
0.0087199109183
0.00868076643476
0.00976851934713
0.0109296885881
0.00859789573374
0.00884340519012
0.00971046251436
0.00861728253385
0.00856783212405
0.0103942864688
0.00923713935542
0.0107764724031
0.0110838711549
0.00827731475117
0.00915706411617
0.0100420158214
0.0103079316899
0.0126034679831
0.00904554254149
0.010727062062
0.0102234328549
0.00941009420563
0.00857229403654
0.00827557241606
0.0119857085599
0.01296732267
0.00902087197937
0.0116950755208
0.0123946819024
0.00930063155833
0.0112782823568
0.00830492772467
0.0121086362436
0.0124355142508
0.0111511911982
0.0100646674019
0.0121021616222
0.00844851444035
0.00863108277747
0.00814046929934
0.0107281891638
0.0126121088645
0.00909699105194
0.0112795140952
0.0124787391413
0.00984452523162
0.0123928038942
0.00843560263508
0.010557714253
0.0102129325748
0.00948779977246
0.00815217196411
0.0119211683635
0.0103171764932
0.0085461281204
0.00889132150622
0.00820372017333
0.0113803240869
0.00982876156502
0.0103301739539
0.00823980903469
0.00817353382186
0.00992800298292
0.0116769239208
0.00951010714311
0.0092509510215
0.00859947729388
0.010119184457
0.00887689034883
0.00815184480847
0.00955696386345
0.00813907578062
0.0110942853844
0.0081803403665
0.00960333436811
0.00875823774834
0.00966722627242
0.0106537323803
0.00952339677296
0.0127399992887
0.0105450987766
0.00818321528368
0.010193353036
0.0114565682646
0.0114204123568
0.00992461102375
0.00927058849655
0.00870354942891
0.0115293048899
0.0084627518502
0.00937273681811
0.0114997979793
0.0114998088589
0.00991192879661
0.00920406064253
