0.011544698213
0.00883869614903
0.00964446344334
0.0146366702164
0.00853854441962
0.00934177602947
0.00867925993233
0.00948566314138
0.0118292967466
0.012999259148
0.00952926243156
0.0133696808732
0.00890077756308
0.0106205141805
0.0150053136478
0.00800422148612
0.00826942033075
0.00805465798551
0.00871723549169
0.0078330066565
0.0154713941213
0.0147856738763
0.00955289568753
0.0090735317528
0.0126014062981
0.00891899363931
0.0133196616355
0.0102889036887
0.00855362891429
0.0104465010691
0.00887343144439
0.010446429452
0.011572426265
0.0101463581409
0.0159767416936
0.00814150891084
0.00904534027807
0.0078542353589
0.00772595959085
0.01148241234
0.0136387371176
0.00890084463178
0.0113893532796
0.00776640104599
0.00804554941919
0.00968638283865
0.010790112466
0.00969862502717
0.0118050286693
0.00866521065284
0.00984003093922
0.0105014863518
0.00847358168952
0.00913049554382
0.00927735272592
0.00859247121911
0.00955067372685
0.00849623228576
0.00864289226553
0.00984227218785
0.00919934742554
0.0094281155609
0.00807342542451
0.00927385267001
0.0123514325657
0.00909626030356
0.0093201833442
0.00875101405574
0.00848430640429
0.00911846033703
0.00922197725359
0.00937738247826
0.00793666192687
0.00771098337304
0.0138820689885
0.0131256387355
0.0100258256176
0.00982177551028
0.00914897244512
0.00837690399382
0.00852536977592
0.00782337885803
0.00810899322037
0.00981758899632
0.0101044727269
0.00925966840082
0.00926414393124
0.012978788236
0.00930759186591
0.00776006458737
0.0106889163179
0.00927024863178
0.0103335298545
0.00964845080207
0.00954838991594
0.0127631760198
0.0078158975428
0.0139136269905
0.0106601445949
0.00982938398995
