0.00885543848328
0.00678731216913
0.00607888550498
0.00884651421493
0.0128786329709
0.00939054701199
0.0113401761471
0.00675569075578
0.00591018219057
0.00720122135325
0.00648432286592
0.00600980034733
0.00649273600665
0.007026039847
0.00864649960522
0.00654795823558
0.00586353169955
0.0057621837101
0.00604362174724
0.0078682936431
0.00615716257076
0.00567412202028
0.00972314434385
0.0065105121678
0.00816891958492
0.0100718509772
0.0067988929113
0.00598393804267
0.00575830567162
0.00661971146516
0.00680042918216
0.00577271353285
0.0081352726217
0.00641867503902
0.00640430982768
0.00728912987823
0.00748427413654
0.0132445427917
0.00739304187909
0.0169733418324
0.0101380289161
0.0107101189775
0.00701461209704
0.00923916570035
0.00668037549724
0.00573451407704
0.00638521909094
0.0099165190229
0.00715807888047
0.00663196053047
0.00792333051441
0.00999914878956
0.00554138872002
0.00923882378751
0.0110709369079
0.00563203573049
0.00627653168789
0.00761737433907
0.00689569555403
0.0137121456313
0.0143353992317
0.00731370442641
0.00802795863799
0.00712146340268
0.0070695969039
0.00594438485131
0.00847057207548
0.00684363555223
0.00915173268659
0.0104393213259
0.00691546436667
0.00690600022659
0.0126298246418
0.00623564410425
0.00727020063988
0.006237401533
0.00969227071368
0.00715981233496
0.00855255025321
0.0130752139474
0.0058513568952
0.00657442821875
0.00571397360627
0.207193953425
0.0063421371919
0.00669646075449
0.00569067307453
0.0108647171135
0.00874738532654
0.023620467781
0.00594332193115
0.00570566091334
0.00741767756839
0.00649171928157
0.00730338361029
0.00584634305561
0.0112299504031
0.00570675241015
0.00650708890949
0.00947251323546
