0.00734683282232
0.00982799452393
0.00879459886225
0.0120747654089
0.00738909486774
0.00883547509433
0.00986755160455
0.00826200341221
0.0167565614573
0.010740817389
0.0089825257108
0.00758450937933
0.00910534493081
0.00792129058498
0.00802539017706
0.0194340975709
0.00697683412347
0.0156287433961
0.00952142432829
0.00770491721901
0.00690278819612
0.00747100124417
0.0234006541058
0.00738316348249
0.0106100994528
0.00828145111207
0.00915167598112
0.0375953855783
0.00816233582357
0.0118072183149
0.0121468644617
0.0110967791159
0.00785490073414
0.013627963174
0.00769737137799
0.00930092353148
0.00738856940924
0.0096130181587
0.0137198742762
0.00833963711377
0.0073152845676
0.00677425171494
0.00959312551501
0.00708753546424
0.00722400070263
0.00693315349223
0.0212335368487
0.0110413965265
0.0111339502818
0.00892879574378
0.00944880393686
0.00733410286929
0.0106887129974
0.00747223655634
0.0076129326753
0.00842519531207
0.0184306285046
0.00728660664959
0.00994171675337
0.00889750287821
0.0168269760028
0.0114583096276
0.00812915898878
0.0102655540971
0.00823797808521
0.00843959955412
0.00816287440939
0.0105793337545
0.00776854016364
0.00742959951201
0.00740341594626
0.0150046731306
0.00670195403854
0.0118812306017
0.0067048254204
0.0131618827533
0.00884781142774
0.00678838345828
0.00850933203555
0.0137109771496
0.00760861947875
0.0109443235889
0.0067906197356
0.00925695230961
0.00981937101654
0.00716024390495
0.00855649128665
0.0075795498876
0.0104650975997
0.00684244735266
0.00698127744336
0.00707978720006
0.0195775754162
0.0110843557359
0.00730005622415
0.00892068161362
0.00913932990666
0.00883847177019
0.00689764625292
0.00800877462069
