0.00849348807472
0.00816992545328
0.0091903062235
0.00820699723081
0.00856463015011
0.0139181940931
0.00976028864677
0.0115379482171
0.00868417570637
0.00914450819667
0.00847013108644
0.0122877111861
0.0110869281772
0.013708713296
0.0086635461772
0.00950203094613
0.00910511644411
0.00794962159064
0.0110799003468
0.0112048683762
0.0103053435694
0.0105979892346
0.013187566861
0.00929734776432
0.00889524759332
0.00916936461232
0.00852821209568
0.00843054835064
0.00832465511383
0.00870678546444
0.00896916029649
0.0101122132547
0.00892931236202
0.00794504776489
0.0103764855126
0.0106904918065
0.0108005686131
0.00826665908737
0.0111857424199
0.0114702416675
0.00882269282513
0.0103576211507
0.0115264614554
0.0118341703107
0.0110351543212
0.0146239429119
0.00925789320752
0.00844153218487
0.0108134767327
0.0123166891544
0.00853037239532
0.0119034089008
0.0101122519985
0.0109866504276
0.0142701721913
0.00852844964382
0.0110907095503
0.00976932922403
0.00836257557351
0.00839700729482
0.0102507748764
0.00896725791453
0.00833604818445
0.0112622015968
0.00851275533028
0.00810527194658
0.00834617365011
0.00793301693952
0.00972254328954
0.00988910686659
0.00911207489516
0.00833030732915
0.00891912903235
0.0115707125735
0.0130523774139
0.00827406911933
0.0126537420828
0.015930755671
0.00917557925818
0.0117957830635
0.0123401524437
0.00794966491655
0.00826695862218
0.00838953662571
0.00879717030739
0.00834538195437
0.0111707752765
0.0103317511273
0.0101115483791
0.00996159224914
0.00930783422057
0.0107488605909
0.0135586213266
0.00794865527125
0.0106141898328
0.0118155279036
0.00833832327553
0.00861381236417
0.0106870589824
0.00866432877806
