a    b    distance0    NDraws    time    dist_threshold1    
0.403426749082    0.0339672384098    0.598931118665    1    1.00511980057    2.1295039137    
1.12964462107    2.09022996402    2.09186665517    1    1.04609298706    2.1295039137    
2.27047487821    0.377706003784    1.32962927607    2    3.03783297539    2.1295039137    
2.05670015263    0.378029355883    1.09762549232    1    2.21364212036    2.1295039137    
0.393629835927    0.228690584967    0.634786298876    2    3.79035615921    2.1295039137    
1.11056081598    0.268615083232    0.271335898668    2    5.77166891098    2.1295039137    
2.43464778449    -1.47532134937    2.09998096995    1    2.97021698952    2.1295039137    
2.07286643147    0.314120824864    1.11314481498    1    2.3524479866    2.1295039137    
1.51054528652    -0.71678905237    0.8892903801    3    3.76940011978    2.1295039137    
1.3706117996    1.60166215377    1.63409047616    1    1.16396594048    2.1295039137    
1.56107551487    1.30901830821    1.39800172959    2    4.41139793396    2.1295039137    
2.92753680922    -0.0608261525757    1.92829636908    1    1.98078012466    2.1295039137    
2.8612270898    -0.3581985127    1.90400561402    5    15.1302931309    2.1295039137    
0.648369949599    1.95017337076    1.95048285974    2    6.25688004494    2.1295039137    
2.13276528833    -0.736870095701    1.31712339514    2    2.72494196892    2.1295039137    
1.86254595111    -0.709265608134    1.15236040907    1    2.53966212273    2.1295039137    
2.17717473585    0.411186755917    1.25547600704    1    3.50855588913    2.1295039137    
0.790501606974    0.566179217473    0.591169532436    1    1.29983210564    2.1295039137    
2.35392468739    -0.829906617755    1.62070162211    1    1.24579787254    2.1295039137    
1.9697622894    -0.156640923213    0.971439859495    1    2.35360908508    2.1295039137    
-0.828779889353    0.235631457362    1.83971427845    1    2.10504603386    2.1295039137    
1.50855890649    -1.77975975334    1.80633093993    1    1.20794892311    2.1295039137    
1.2158758727    -0.48071960326    0.545873351531    2    3.07568502426    2.1295039137    
0.812894923385    0.0780496941699    0.240233481977    2    5.0589389801    2.1295039137    
0.29716341701    -1.11003759168    1.28680028582    1    1.25218486786    2.1295039137    
1.63730028867    0.291233716766    0.693265069228    1    1.71878600121    2.1295039137    
0.368922162982    1.71331823854    1.80363870806    2    4.56886792183    2.1295039137    
1.20517767915    2.11500523527    2.08305087544    6    13.7270159721    2.1295039137    
-0.277531556345    -0.83786485711    1.53481797367    2    5.89648389816    2.1295039137    
1.36406396578    -1.59606054644    1.58956809485    4    6.92212295532    2.1295039137    
-0.428723411292    -0.794124888935    1.61718372395    1    1.34436917305    2.1295039137    
1.98974224148    -0.123037434972    0.989409757155    2    5.83014202118    2.1295039137    
1.69582596443    0.871957641716    1.13885275981    2    2.75653791428    2.1295039137    
1.64241083162    0.997212459891    1.14588914066    3    9.16321182251    2.1295039137    
2.07945950689    -0.846435843745    1.35328325436    1    2.33026790619    2.1295039137    
2.37812096332    -0.854769011836    1.62725916288    1    3.47476601601    2.1295039137    
0.891246690941    0.525168509629    0.560356573328    1    4.42359519005    2.1295039137    
2.29613924608    -0.564549681318    1.4032730937    3    6.24483108521    2.1295039137    
1.81577655937    1.0686884104    1.28439312147    1    3.38207316399    2.1295039137    
-0.241497788577    0.283132371527    1.27369455209    2    3.35272097588    2.1295039137    
0.994618047085    0.733030280073    0.71885092737    1    1.77640295029    2.1295039137    
2.27811377256    -1.44505678636    1.93752526141    2    4.81462001801    2.1295039137    
0.374818559613    -0.140503445292    0.663644332685    3    7.69356012344    2.1295039137    
-0.481135657841    0.936829275409    1.74369982336    1    2.44874000549    2.1295039137    
1.46792138369    -0.204905549499    0.537011393005    2    6.76766204834    2.1295039137    
0.932239699891    -2.09463454877    2.07582465086    1    2.58495020866    2.1295039137    
1.36099611237    0.426785549659    0.550397496869    3    8.37970995903    2.1295039137    
-0.69855578919    -0.276438609558    1.72402345389    1    5.82543087006    2.1295039137    
0.0398306498117    0.053863189699    0.964803688825    2    2.85919094086    2.1295039137    
0.688907670967    1.236445686    1.25712906344    1    2.13783097267    2.1295039137    
2.10542317498    -1.20900963582    1.6431375221    1    1.21177506447    2.1295039137    
0.639971716562    -1.42981455593    1.48076574609    1    1.45679593086    2.1295039137    
1.7722478901    0.287045387516    0.805839680383    3    7.98699402809    2.1295039137    
1.35973703228    -1.79112984505    1.82505640063    3    10.7159821987    2.1295039137    
0.715744107259    2.01812281003    2.02231285601    1    2.77795886993    2.1295039137    
0.119241966603    -0.233767483446    0.898516880669    2    4.41407608986    2.1295039137    
0.395218844716    0.233935780015    0.619829157065    4    10.012928009    2.1295039137    
0.796817663167    0.270615802568    0.322307453726    3    4.78821992874    2.1295039137    
0.470165077129    1.63034205868    1.70253944624    3    9.61124396324    2.1295039137    
1.29847900619    -0.563565094674    0.623132474919    2    4.1351211071    2.1295039137    
-0.310978760237    0.794625959458    1.52067549059    1    2.9046330452    2.1295039137    
0.00978706941325    1.25740918062    1.56086671476    2    3.34576892853    2.1295039137    
0.819694095766    -0.114477218828    0.209804482308    2    4.60518407822    2.1295039137    
0.52391907522    -0.643641245068    0.790057445866    2    4.58983397484    2.1295039137    
-0.121287208391    0.410917253254    1.18912318095    1    2.63768696785    2.1295039137    
0.668869138338    1.18518497326    1.16210614462    3    7.50763893127    2.1295039137    
-0.489267034994    0.147738410322    1.50580047343    1    1.52890110016    2.1295039137    
2.43687472142    -0.29500914181    1.47732869433    1    4.08309102058    2.1295039137    
1.60295811071    -0.736881096801    0.96108314425    1    4.48740005493    2.1295039137    
0.0987014550499    -0.144369507822    0.915376154347    1    1.84207487106    2.1295039137    
1.68582304275    -0.0383759238529    0.683388070303    3    9.27712893486    2.1295039137    
1.60452014633    -1.16426203268    1.32618780797    2    7.56357693672    2.1295039137    
1.41572067632    1.97329290226    2.07270995094    1    1.95564007759    2.1295039137    
0.0997630104906    1.63793620318    1.91675880968    2    6.4318420887    2.1295039137    
1.15067419751    -0.274844603913    0.409640694057    1    2.16490292549    2.1295039137    
0.678425647741    -0.253508650585    0.418745830647    2    3.81383800507    2.1295039137    
2.75019793914    -0.876430427447    1.92987108168    2    6.60627985001    2.1295039137    
1.43758806086    0.499229018949    0.628329238549    4    9.48763108253    2.1295039137    
1.5244658188    -1.69134254897    1.7985580327    4    7.91201114655    2.1295039137    
0.309960216008    0.713280418365    0.971411445887    5    9.9388821125    2.1295039137    
2.11028562324    1.03989308692    1.50914785919    2    6.42761993408    2.1295039137    
1.13205322826    -1.74605956612    1.76808521588    1    1.52021813393    2.1295039137    
-0.179483950236    1.05184718223    1.59877246156    1    1.69534087181    2.1295039137    
0.772788162221    -1.35227774289    1.38907319456    1    2.87398600578    2.1295039137    
0.590399195743    -1.60383625702    1.65256757146    1    6.17013716698    2.1295039137    
0.457041346822    0.543994880459    0.798524051755    2    5.23388910294    2.1295039137    
1.31880444168    0.636132514252    0.739212494156    2    5.46053695679    2.1295039137    
2.26583343535    -1.67394278899    2.05487810639    2    4.73546099663    2.1295039137    
1.10989544903    -0.0685363253386    0.143220061366    2    5.49267506599    2.1295039137    
1.9398708485    0.40306834696    1.03888972532    2    2.92701292038    2.1295039137    
2.07674996398    -0.570982906757    1.2300024421    4    5.93383002281    2.1295039137    
-0.969378095089    0.368474893761    2.00083426826    6    16.8021330833    2.1295039137    
0.474574594317    1.1194068916    1.21275971285    1    2.49206018448    2.1295039137    
2.81105320361    0.314967875246    1.83338518723    3    6.01026701927    2.1295039137    
1.20778900548    -2.05151409928    2.06579324503    2    0.987738132477    2.1295039137    
0.646958530904    -0.696493094547    0.820459690876    1    0.26896905899    2.1295039137    
-0.0401902612585    1.25499937113    1.65600773675    1    0.384150981903    2.1295039137    
2.13142514079    -0.0663499490828    1.13084630703    4    1.25955700874    2.1295039137    
2.58330129816    -0.125267315246    1.58668190893    3    6.01532387733    2.1295039137    
2.53435717216    1.04967587738    1.83848588423    2    2.02800798416    2.1295039137    
