a    b    distance0    NDraws    time    dist_threshold1    
0.944637973408    0.0887706599198    0.106881926906    1    0.997349023819    0.228279809538    
1.15773377945    -0.0471077208022    0.161721036006    1    1.03242397308    0.228279809538    
1.07922891187    -0.248038238304    0.223460707781    7    9.69028997421    0.228279809538    
1.13346931356    -0.0689030167326    0.152247200191    4    6.11258602142    0.228279809538    
1.2045549292    0.00174144428203    0.213287473786    1    1.45455598831    0.228279809538    
0.886631821324    -0.18988263238    0.153020118694    2    3.55243396759    0.228279809538    
1.19467985866    -0.0126993377281    0.196243247436    2    2.82450890541    0.228279809538    
0.914516879118    0.000292510338691    0.0926168583568    2    2.62458109856    0.228279809538    
0.90465130895    -0.0171120526221    0.111898489069    3    3.72910284996    0.228279809538    
1.00628270579    -0.133047755636    0.13455753883    2    2.07176113129    0.228279809538    
1.18017889771    -0.137269446921    0.228118153317    2    2.2184882164    0.228279809538    
1.12033146245    -0.104295542479    0.143575738355    1    1.07971310616    0.228279809538    
0.999485332799    0.124981967797    0.196972237029    1    1.3371360302    0.228279809538    
0.89194727366    -0.0474432838127    0.109897490756    2    3.83874201775    0.228279809538    
1.1810221548    -0.0420251776904    0.190405369903    2    2.92884802818    0.228279809538    
1.09495272598    0.0747014404129    0.147102263565    2    3.47013401985    0.228279809538    
0.90395300851    -0.0132689382912    0.128635627712    7    9.83489108086    0.228279809538    
0.958287386354    -0.142649028172    0.121243190149    3    3.19290614128    0.228279809538    
0.938310649931    0.00992764963997    0.0829063322869    1    1.50225782394    0.228279809538    
0.976242654092    0.109416190452    0.167658167057    1    1.96003508568    0.228279809538    
0.959901045717    -0.162721034142    0.109970404681    1    1.79461479187    0.228279809538    
0.984645923547    -0.249155817143    0.202869476427    4    8.46547889709    0.228279809538    
1.0760236173    0.165992876945    0.184699410228    1    1.60423707962    0.228279809538    
1.01958166407    0.0249389035871    0.0215671314804    2    3.04650592804    0.228279809538    
0.986940608387    -0.226647225352    0.14842271427    2    3.20411205292    0.228279809538    
0.942744423621    -0.0453967574433    0.0617115723798    3    4.58402705193    0.228279809538    
1.06841181831    0.15762224684    0.207541127152    2    3.16764307022    0.228279809538    
0.987312344535    0.0420452829189    0.0127695337478    3    4.11056303978    0.228279809538    
1.11636197279    -0.116071410604    0.150925208568    2    3.97725987434    0.228279809538    
1.1046019258    -0.019992904543    0.107580268666    4    7.39364314079    0.228279809538    
1.04979214313    -0.146533707836    0.159409928334    2    4.05627202988    0.228279809538    
1.11855042402    0.136808847085    0.21339676187    1    2.02587294579    0.228279809538    
0.812105074786    -0.140481290452    0.216980593042    8    11.7814080715    0.228279809538    
1.07036004846    0.122328505515    0.183608461273    1    1.55162906647    0.228279809538    
1.05777761579    0.0439619548373    0.118271588153    1    1.31326508522    0.228279809538    
0.85977732676    -0.158526082677    0.218929972412    2    3.18844485283    0.228279809538    
1.08223185659    0.0749752893563    0.151200144098    3    3.87226009369    0.228279809538    
1.05456833033    0.188391466622    0.192588486249    3    4.45372891426    0.228279809538    
0.808356677574    -0.0851060342003    0.196962718335    3    4.87135004997    0.228279809538    
1.19740823587    0.0157943968626    0.200232296044    1    1.79235696793    0.228279809538    
1.06646337415    -0.101092131868    0.18772321806    3    5.22672104836    0.228279809538    
0.862132517448    -0.0303531417998    0.138292101631    1    1.47050499916    0.228279809538    
1.11377141533    -0.0620120176161    0.115232791455    1    1.32692599297    0.228279809538    
1.14850111992    -0.249322248815    0.21493846261    3    5.66839599609    0.228279809538    
0.943913834092    0.102821226321    0.193593465433    2    3.10170102119    0.228279809538    
1.04376156989    -0.0505907690032    0.0551525111089    2    1.74767017365    0.228279809538    
1.14068810206    0.043432013316    0.158777264554    3    3.70413899422    0.228279809538    
1.06310308728    0.122114992298    0.198182678212    2    3.48451900482    0.228279809538    
0.979812683019    -0.084521042204    0.0211362563691    1    1.26449179649    0.228279809538    
1.16062192094    0.0283155015729    0.173374297625    1    1.63024497032    0.228279809538    
1.04549781226    -0.137114010929    0.142519030533    1    1.28911018372    0.228279809538    
1.03916585454    -0.0493616218163    0.0456447804387    2    2.186606884    0.228279809538    
0.930595381291    -0.0173260077182    0.0964035349547    8    11.7895078659    0.228279809538    
1.02687735859    0.000259341484814    0.0862308083847    2    2.81480789185    0.228279809538    
0.798800129831    -0.136036589403    0.221027218427    1    2.00611805916    0.228279809538    
1.02056289773    -0.17598854979    0.171643575907    1    1.27675104141    0.228279809538    
0.848854389472    -0.0303530482001    0.160404478903    1    1.1681330204    0.228279809538    
0.967147819844    0.103150055505    0.206909980932    3    4.9365260601    0.228279809538    
0.946149126226    -0.0422456168785    0.0590348035916    1    1.79994297028    0.228279809538    
0.941060804429    -0.0323814107833    0.0703013841894    1    1.51371598244    0.228279809538    
0.93610392792    -0.0600975997732    0.0982759613109    1    1.6559779644    0.228279809538    
0.931157389326    -0.168304012723    0.0919886036731    1    1.15363097191    0.228279809538    
0.995789183323    -0.20944811158    0.209315871382    7    11.4661719799    0.228279809538    
1.0777434737    0.146771131527    0.186711954557    3    4.77659702301    0.228279809538    
0.957578828925    -0.203330657311    0.194385456044    1    1.69617199898    0.228279809538    
1.00240393207    -0.03727785182    0.0126344583786    1    2.20809412003    0.228279809538    
1.07247484579    0.130353665648    0.172379729239    1    1.63194990158    0.228279809538    
0.966152830827    -0.104174160594    0.115493797882    1    1.6800198555    0.228279809538    
0.995717359355    -0.175818349554    0.0851732464671    1    1.92287802696    0.228279809538    
1.02380445382    0.109541680287    0.107614164188    2    3.23474192619    0.228279809538    
1.0424975845    0.105935671125    0.0838139504744    1    1.75003314018    0.228279809538    
1.01526000094    -0.0882408329523    0.0724282154016    1    1.78453397751    0.228279809538    
0.797674234758    0.0233337116851    0.21352909598    3    5.06140780449    0.228279809538    
0.879155793042    0.0765165482148    0.131500956836    1    1.37199187279    0.228279809538    
1.04349104546    -0.249414915188    0.225529270982    1    1.73712110519    0.228279809538    
1.0758197407    -0.175448667583    0.157740655632    1    1.90732002258    0.228279809538    
0.977571319485    -0.213001398134    0.151788689329    3    4.5328810215    0.228279809538    
0.987273760418    -0.0393822706369    0.0826103264176    1    1.21248698235    0.228279809538    
1.08691149174    -0.241500517001    0.172518118237    5    6.93010902405    0.228279809538    
1.09594931084    0.0730083149566    0.121213032864    1    1.38771104813    0.228279809538    
1.04587297114    0.181061190992    0.227407041179    5    7.04888796806    0.228279809538    
1.04729030626    -0.0089079004608    0.0561800919679    2    2.63028502464    0.228279809538    
0.967714667835    -0.169516862113    0.0897401847668    1    1.51440095901    0.228279809538    
1.09380547215    0.0899245749267    0.150322407388    1    1.30568408966    0.228279809538    
0.964854349998    -0.248978277786    0.205608408403    1    1.00193977356    0.228279809538    
1.00795772477    -0.107543834271    0.059009124402    3    4.32842087746    0.228279809538    
1.01043908234    -0.0143534542044    0.057185054115    1    1.52011704445    0.228279809538    
0.897446511123    -0.267630371203    0.215154974875    7    5.15325212479    0.228279809538    
1.02283036164    0.126524544279    0.177982429126    1    0.631789922714    0.228279809538    
1.04887990588    -0.0691373423363    0.0486086243517    3    1.70256590843    0.228279809538    
0.988672273756    -0.309865898009    0.227754641361    1    0.593233108521    0.228279809538    
0.91633523765    0.199360744194    0.207137382726    2    4.32438802719    0.228279809538    
0.90403649921    -0.0241267721402    0.0994973274107    1    1.5018119812    0.228279809538    
0.866616675904    -0.205849280399    0.21536023543    3    1.86817002296    0.228279809538    
1.06708288329    0.0994137234394    0.111689666539    2    0.945692062378    0.228279809538    
0.958035104254    -0.217290301751    0.208971601609    2    1.07038998604    0.228279809538    
0.815878659237    -0.160117612203    0.216937926617    3    1.98919987679    0.228279809538    
1.05725262146    -0.0752374677521    0.0702368319764    5    2.49126911163    0.228279809538    
0.922063945037    -0.0089550960204    0.0776212748005    2    2.34182786942    0.228279809538    
1.02826293538    -0.107831656562    0.0766919844048    2    2.32229495049    0.228279809538    
