a    b    distance0    NDraws    time    dist_threshold1    
0.901327588351    0.396156148231    0.425157102244    1    1.5363380909    0.630783163513    
1.47252212998    -0.130737886709    0.481376668627    1    1.49069309235    0.630783163513    
0.876248779088    -0.145980749675    0.158863469689    3    4.2351500988    0.630783163513    
1.52846460346    0.237439316088    0.590429644998    1    1.28486990929    0.630783163513    
0.762150533473    -0.451118674854    0.459197608342    1    1.40656280518    0.630783163513    
1.59132331697    -0.132612847876    0.603759623942    2    3.30872106552    0.630783163513    
1.36139969781    0.250729760452    0.50730292125    5    9.36592698097    0.630783163513    
0.628927152359    0.0874146587884    0.405918875518    4    5.00730085373    0.630783163513    
1.11310280882    -0.291954544791    0.249538402311    1    1.6006629467    0.630783163513    
1.01972556889    -0.0815341844126    0.066258325149    2    2.79735398293    0.630783163513    
0.82850163445    0.0409242680636    0.188513954023    1    1.79644703865    0.630783163513    
1.07190520009    -0.22638808075    0.250073813055    1    1.83944106102    0.630783163513    
0.471121814343    0.303161548562    0.625433364932    2    2.35144400597    0.630783163513    
1.2115222497    -0.289234385296    0.310961039986    1    1.58207392693    0.630783163513    
1.27683672676    0.379898587474    0.505620493998    7    10.0589289665    0.630783163513    
1.31331052974    -0.0401310883673    0.315889137183    1    1.86599802971    0.630783163513    
1.22061589112    -0.192407208893    0.240563634796    2    2.74409008026    0.630783163513    
1.35737287507    0.0925782311811    0.373437036134    1    1.12194180489    0.630783163513    
1.55489514978    0.185389384413    0.603061337947    3    3.02445006371    0.630783163513    
1.3744757507    0.464414942379    0.629076995222    3    3.51224088669    0.630783163513    
1.39358118193    -0.238493131338    0.447743264889    1    1.7575969696    0.630783163513    
1.00320459408    0.357399169429    0.436763854809    1    1.66153788567    0.630783163513    
1.49644191999    -0.0910253807471    0.50088300967    1    1.38456988335    0.630783163513    
0.636548161531    -0.461119744393    0.590787626559    1    1.46068692207    0.630783163513    
1.59717504143    0.0313650039162    0.603523393538    2    2.07000684738    0.630783163513    
0.533987046009    0.166112412475    0.515626149917    2    3.01060009003    0.630783163513    
0.936111642503    -0.297202657609    0.176212209039    4    5.99304795265    0.630783163513    
1.18344591266    0.199166903896    0.250590015262    3    4.89814400673    0.630783163513    
0.897384733642    0.454088221892    0.44776016084    1    1.68523192406    0.630783163513    
1.05810850156    -0.365264531649    0.265898339891    3    6.09271216393    0.630783163513    
1.04822077719    0.0138431626538    0.0653243790397    2    4.26561307907    0.630783163513    
1.25085256485    0.229261926123    0.332018656222    2    3.51169490814    0.630783163513    
1.49510108531    -0.375221159289    0.613941063028    1    2.33278417587    0.630783163513    
1.20896272366    -0.0500902467136    0.210731330199    1    1.28990983963    0.630783163513    
0.966943126551    0.460831302128    0.501792396208    4    7.73624300957    0.630783163513    
1.33332710279    -0.376012338706    0.510069972825    2    3.21819019318    0.630783163513    
1.5437043665    0.0941658813314    0.572383909976    3    4.04750394821    0.630783163513    
0.704973209901    0.46862866462    0.540885756372    1    2.67129707336    0.630783163513    
0.92316240746    0.0660797919651    0.156445972884    1    1.4375770092    0.630783163513    
1.52391259841    -0.0278922150625    0.524218156506    1    1.36477088928    0.630783163513    
0.952340044101    -0.0168379298963    0.0547425876006    2    2.63855695724    0.630783163513    
0.823405610293    0.159547544862    0.245000919922    2    3.53525710106    0.630783163513    
0.767818617294    0.455343035865    0.573562332782    7    8.95026803017    0.630783163513    
1.12188907505    -0.0606059884848    0.137735543449    1    1.40473198891    0.630783163513    
1.38207239837    -0.488708367686    0.585614587498    2    3.23518395424    0.630783163513    
1.1612176099    -0.0285778244307    0.164742968198    3    5.64384293556    0.630783163513    
1.39435242699    -0.413015316203    0.509945446197    2    3.80123806    0.630783163513    
1.03593682197    0.243053034403    0.265244579748    3    4.15420508385    0.630783163513    
0.462972528755    -0.069243480249    0.538352619109    1    1.36888694763    0.630783163513    
0.685687816576    -0.0646299162506    0.314686135597    1    2.00294709206    0.630783163513    
0.737846287351    0.267532965963    0.398976288918    1    1.36648607254    0.630783163513    
1.55155364209    0.0965001474529    0.564468292311    1    1.17870783806    0.630783163513    
0.58304887969    -0.326967436126    0.497756912377    2    3.28659319878    0.630783163513    
0.937696391964    0.30125955588    0.37513379653    2    3.9771668911    0.630783163513    
1.17366048767    -0.29577567512    0.334650865638    2    3.99106502533    0.630783163513    
0.985374346893    -0.407216684864    0.386762295394    1    2.09165406227    0.630783163513    
0.715029393095    0.24139963276    0.383602862092    1    1.2346830368    0.630783163513    
1.21343629453    0.271921737779    0.339131334788    1    1.69597792625    0.630783163513    
1.39524748905    0.157237108834    0.420626907742    2    3.79642510414    0.630783163513    
1.19214778277    0.156442803683    0.25999129926    1    1.94291591644    0.630783163513    
1.13438400428    -0.147780721397    0.189280127324    1    1.42360496521    0.630783163513    
1.11658836197    -0.674612238718    0.58554526313    2    2.73005008698    0.630783163513    
0.993516443239    0.0701668810936    0.112517005226    2    3.23183298111    0.630783163513    
0.949907610492    0.201282465388    0.29463220006    3    6.74014115334    0.630783163513    
0.780682519364    0.128119684689    0.286546426788    2    3.10677790642    0.630783163513    
0.772940652504    0.0168400248123    0.2279507408    10    14.9972300529    0.630783163513    
1.0824825859    0.177304407589    0.264625858394    1    1.24907493591    0.630783163513    
1.50571721609    -0.184898424016    0.512592518891    1    1.50619006157    0.630783163513    
0.781869416974    -0.0799622399567    0.217368997876    9    9.65631985664    0.630783163513    
1.0919828314    -0.316693989038    0.312964070713    2    1.17251205444    0.630783163513    
0.882137100285    -0.506911403593    0.425466241489    2    3.43158888817    0.630783163513    
0.581945436438    -0.028288489486    0.417354576884    5    7.11901903152    0.630783163513    
0.814367385888    -0.018560939415    0.185924299581    4    5.72684812546    0.630783163513    
1.19672662994    0.408032960356    0.486558993844    5    7.50539898872    0.630783163513    
1.11666213657    -0.248333358858    0.27176484066    4    6.18134498596    0.630783163513    
0.794924014093    -0.228634393767    0.301921339164    2    3.58032298088    0.630783163513    
1.555171707    0.0879576348966    0.576690191986    1    1.25255203247    0.630783163513    
1.18487331808    -0.350205966611    0.357670130906    1    1.57235813141    0.630783163513    
1.32152176402    0.491554100947    0.62389264469    1    1.54025602341    0.630783163513    
0.974026698029    -0.0943102289079    0.0937050269601    1    1.87673783302    0.630783163513    
0.852730919337    -0.614187184226    0.536124893912    1    1.54880094528    0.630783163513    
0.695573189355    0.317006958713    0.440454952054    3    4.86843514442    0.630783163513    
0.725248697762    0.456025752979    0.599571055511    2    2.88559579849    0.630783163513    
0.534125442898    -0.116229830337    0.469209464243    2    3.95715904236    0.630783163513    
1.42473582826    -0.269264274988    0.477155366096    4    7.15532183647    0.630783163513    
0.731380517629    -0.154888775086    0.314400173011    1    1.84562921524    0.630783163513    
1.29912156721    0.259863624036    0.385021605162    2    2.78913092613    0.630783163513    
1.12858204378    0.205551964126    0.236277617018    1    1.9061331749    0.630783163513    
0.468274003304    -0.0851741013678    0.531111694732    1    1.75726699829    0.630783163513    
0.815141307567    0.234156019676    0.25569224542    1    1.33922505379    0.630783163513    
0.762186688179    0.432953396383    0.529314301276    3    3.23154187202    0.630783163513    
1.06138628775    0.277579758999    0.344556447    4    6.46616005898    0.630783163513    
1.38182858125    0.274361678565    0.482209535592    3    3.92343497276    0.630783163513    
0.750609964294    -0.0704931585997    0.248884500172    1    0.690402984619    0.630783163513    
1.37335664263    -0.434589652052    0.517430786804    1    0.291390895844    0.630783163513    
1.14252039896    -0.193047946377    0.251923569681    3    1.08287787437    0.630783163513    
1.06330489603    -0.573693980682    0.559767242204    1    0.309046030045    0.630783163513    
0.660395586389    0.160618436275    0.381623775575    1    0.32685303688    0.630783163513    
0.677620563024    -0.426950876537    0.52415526367    1    1.19962382317    0.630783163513    
0.850972466044    -0.648603103723    0.623173965854    1    1.07311701775    0.630783163513    
