a    b    distance0    NDraws    time    dist_threshold1    
1.34108822888    -0.400116900141    0.547250602682    2    2.55673885345    0.686512740332    
1.18048399128    0.507393917667    0.518966506148    2    4.60648298264    0.686512740332    
0.695904418528    -0.123446592476    0.315546074374    1    2.09112286568    0.686512740332    
1.1374122919    -0.255019340535    0.283697141263    4    10.0217490196    0.686512740332    
1.0553098286    0.181929480121    0.184161751279    4    8.68764281273    0.686512740332    
1.31811379571    0.167586991929    0.349742236323    3    4.73350405693    0.686512740332    
0.716373952986    -0.402884836799    0.563769871189    1    1.69424080849    0.686512740332    
0.746517577511    -0.425313201962    0.497804065171    1    2.4053030014    0.686512740332    
1.02900319566    -0.315111300832    0.341870671526    1    2.40907001495    0.686512740332    
1.38021886317    0.431188243956    0.558242097602    5    11.5586819649    0.686512740332    
0.895724106634    -0.465042879054    0.458875196521    3    4.74462103844    0.686512740332    
0.779577000362    -0.561560971595    0.671667203819    1    2.59005403519    0.686512740332    
0.977033954302    0.00423571989732    0.0249717405363    1    2.30228900909    0.686512740332    
1.358518187    -0.512207549638    0.670433494669    2    3.71594977379    0.686512740332    
0.395990420758    -0.260012071604    0.656354646454    1    2.43986392021    0.686512740332    
0.938519766595    0.114988486188    0.141379497265    1    2.7028567791    0.686512740332    
1.5631584918    -0.317629814051    0.638441382287    1    3.75133800507    0.686512740332    
0.664682930663    -0.137538323234    0.364480770489    1    2.05811691284    0.686512740332    
0.919810198083    -0.141742081872    0.176609253546    2    1.63989686966    0.686512740332    
0.40037889574    -0.291584902962    0.682057488517    1    3.30279898643    0.686512740332    
0.409485669344    0.137991391562    0.60349841494    1    2.55275201797    0.686512740332    
1.53718515057    0.25107519538    0.575988896085    1    2.16958808899    0.686512740332    
1.49844779645    0.160679728955    0.512820234517    1    2.10689282417    0.686512740332    
0.419432855016    0.259281835596    0.623639677331    3    5.52075004578    0.686512740332    
1.5236770779    0.248021135742    0.568412263502    2    2.40302014351    0.686512740332    
1.54739205215    0.114113799741    0.563731195318    1    2.81246614456    0.686512740332    
0.730628809309    -0.00305618442191    0.273781046076    1    1.38478207588    0.686512740332    
0.886961077861    0.436848933164    0.430473203404    2    3.95302891731    0.686512740332    
0.936955677233    -0.419324194547    0.405520781117    3    5.83094501495    0.686512740332    
1.42376902251    -0.419166594241    0.610534254247    1    1.48057103157    0.686512740332    
1.06821380202    0.297669207397    0.297009165956    2    3.02517986298    0.686512740332    
0.523832203067    -0.251238803615    0.548653721359    3    6.89102101326    0.686512740332    
1.09060824024    -0.648080031585    0.653512687199    3    7.13068890572    0.686512740332    
1.07185653134    0.742122447786    0.680085401388    2    4.07457780838    0.686512740332    
1.59115683985    -0.0624864895783    0.596366558072    1    1.68669605255    0.686512740332    
1.24599222696    0.290419936363    0.364936609355    2    6.79252099991    0.686512740332    
0.580630529542    -0.238022905204    0.494460179802    2    3.66209602356    0.686512740332    
1.30572261354    0.464320987402    0.500425379841    5    13.1684401035    0.686512740332    
1.40345572245    -0.557461518562    0.674143064463    1    2.57968688011    0.686512740332    
0.820770692579    -0.509199139643    0.578945127086    1    1.50434184074    0.686512740332    
1.19309035798    -0.0634276502438    0.228219430217    1    1.36671996117    0.686512740332    
1.09031178277    -0.128176034214    0.165740454478    3    5.12411618233    0.686512740332    
0.699618741287    -0.640383388277    0.64381785119    2    7.05803513527    0.686512740332    
0.539871691361    0.404816010855    0.610960312516    3    8.15878295898    0.686512740332    
0.817050731318    0.0924050269562    0.201897250137    1    2.07722187042    0.686512740332    
1.38864264524    0.501553710908    0.592976041314    2    1.87308502197    0.686512740332    
1.03032619687    0.349768192739    0.310741691934    3    8.16652083397    0.686512740332    
0.845890165156    -0.09431044091    0.182726691882    1    2.47095298767    0.686512740332    
0.707987826966    -0.0809746372128    0.327388538711    1    1.76463294029    0.686512740332    
1.14896596898    0.0402529525262    0.148276280988    5    9.16730213165    0.686512740332    
1.5478861845    0.0522962340307    0.546449015758    1    1.54604101181    0.686512740332    
1.00705555106    -0.123595136509    0.157516414118    1    1.84545612335    0.686512740332    
1.29888995904    -0.465889917047    0.549586779894    2    5.68467402458    0.686512740332    
0.798330570574    -0.176540867389    0.256037214625    1    2.50849699974    0.686512740332    
0.435134682216    -0.0840658485055    0.573628069427    2    3.37107992172    0.686512740332    
0.939383131295    -0.386116295253    0.334340493099    3    5.64621496201    0.686512740332    
1.08445358315    0.345543126149    0.334997227709    3    6.29976701736    0.686512740332    
1.52826464031    0.166688763743    0.549489390307    1    1.36933088303    0.686512740332    
1.52841422669    -0.222060651168    0.554865037058    1    1.31382203102    0.686512740332    
0.878804200776    -0.284352321829    0.331381111667    2    7.38404393196    0.686512740332    
0.777387394421    0.496897415018    0.558050334586    1    1.40538191795    0.686512740332    
1.2208460666    -0.381256616181    0.414468014094    2    2.512830019    0.686512740332    
1.24927337228    -0.491459195524    0.543514220667    3    6.02309608459    0.686512740332    
0.707694728295    -0.172540243711    0.357012594293    3    9.7544529438    0.686512740332    
1.36789208144    -0.0170249748891    0.367533680454    5    13.9929699898    0.686512740332    
1.21113045205    -0.604761520643    0.61834656168    3    7.13031601906    0.686512740332    
0.775346267311    -0.0577089934534    0.230724280558    1    5.04525995255    0.686512740332    
0.837419608518    0.377603695522    0.374223972415    7    12.93602705    0.686512740332    
0.795250983528    -0.0595985056794    0.224026842845    3    3.14954996109    0.686512740332    
1.272321829    0.44354626755    0.491507500884    1    0.70861697197    0.686512740332    
0.991721666225    -0.293805738787    0.301130543992    1    1.65964198112    0.686512740332    
0.983811612411    0.634209024412    0.620633693225    3    4.53276181221    0.686512740332    
1.29662782717    0.449504621561    0.501040764771    7    20.2619359493    0.686512740332    
0.99584619544    0.372749330227    0.344849469058    2    3.32296895981    0.686512740332    
0.824812730802    0.597020230668    0.623353235924    1    1.31854510307    0.686512740332    
1.08926882134    0.0608927571281    0.0927968838063    2    5.02050113678    0.686512740332    
0.934731921051    0.402217044649    0.414588375446    5    8.07200908661    0.686512740332    
0.725578954919    -0.279397850569    0.395035902098    1    1.79855203629    0.686512740332    
1.19381043792    -0.1706771222    0.303416127877    1    1.77614593506    0.686512740332    
0.430523616007    -0.225399649114    0.647888355561    1    2.99276304245    0.686512740332    
1.55558769185    -0.190685095079    0.60056654626    2    2.58126187325    0.686512740332    
1.10313227083    0.328138589996    0.320244872733    1    1.19725084305    0.686512740332    
1.05774063806    0.0370381445108    0.0633145058236    3    9.15287613869    0.686512740332    
1.13931730097    0.0712938196014    0.139061691231    3    6.20404791832    0.686512740332    
1.20891812276    0.0913209500477    0.231343780689    1    2.01738190651    0.686512740332    
0.849126515173    -0.426613463228    0.408209341196    1    2.87229800224    0.686512740332    
0.988534922355    -0.374503062051    0.432243814231    2    4.17757892609    0.686512740332    
0.703939808372    -0.105788298768    0.30663008126    1    1.34542798996    0.686512740332    
0.59028444556    0.0041289650688    0.412210646085    4    7.88787698746    0.686512740332    
1.49429163055    -0.451641495966    0.650543041523    2    2.23935604095    0.686512740332    
0.951124769402    -0.0819293516247    0.0868720221605    1    1.0037920475    0.686512740332    
1.28233358887    -0.326768207821    0.460222251835    2    4.12835478783    0.686512740332    
1.08497241334    0.29963337944    0.22853337611    4    8.20339107513    0.686512740332    
1.54435748906    0.0114240140176    0.544594983701    2    3.43382811546    0.686512740332    
1.48326471168    0.412657706323    0.637544072841    6    4.60446405411    0.686512740332    
1.16327947113    -0.346860817988    0.392439085758    1    0.569304943085    0.686512740332    
0.913360016183    0.0641452459815    0.109681111483    1    0.450844049454    0.686512740332    
1.2084433952    -0.196821600301    0.328528411265    1    0.613929033279    0.686512740332    
1.10982947698    0.272901938172    0.234516146368    1    1.17911314964    0.686512740332    
1.06496696777    -0.265612419703    0.295834803568    1    1.12921500206    0.686512740332    
