0.0113506042015
0.0108867023401
0.0117380740275
0.00844251319887
0.0104329592074
0.0125727015936
0.0144413447163
0.010935748911
0.0103417454989
0.00932868101863
0.00956156413867
0.0134639581821
0.0093730240747
0.00786007574442
0.0085126778933
0.0118081168307
0.0104274030531
0.0130999927441
0.00833140843393
0.0121088053822
0.0121269860748
0.0146136675168
0.00814978636555
0.0078912471452
0.00812765843595
0.00929564107683
0.00815985961848
0.0109217425116
0.0138163815179
0.00788859520314
0.0118460993615
0.0102473926804
0.00939185143482
0.00881937199316
0.00962955755641
0.00985244001064
0.0086044340746
0.0115693518312
0.0102632121465
0.00906476050103
0.00990836167219
0.00781813019514
0.00842421608547
0.0110518147764
0.00845817127786
0.0106880308388
0.0130378017492
0.0127118022242
0.0145813099638
0.00811140308347
0.00976913290386
0.00774987450278
0.00925537078819
0.00809857695749
0.00889204109418
0.00903435608436
0.0107890075061
0.00934237669607
0.00779714626552
0.00792105279783
0.00801277090084
0.0121927554798
0.00779932154905
0.0108105974043
0.00803091097184
0.00945551012642
0.0130704991596
0.00858235375404
0.00876223841811
0.00993963320736
0.0081954586978
0.00792835268137
0.00820818712079
0.00894251808615
0.0102981915497
0.0109635402434
0.00905114250679
0.00824678378983
0.00846694108401
0.00962631302972
0.00954515139795
0.0131184869767
0.00927372418505
0.0111411537237
0.0115003272358
0.00783901567615
0.00786285559415
0.0117941641149
0.00918313868131
0.00806452885633
0.00926857367897
0.00951155091926
0.00984501815527
0.0122921938209
0.0134238757848
0.0110531103677
0.0117632941401
0.00875310940929
0.00817545959577
0.0112691322144
