0.00833357586216
0.0102960206676
0.0108517419971
0.00978523329659
0.0125805997382
0.00944107418049
0.0116640529026
0.0102738807925
0.0117535030567
0.00841979246457
0.0086093045741
0.00998799004362
0.00821600920923
0.0137257478741
0.0111361606407
0.0108822958668
0.0121694902207
0.0100845621944
0.00956872422763
0.00830358991689
0.0101323596094
0.0109091065552
0.00858161224569
0.00818080165487
0.0097468992697
0.00865977054404
0.00817145531223
0.0103411886612
0.0108568459321
0.0102881976349
0.0130002820513
0.0106885564778
0.00928033394247
0.00819936473501
0.00842713840868
0.011956876832
0.00942437264982
0.00966252812796
0.012120610356
0.00878315787635
0.00897139767526
0.0152170484973
0.00845306911264
0.0115545615793
0.011003263799
0.00889252984395
0.00809715980384
0.0121615888233
0.00904674824771
0.00917173154128
0.00815702171343
0.0132966975191
0.00872392269816
0.00914795541819
0.0111223705473
0.00822161195398
0.00874891761637
0.0080806713919
0.00843747377441
0.0101654702914
0.00868532926926
0.00988682328669
0.00847038822584
0.0113253036096
0.00817251959048
0.0109672336095
0.00879493623452
0.0117683951949
0.0115248946911
0.0106518901484
0.0104608343877
0.00871050569763
0.00904254957629
0.0124074022563
0.00822468682712
0.0127888834517
0.0132567470751
0.00804132901898
0.00835275412232
0.00967237501113
0.00918718252589
0.0122739423719
0.00809730383663
0.00916705831674
0.00915976254244
0.00882150164018
0.0102401539408
0.0110531660229
0.00821849621621
0.0081116981801
0.00937250812694
0.00883632805576
0.00948977819125
0.0114325108265
0.00918391105052
0.0112804471964
0.0108013930031
0.0124554585068
0.0081107770176
0.0133348206956
