0.0090762772162
0.00969305897922
0.0111242213074
0.00800870289243
0.00840432735728
0.0118829901997
0.00870501658721
0.0116289998927
0.00790347858016
0.00845916719446
0.0113300266273
0.0099975453318
0.00803247046784
0.0123379542294
0.00845016584355
0.0123898941103
0.00895051076192
0.00856177592338
0.00859526134459
0.00811925775669
0.0114565839107
0.0079118722489
0.00995496406623
0.00836234793292
0.0104274402671
0.00988549869468
0.0108943439436
0.00849109455872
0.00885679227033
0.0111785824014
0.00824708035427
0.00962344074407
0.0113373586197
0.0084953646834
0.00928344712732
0.00839978345755
0.00804188638869
0.0104230239577
0.0101125609829
0.0085308127745
0.0103101000531
0.0126254580824
0.00990346570649
0.00924823137371
0.0106151198951
0.00841972864051
0.0119373063831
0.0102697834064
0.012059647906
0.00807035731191
0.00942568140716
0.0101780340987
0.0129726521693
0.00896075880763
0.0117870047499
0.00810128622708
0.00825054537884
0.0118477794283
0.0142820750645
0.00983852743383
0.0110298595114
0.00863884129574
0.00992609237685
0.00928632989688
0.0141739722018
0.0086244374393
0.0118561535798
0.00870755048925
0.0122938383953
0.0110288873077
0.0080365775205
0.011002568566
0.00802585182307
0.00838205878879
0.00831805545042
0.00911907544796
0.0116897630109
0.00795633137458
0.00936428656767
0.00897925338318
0.0103341536972
0.017899008608
0.00819134209368
0.011932408998
0.0112176651779
0.00881594325018
0.0122055977672
0.0113898209619
0.0126767691453
0.0109816062501
0.0095392249493
0.0110183300217
0.0113018199755
0.00898859593968
0.0106613502367
0.00900867421495
0.00809984848368
0.0108420227636
0.00804321175473
0.00974389577152
