0.0102703522719
0.00862986857588
0.0144323992704
0.00847338596844
0.00782200987995
0.0115436351121
0.00798367651475
0.00835655205247
0.00906679614423
0.00923484722123
0.0105423274838
0.00901332486306
0.00909808869533
0.0107705688416
0.0113788185596
0.0112270734308
0.0124707938422
0.00994223968389
0.00939803201915
0.0116271371891
0.0100081159691
0.0119075902902
0.007743282254
0.00815578734368
0.0107826794544
0.0137432606235
0.00884042684049
0.0117753510809
0.0078999403408
0.00937850314877
0.00944026631869
0.00875310754886
0.0105654158842
0.00854830512274
0.00799495665843
0.0129694817087
0.0121691201052
0.00801429166345
0.00911081901801
0.00861683108277
0.0109446513353
0.00829974257566
0.0103320077014
0.00878372716077
0.0103600055168
0.0105897687818
0.010596778247
0.00988018716809
0.0109327800325
0.0091926594199
0.0105124697579
0.0133510359525
0.0117609285727
0.0105451958513
0.0086270576919
0.00800354840117
0.00991650677445
0.013086743379
0.0126696625061
0.0107735086645
0.00796195468065
0.00861482345243
0.00875174284574
0.0112088556402
0.00970467008951
0.00894561217272
0.0129534377897
0.00961567203148
0.00885117871097
0.00871697496554
0.0087635329617
0.00841514514966
0.00829702198338
0.00785466103904
0.0110128943243
0.00890995097988
0.0150205577571
0.00846025617665
0.00882241926639
0.0107697547513
0.0114051446161
0.00870076370636
0.010093885819
0.010910349554
0.00871891853609
0.0081811355866
0.0110162281157
0.00995314895135
0.00867174533912
0.0118943450632
0.0136330298033
0.00973599687892
0.0135405314203
0.0107068045887
0.00902080527433
0.00992391884315
0.00950769905743
0.00902931664034
0.00810509973404
0.00874159013673
