0.00807448075306
0.0122396424645
0.00748283527162
0.0084345307823
0.00752779246688
0.00778482539216
0.009403526631
0.00808075341333
0.00868111892426
0.00828600813618
0.0105032716069
0.00820231987283
0.00761393724263
0.0124835634394
0.00763823463022
0.0102448537472
0.0164416692789
0.00776083305133
0.00845051816338
0.011546135901
0.0100592546517
0.00827363630076
0.00919853631959
0.0138402675441
0.00850326025797
0.0101340115124
0.00862723534271
0.013002708379
0.00814365382108
0.00792384528053
0.0114381755003
0.0115053998031
0.00952699535955
0.00754693925009
0.00823156592522
0.00784930043666
0.00842773435067
0.00850058319355
0.00842485223144
0.00930069059859
0.00999001487029
0.0121680572294
0.0098686161832
0.00898412769979
0.00811386893473
0.00925489497387
0.0088311038049
0.00875976547726
0.0112285856688
0.00758609810573
0.00908810059319
0.0159277251565
0.00760630002485
0.0095564080471
0.0139452512529
0.0144303119154
0.0129708769645
0.0160746740565
0.00952944287652
0.0108549797135
0.00962125387893
0.0104732004972
0.00781509550119
0.00890257411013
0.0109347546605
0.0126987221415
0.00924614890802
0.00821608828643
0.00809865761873
0.0110294567418
0.00853867506519
0.00794621174155
0.00789691618198
0.0107076795527
0.00881519137453
0.0100933127704
0.0131091316478
0.00886389242048
0.00879149786749
0.00883609831878
0.0194012040266
0.0135062385221
0.00868976105548
0.00823801703928
0.00865822637359
0.0076401138527
0.00748091548738
0.0182589575521
0.0094791321011
0.0107531802272
0.0144437342969
0.00913393814369
0.0131274998504
0.00868192342863
0.0145825262749
0.00959863839088
0.0112896811083
0.0077710779021
0.0102304832744
0.00829149102988
