a    b    distance0    NDraws    time    dist_threshold1    
1.01569030472    0.0452016376134    0.0164552321678    2    2.33308887482    0.0991826603317    
0.974619379719    -0.133554036183    0.0848529522292    1    1.20708394051    0.0991826603317    
1.04888995149    -0.0452983468371    0.0797259024404    6    6.77301192284    0.0991826603317    
1.03575134002    0.0341318976289    0.0443885677971    2    2.84874391556    0.0991826603317    
1.08065521167    -0.0560113210998    0.0963371130021    2    2.7461810112    0.0991826603317    
0.937634879004    0.00385527368386    0.0967672400784    4    4.85277199745    0.0991826603317    
0.911588006474    -0.0529330552418    0.0959696867743    1    1.07629394531    0.0991826603317    
0.91670858344    -0.00904808872688    0.0910786965638    1    0.955690145493    0.0991826603317    
1.02672075865    0.0619390863705    0.0487648593022    2    2.65172886848    0.0991826603317    
1.04300045678    -0.0285829447941    0.0518705969419    1    1.09099197388    0.0991826603317    
0.956780239503    -0.019689689897    0.0433287703762    6    6.83677315712    0.0991826603317    
0.93984678362    0.00792234722128    0.0817002362664    1    0.924381971359    0.0991826603317    
1.01898975055    -0.11821154485    0.0860796690937    1    0.983036994934    0.0991826603317    
0.987965793904    -0.0843754065194    0.0129436362862    1    1.17079401016    0.0991826603317    
1.06986065095    -0.0515779286876    0.077760617185    5    6.64467406273    0.0991826603317    
1.02716491097    0.00470860276134    0.0310754865049    1    0.770603179932    0.0991826603317    
0.98886774793    -0.0300148916601    0.0299021915455    2    2.14002203941    0.0991826603317    
1.03267341993    0.0707526641722    0.09582671788    3    4.33847999573    0.0991826603317    
1.03970388736    -0.0108930847652    0.0401629810393    4    4.76601314545    0.0991826603317    
0.981738271357    -0.17133358411    0.0883771601682    1    1.02583909035    0.0991826603317    
0.963211559476    0.0688125534157    0.0966328548768    2    2.15647411346    0.0991826603317    
0.931785510414    -0.0184518068477    0.0821806003894    3    4.03855991364    0.0991826603317    
1.08096021946    -0.00138023936164    0.0815987852421    1    1.26084399223    0.0991826603317    
0.946257386487    -0.0145602943572    0.0936885392072    1    1.15298199654    0.0991826603317    
1.00986347731    -0.0240273883421    0.0294785154923    3    4.01944518089    0.0991826603317    
0.965806452746    -0.0972154251371    0.0381418037455    2    2.1758620739    0.0991826603317    
0.980840202787    -0.0453390434806    0.0317464774545    1    1.13040399551    0.0991826603317    
0.963168912818    -0.0420738718254    0.0400741969039    1    1.0860722065    0.0991826603317    
1.0700544278    -0.100345014967    0.0871115804756    2    2.70714306831    0.0991826603317    
1.07693544934    -0.0412137520046    0.080763457596    3    4.49078798294    0.0991826603317    
0.978157221115    -0.0126833868254    0.0676998725278    5    5.34819793701    0.0991826603317    
0.953298586936    -0.114854892912    0.0683426584695    4    5.09972691536    0.0991826603317    
1.04750571016    -0.0141225504502    0.049439601524    1    1.76882696152    0.0991826603317    
0.984142385461    0.0219213061606    0.0855445524092    3    3.39496397972    0.0991826603317    
1.06881370376    -0.103601662021    0.0836367263258    1    1.254529953    0.0991826603317    
1.05502554431    -0.0325285837951    0.054318705998    5    5.42649006844    0.0991826603317    
0.923618896803    -0.0947101568139    0.0838351459486    1    0.906691074371    0.0991826603317    
1.01607396813    -0.127543551988    0.0496834649738    7    7.24530100822    0.0991826603317    
0.938115212505    0.0523962934882    0.0977691321382    1    0.994295835495    0.0991826603317    
0.947779592877    -0.0329480141709    0.0674796204063    1    1.13211393356    0.0991826603317    
1.02506215597    -0.193662532989    0.084746546185    5    5.20245194435    0.0991826603317    
1.05862261225    0.0175719381198    0.0683360671156    3    3.46436214447    0.0991826603317    
0.983979998468    -0.091387521363    0.0370901949945    2    2.11769485474    0.0991826603317    
0.971400716305    0.0148200984789    0.0690554073404    1    1.33153104782    0.0991826603317    
0.921677721339    0.0103973357569    0.0811011485394    2    2.66096496582    0.0991826603317    
1.00345170928    -0.113248606273    0.0787791991631    1    1.07736301422    0.0991826603317    
0.987060407714    -0.113977666217    0.0424314205556    2    2.49755692482    0.0991826603317    
1.03642577344    0.0610728328119    0.0782448349123    1    1.193338871    0.0991826603317    
0.992214261646    0.0747893002291    0.0852612281524    1    1.76326584816    0.0991826603317    
0.954595844993    -0.0516246406422    0.0499763937436    4    4.66621780396    0.0991826603317    
0.962077323538    -0.0389340354137    0.0635343319309    2    2.51257014275    0.0991826603317    
0.934964428242    0.0436810842022    0.0917222069736    4    4.52848386765    0.0991826603317    
0.913503236807    -0.0232091845567    0.0892026594709    1    0.90291595459    0.0991826603317    
1.01016685534    -0.00769272163961    0.0341515974816    3    2.52166795731    0.0991826603317    
0.997781770675    -0.125639786681    0.0772222394658    1    0.952153205872    0.0991826603317    
1.00649202164    -0.0598612207472    0.0239011286112    1    1.23864984512    0.0991826603317    
0.943888453446    -0.0979155278971    0.081041112781    2    2.46714496613    0.0991826603317    
1.0020038463    0.0439036707505    0.0858158768901    1    1.02881884575    0.0991826603317    
0.938795087414    0.0172913779945    0.0872976028193    1    1.08531403542    0.0991826603317    
0.982389540991    -0.0326884472503    0.0320743017304    2    2.41103601456    0.0991826603317    
1.0662904961    -0.037284020762    0.0693355542506    4    4.3084359169    0.0991826603317    
1.00201843343    -0.0564821535091    0.0290154968894    3    3.81827998161    0.0991826603317    
1.03579679711    -0.0179448507523    0.0399441548469    1    0.962937116623    0.0991826603317    
0.976391738331    -0.00219731761145    0.053902786755    1    1.59016013145    0.0991826603317    
0.942133785653    -0.0660426992347    0.081217867164    2    2.42330098152    0.0991826603317    
1.01515300852    -0.00355403902289    0.0679798742332    1    1.0256998539    0.0991826603317    
0.937932445263    -0.0227298592278    0.0624719442539    1    1.65499901772    0.0991826603317    
0.988170221989    -0.0422828706458    0.0108656273899    1    1.2985701561    0.0991826603317    
0.94079900425    0.0527989361821    0.0650959988807    1    1.42565011978    0.0991826603317    
1.00784411793    0.0594440121855    0.0644902560222    3    4.42081403732    0.0991826603317    
0.920271607897    0.0149411620561    0.0951125951136    1    1.34422707558    0.0991826603317    
0.95149219994    -0.137777768112    0.0887626796592    1    1.08162093163    0.0991826603317    
1.0053936723    -0.0682213468975    0.0633730248431    3    3.81154489517    0.0991826603317    
0.96044351626    -0.0816518065903    0.0688843085308    1    0.882796049118    0.0991826603317    
1.02900434255    -0.0899208510428    0.0647247749655    3    3.79072403908    0.0991826603317    
1.01566525198    -0.114069542808    0.0612179955478    1    1.32630610466    0.0991826603317    
0.912737944417    0.0546069180233    0.0888401715795    1    1.55159592628    0.0991826603317    
1.05648353381    -0.0434331869329    0.0886311107459    1    1.16426491737    0.0991826603317    
1.02672508158    -0.0724242320055    0.0529874889135    3    3.65083289146    0.0991826603317    
1.01309761503    -0.0398538455152    0.0347326533053    1    1.07822108269    0.0991826603317    
0.974822001356    -0.0907856977222    0.0795680300929    1    1.00005102158    0.0991826603317    
0.934610745008    -0.0549930798226    0.066162661006    3    3.91058707237    0.0991826603317    
0.97356586755    -0.136333447879    0.0867390447766    4    5.2205491066    0.0991826603317    
0.994733590102    -0.115597547002    0.0304224830507    2    1.66561508179    0.0991826603317    
1.05566203961    -0.03608919705    0.0836244613981    1    1.33028197289    0.0991826603317    
1.01811659998    -0.047268730511    0.0201977104992    2    2.04620313644    0.0991826603317    
0.917097957633    -0.0713134439284    0.0860426487996    2    2.30670905113    0.0991826603317    
1.0156884688    -0.0192195748618    0.0555933573334    2    1.10139894485    0.0991826603317    
1.06933793483    -0.0714712666891    0.076788020536    1    0.396269083023    0.0991826603317    
0.985104451342    -0.0785440125762    0.024336246371    6    2.14826703072    0.0991826603317    
1.02404676781    -0.121150191749    0.0492128398377    1    0.372133016586    0.0991826603317    
0.934435955293    -0.0681565963008    0.0658341832411    1    1.36299490929    0.0991826603317    
1.07229858663    -0.0364918896881    0.0773489552434    1    1.1973221302    0.0991826603317    
0.99521537837    0.0159586242174    0.0939322056355    4    2.8866341114    0.0991826603317    
0.924119380619    -0.042381996551    0.0750178688965    6    2.45387506485    0.0991826603317    
0.969463260793    -0.00886245653428    0.036153450493    5    0.887292861938    0.0991826603317    
0.990596983613    -0.0109959039585    0.0291062140824    1    0.183126926422    0.0991826603317    
1.02009555467    -0.0774813225829    0.0323085421401    5    0.920390844345    0.0991826603317    
1.03269173469    0.0224756311765    0.0717858548999    1    1.44563102722    0.0991826603317    
1.03355296569    -0.0369380936175    0.0511078577982    1    1.20016217232    0.0991826603317    
