a    b    distance0    NDraws    time    dist_threshold1    
1.04794121393    -0.00263063475704    0.0650848706387    3    2.44666099548    0.0848050695093    
1.00285291277    -0.0266228991766    0.0443427773047    4    4.20910692215    0.0848050695093    
0.964988961798    -0.0540985001293    0.0360425125329    3    3.20029091835    0.0848050695093    
0.950659771959    -0.109423761954    0.0737975229208    2    2.17143106461    0.0848050695093    
0.941357221347    -0.0464483167693    0.0585837444865    1    1.28459596634    0.0848050695093    
0.97215525021    -0.0975798119005    0.0787526997162    2    1.84830093384    0.0848050695093    
0.951303744149    -0.0690340816426    0.0471500988083    1    1.09395909309    0.0848050695093    
1.01519949439    -0.11887512314    0.0755630427589    1    0.895813941956    0.0848050695093    
0.924854036702    0.0118605413597    0.0842969726931    1    0.886194944382    0.0848050695093    
1.0200246028    -0.0601899078519    0.0469047438132    7    6.33201384544    0.0848050695093    
1.02103818429    -0.014057332683    0.0454191710211    1    1.27127194405    0.0848050695093    
1.03279924682    0.0739531119706    0.046952531507    2    2.36712598801    0.0848050695093    
1.03767516479    -0.0666966978161    0.0555705913689    5    6.54194617271    0.0848050695093    
0.978034011534    0.0204504576171    0.0271153597297    1    1.26538801193    0.0848050695093    
1.07258709222    0.0174522703502    0.080117826345    2    1.816010952    0.0848050695093    
0.966296733602    -0.0820356062143    0.06387787763    2    2.07305502892    0.0848050695093    
0.933371066974    -0.0450962745388    0.0727000187556    1    1.0521838665    0.0848050695093    
0.986820849563    -0.114524425597    0.050248381656    1    1.11733412743    0.0848050695093    
0.92234089331    0.000441003163489    0.0771377083203    7    7.63721489906    0.0848050695093    
0.922048113665    -0.0557067078133    0.0771176571758    9    11.748100996    0.0848050695093    
1.00183527439    -0.0158232386131    0.0626944541969    2    2.78100705147    0.0848050695093    
1.02306940417    -0.0461926147262    0.0392650353886    2    1.94400310516    0.0848050695093    
1.04787734185    0.0146590941186    0.0522047342241    1    1.0448038578    0.0848050695093    
0.942032235514    -0.0480488311188    0.0589102852282    1    0.937541007996    0.0848050695093    
1.05820425114    0.00707103087492    0.0676820217156    1    1.01244497299    0.0848050695093    
0.999224016326    -0.00646694925557    0.011174045615    2    1.95942592621    0.0848050695093    
0.977573305792    -0.078671942889    0.0382165644726    1    0.864034175873    0.0848050695093    
1.00934541045    -0.0190813249455    0.0192366700418    6    6.39188098907    0.0848050695093    
0.948403480282    -0.0963983397631    0.054946822631    2    2.32107686996    0.0848050695093    
1.03879746461    -0.0678507809915    0.0509028274394    2    2.61209392548    0.0848050695093    
0.981173129671    -0.0510032899092    0.0614532416338    3    4.45404720306    0.0848050695093    
1.00056195338    0.00441981932376    0.0407596706881    1    1.64078783989    0.0848050695093    
0.997273443608    -0.0394536310254    0.0298303992037    3    3.61776304245    0.0848050695093    
1.02187447638    -0.047482068836    0.0413887976562    2    2.03851509094    0.0848050695093    
0.968655762002    -0.0417311176476    0.0449815613094    1    1.3244240284    0.0848050695093    
0.950804105369    -0.0203574743515    0.0530370359255    2    2.37381386757    0.0848050695093    
0.95658706685    -0.112428305753    0.07749710249    1    1.14265489578    0.0848050695093    
0.98223998218    -0.114525994068    0.0174708853077    9    13.4856770039    0.0848050695093    
0.973493017728    -0.0237473090489    0.0279852192963    1    1.16455507278    0.0848050695093    
1.02992859528    -0.146235585633    0.0742454807728    1    1.28124594688    0.0848050695093    
0.978786599878    -0.108615419096    0.0632796967681    4    4.7900531292    0.0848050695093    
1.07586741541    -0.109834136323    0.078977943949    7    13.2228438854    0.0848050695093    
0.95785888208    -0.0191663025772    0.0503284292412    1    1.15115094185    0.0848050695093    
0.95053438519    0.0149271450354    0.0527427533072    1    1.16395902634    0.0848050695093    
1.0454878174    -0.02099225344    0.0573730837957    3    3.63849592209    0.0848050695093    
0.960896000839    -0.0390993077256    0.0392022085659    4    5.29914283752    0.0848050695093    
0.96582902224    -0.0608016070187    0.033548710745    2    2.36728310585    0.0848050695093    
0.967764804055    -0.0477076047249    0.0407534371269    1    1.46220302582    0.0848050695093    
0.931515116717    0.00337969270909    0.0692498899431    5    6.74416518211    0.0848050695093    
1.04522502743    -0.0392310309364    0.0457718932912    5    5.57088899612    0.0848050695093    
1.02786607346    -0.0210490589081    0.0621709292483    1    1.2844979763    0.0848050695093    
0.951757627138    0.00420136556251    0.0777539504408    2    2.40485906601    0.0848050695093    
0.989655915484    0.0597817337931    0.0404179868585    4    4.47337698936    0.0848050695093    
1.0487627435    -0.0119512660793    0.0709678909602    4    5.69904303551    0.0848050695093    
1.00216232171    -0.0401038500483    0.0594530106043    6    8.24136400223    0.0848050695093    
0.971841039895    -0.0231010041759    0.0280845267683    2    3.43359589577    0.0848050695093    
0.947108831161    0.0204435330157    0.052570804107    2    2.10465312004    0.0848050695093    
1.02641911835    -0.0824328815904    0.0649363996825    2    2.53979182243    0.0848050695093    
0.991818233964    -0.00021262397152    0.0739246167502    2    2.24430799484    0.0848050695093    
0.961926038511    0.0480305202671    0.0843464127568    2    2.20784091949    0.0848050695093    
1.00378798068    -0.190257721356    0.0808883636502    3    4.06307697296    0.0848050695093    
0.953343020229    0.00763331914166    0.0654220436152    2    2.81850099564    0.0848050695093    
0.995663632129    -0.0723593975691    0.0287218711465    1    1.35342597961    0.0848050695093    
1.07688986707    0.0125290396979    0.0802596860041    3    3.98551297188    0.0848050695093    
1.05204935356    -0.111545430161    0.0676560111291    2    2.69671916962    0.0848050695093    
0.983962739819    -0.132660152858    0.0508024933314    3    3.56410288811    0.0848050695093    
0.93216576423    0.0161293542035    0.0705564299854    5    6.84582400322    0.0848050695093    
1.07694940747    -0.0205707184417    0.0799486208653    6    7.67072796822    0.0848050695093    
1.02100081132    0.00211517046537    0.0221808093838    3    4.26968193054    0.0848050695093    
1.0327980993    -0.0497846650197    0.0446811644412    3    5.1394701004    0.0848050695093    
0.943161674174    -0.0822174102283    0.0764073670131    1    1.20099782944    0.0848050695093    
1.02729872736    -0.0747552706858    0.0354033519974    1    1.24608397484    0.0848050695093    
0.980979591452    -0.0828052994821    0.0725648775324    2    2.12398791313    0.0848050695093    
1.04106910315    -0.100252768431    0.0570756781886    1    1.41492509842    0.0848050695093    
0.977870301392    -0.0887764062717    0.0814064266678    5    6.43659377098    0.0848050695093    
0.999213008928    0.0598253326848    0.0610479421097    1    1.24912595749    0.0848050695093    
1.03222436873    -0.129180680709    0.0710815179781    1    1.75017809868    0.0848050695093    
0.936230409028    -0.139544830329    0.075587573156    1    1.84342885017    0.0848050695093    
0.974258122839    -0.0830485115587    0.0309840762913    2    3.19430398941    0.0848050695093    
1.00819172593    -0.10670422214    0.034992474484    1    1.4669418335    0.0848050695093    
0.934236665479    0.0509935059142    0.0819186440873    1    1.4407119751    0.0848050695093    
0.953039440038    -0.062162613982    0.0539855170809    2    2.95458817482    0.0848050695093    
0.937758035278    0.0336560108067    0.0762993133514    2    2.67199206352    0.0848050695093    
0.998643842164    -0.0323938169379    0.0156430472671    3    4.21415400505    0.0848050695093    
0.943695378813    -0.0776043512864    0.0785127352966    2    3.303565979    0.0848050695093    
0.989194678314    -0.0638210788596    0.0413242229071    3    5.76395893097    0.0848050695093    
1.00820121704    -0.0820836973597    0.0522798888872    2    3.60409402847    0.0848050695093    
0.935084285724    -0.0714397983492    0.0679039183229    4    5.16531205177    0.0848050695093    
0.973147857309    -0.0711107335051    0.0596072384671    1    0.681457996368    0.0848050695093    
0.924094500304    -0.0504098495124    0.0806941461994    2    1.35268211365    0.0848050695093    
1.05251686668    -0.0688827975738    0.0639633226738    1    0.963797092438    0.0848050695093    
1.07040134704    -0.0857188647122    0.081295349578    2    3.49487304688    0.0848050695093    
0.967102184017    0.0563507943908    0.0402701395776    1    1.47637009621    0.0848050695093    
1.03904363415    -0.103253636786    0.0641242483476    2    2.69144082069    0.0848050695093    
0.965257921893    -0.0354141710713    0.0527239346558    6    5.71659302711    0.0848050695093    
0.962954424755    0.000632835600249    0.0384181266589    1    0.702061891556    0.0848050695093    
0.946475781522    0.0157151928914    0.0785662553002    3    1.65961503983    0.0848050695093    
1.01677134019    0.0187110969722    0.0460679384704    6    1.64158320427    0.0848050695093    
0.957868184155    -0.0278914300038    0.0422821167318    1    1.78674602509    0.0848050695093    
0.940838395102    -0.0124946724742    0.0806833234579    2    2.90850901604    0.0848050695093    
