0.0113398047696
0.0140785556791
0.00811537746944
0.00919778937052
0.00989728547766
0.00974728194826
0.00994677461063
0.00768529212561
0.00910029464338
0.00771738586614
0.0109903962951
0.0138524533762
0.00889508629191
0.00933603701048
0.0148014613223
0.00888975474917
0.00812633974356
0.0101656917782
0.0109269162236
0.0142357296999
0.00989657141016
0.0186664507435
0.00862868845836
0.00970051838123
0.0104279832345
0.00758517006212
0.0103518520173
0.010067566371
0.0081866209049
0.00776715410166
0.00760409745624
0.00767689350486
0.0139301928708
0.0102855156806
0.0129737618424
0.00810971962081
0.00923735286025
0.00906309716644
0.0120894278315
0.00972156720476
0.012957976078
0.0148814306237
0.00906308283835
0.00894956937102
0.00874303315611
0.0117638112195
0.00843912859259
0.00784593953336
0.00752152538741
0.0130821792948
0.0100459943044
0.00768195347533
0.0102625351763
0.0106054212758
0.0101597437916
0.0102419894499
0.0101905102422
0.00930607306749
0.0113634483493
0.00973408613729
0.0113504596543
0.0118776702859
0.00815940725338
0.00820889839019
0.012253041095
0.00965887794228
0.0117662363751
0.0110703001702
0.00949583222443
0.0112028759587
0.00841501847649
0.00751505846151
0.0108144316624
0.00837219813906
0.00965091082885
0.00845536498185
0.0132537983719
0.0104069588916
0.00825629184751
0.0108823676584
0.00843160990022
0.0112555839063
0.0113884313168
0.00841691509044
0.0100254316747
0.00948945472574
0.00920244905749
0.0088056431757
0.00869381744826
0.00830174799304
0.00952084302042
0.00764980646824
0.00898432005442
0.00886868958732
0.00824943698989
0.00758126822612
0.00876525036219
0.00908284939566
0.00971311753339
0.0146519938658
