a    b    distance0    NDraws    time    dist_threshold1    
0.847970289902    -0.121543208986    0.171832042648    1    1.14294791222    0.233155266585    
0.948718048378    0.115069031662    0.128292933031    1    1.41792607307    0.233155266585    
1.09476147029    -0.0115795639552    0.0952916029079    1    1.84274291992    0.233155266585    
0.984303004797    0.0163135110443    0.0274509884973    1    1.25441384315    0.233155266585    
1.10806930379    -0.025256245859    0.106903589743    2    2.31616210938    0.233155266585    
1.21082971903    0.00868796913583    0.210506804436    5    6.77057218552    0.233155266585    
1.16504173201    -0.0202510314707    0.167512777747    1    0.83803486824    0.233155266585    
0.955611622267    -0.00979289910285    0.0434601927204    2    2.0738799572    0.233155266585    
0.768987903125    -0.0434923594776    0.231672563837    1    1.01098799706    0.233155266585    
1.12085779093    0.118835277791    0.209504203799    1    0.852979898453    0.233155266585    
0.991004456221    0.136691757031    0.209441182812    6    6.33377480507    0.233155266585    
1.17661959223    -0.159708722403    0.229518550127    1    0.998379945755    0.233155266585    
1.05273384606    0.0296951347364    0.052790339059    1    0.953423976898    0.233155266585    
0.907362915048    -0.0613649364624    0.0931836502793    1    1.05511689186    0.233155266585    
0.89473975275    0.0245720508741    0.119209920531    1    0.948537111282    0.233155266585    
1.20997361659    0.0155397742481    0.22744057153    1    1.5033159256    0.233155266585    
0.860919494721    -0.0518118530555    0.140732179528    2    2.75211787224    0.233155266585    
1.10540982319    0.0679166737074    0.143749713881    6    6.66197896004    0.233155266585    
0.815147695208    -0.210121862893    0.227152783706    5    5.41472506523    0.233155266585    
0.931889127615    -0.23698510054    0.206883225034    5    4.85770797729    0.233155266585    
1.03016809736    -0.198885621082    0.126664917344    1    0.981798887253    0.233155266585    
1.17961978003    -0.00611944165198    0.188844388074    1    0.733209133148    0.233155266585    
1.13271370811    0.0547158200125    0.155506681359    1    1.11993002892    0.233155266585    
1.2032762202    -0.0517237357295    0.203380401827    4    4.24182200432    0.233155266585    
0.849546455706    0.0515223643183    0.160892041174    2    1.6420211792    0.233155266585    
1.09679751417    -0.104828026807    0.13519450143    2    1.65792012215    0.233155266585    
0.96435218165    0.0877141176091    0.0806382262425    2    1.98547410965    0.233155266585    
1.10099402952    0.16351038752    0.208010656752    1    1.22772192955    0.233155266585    
1.17696016731    -0.00872867165793    0.178688519777    1    1.11148500443    0.233155266585    
1.16887736704    0.0155922795578    0.184733809703    1    1.08836579323    0.233155266585    
0.847500843223    -0.111296331862    0.171684101775    1    1.16657710075    0.233155266585    
1.02151559345    0.154230199827    0.221063128778    3    3.6609351635    0.233155266585    
1.14596947497    -0.18772649475    0.198026288139    1    1.45603299141    0.233155266585    
0.852119782117    0.198537564454    0.219782552704    3    3.5831360817    0.233155266585    
1.14220047234    0.0537360822913    0.16825785331    1    1.10222005844    0.233155266585    
0.905842495439    -0.187409482006    0.131461376899    1    1.15719604492    0.233155266585    
0.861591067757    0.067335920337    0.1862411672    2    2.08195018768    0.233155266585    
0.93713795301    0.163835544867    0.170552587568    1    0.997101068497    0.233155266585    
1.06271499152    -0.18316666373    0.18613543344    1    1.3643860817    0.233155266585    
0.995350929244    -0.131837049953    0.0325975205503    2    1.83886194229    0.233155266585    
1.05953501329    0.0552307126292    0.0912437624977    1    0.848259925842    0.233155266585    
1.03027881156    -0.198909354251    0.177620055196    7    5.95795798302    0.233155266585    
1.02598039531    -0.0727460698922    0.0357920006735    1    1.32536792755    0.233155266585    
0.989376644128    -0.0660970820353    0.012580064208    1    1.0193002224    0.233155266585    
1.11337263506    -0.125698176281    0.136431034879    3    2.43470907211    0.233155266585    
0.874719053101    -0.0534163532031    0.137044839891    3    3.04598498344    0.233155266585    
1.10723776413    -0.201774621212    0.213414814316    5    5.06689882278    0.233155266585    
1.05351041808    -0.217574466164    0.172727097052    1    1.15286421776    0.233155266585    
0.842650840372    -0.0279853748968    0.162350553608    2    1.72740316391    0.233155266585    
1.17082497468    -0.00331800364021    0.172351698774    1    0.983700990677    0.233155266585    
0.947006457999    -0.0822993637044    0.113976922432    4    4.19659495354    0.233155266585    
1.06872977369    -0.10981736811    0.106708301246    1    1.09130716324    0.233155266585    
0.992214178836    -0.210903672084    0.125063515451    3    3.00046396255    0.233155266585    
0.767565044006    -0.0381293115163    0.232172620761    1    0.932660102844    0.233155266585    
0.910880016636    -0.0539303770654    0.0908093847208    1    1.27939605713    0.233155266585    
0.950230441305    -0.0329930356643    0.0572816283419    4    5.1490790844    0.233155266585    
1.14940026577    0.029800755232    0.180917936015    1    1.07294607162    0.233155266585    
1.16956561191    -0.0583691555227    0.174277044855    2    1.87649106979    0.233155266585    
0.902079440295    0.093298236356    0.136464836383    5    6.69446611404    0.233155266585    
0.844959193104    -0.081042843704    0.169800119736    2    2.46240091324    0.233155266585    
1.21065618631    -0.0387312334189    0.210296169214    1    0.824585914612    0.233155266585    
0.926501882023    0.0277080171573    0.0901586614235    1    1.16413211823    0.233155266585    
1.1527430954    0.00635731314666    0.153756655454    1    0.96924495697    0.233155266585    
0.851822512489    0.20042097027    0.230476679139    1    1.02699518204    0.233155266585    
0.94652480426    0.137623063538    0.182814148128    1    1.09162306786    0.233155266585    
0.970417521093    0.0895316277637    0.099581135441    2    1.86054706573    0.233155266585    
0.88936078139    0.021698908902    0.159549219766    1    0.9005382061    0.233155266585    
0.960360575603    -0.0768932082704    0.0958705312202    3    2.80916213989    0.233155266585    
1.03962339453    -0.196243254585    0.172270406332    4    4.36396789551    0.233155266585    
1.04864943874    -0.0605082971425    0.0553555422719    2    2.08440208435    0.233155266585    
0.940930666311    -0.0380227873443    0.0826878428323    4    4.36056113243    0.233155266585    
1.15180088962    0.150270033159    0.213225812047    1    0.97914814949    0.233155266585    
1.09561422442    -0.223376023247    0.167865948137    1    0.994678020477    0.233155266585    
1.02879000729    -0.072489866519    0.0663228291686    1    0.965750932693    0.233155266585    
1.07613041108    0.0581392393666    0.0913082546381    1    0.893102884293    0.233155266585    
1.06062196682    -0.088161103333    0.0607438854717    2    2.40982317924    0.233155266585    
1.04136784936    0.0339990343956    0.0715117811524    1    1.4033010006    0.233155266585    
0.877681184294    -0.0241941610889    0.122149695504    1    1.26445913315    0.233155266585    
1.01343308221    0.0809107052626    0.0722999894053    4    3.80608296394    0.233155266585    
1.10721011321    0.191054454681    0.215081072093    1    1.20694804192    0.233155266585    
1.08877638824    0.0617059650954    0.150501186919    4    3.43057012558    0.233155266585    
0.933475675771    -0.0174041894555    0.112572509781    2    1.8719830513    0.233155266585    
0.853395727416    0.0159823830137    0.161619190429    2    1.48072814941    0.233155266585    
0.976091184609    0.109142603355    0.15230361823    1    0.937890052795    0.233155266585    
1.12096175959    -0.168904646204    0.172258002684    3    3.4578192234    0.233155266585    
0.931524224741    -0.00202715507254    0.0859699065066    3    3.28382110596    0.233155266585    
1.13235498742    -0.0830845330146    0.144614621666    1    0.787444829941    0.233155266585    
0.977619619301    -0.176303349344    0.134047649529    8    6.24800491333    0.233155266585    
1.10567014405    -0.0454241912024    0.128891234186    2    0.828638076782    0.233155266585    
1.04713923186    -0.164910972497    0.198787948489    3    1.03305697441    0.233155266585    
1.17665737972    0.0836445875961    0.19960691165    1    0.367522001266    0.233155266585    
1.04731357507    -0.0665597343282    0.091226957304    2    2.39461779594    0.233155266585    
0.985299061157    -0.00719170939482    0.0201158151607    1    1.26630496979    0.233155266585    
0.867798030362    0.0101848152153    0.14328188133    2    2.10889792442    0.233155266585    
1.00706522665    0.0441629577492    0.0859618827037    2    2.07611107826    0.233155266585    
0.881450738214    -0.140236668062    0.132632460351    6    4.8898499012    0.233155266585    
1.0149858116    -0.156308323035    0.201952564154    1    0.483906984329    0.233155266585    
1.09598704207    0.0402448244422    0.120415380342    3    1.2618200779    0.233155266585    
0.997067524173    -0.219202854671    0.227943947175    1    1.35236501694    0.233155266585    
0.812073984711    -0.0873816085193    0.20376770138    1    1.33958601952    0.233155266585    
