0.0092256127394
0.0120290142343
0.00940055720887
0.0119258727361
0.00845451112228
0.0102936114463
0.00864322646243
0.0109055811307
0.00884243533613
0.0089439922302
0.00963069915271
0.00900273619954
0.00965803812776
0.00951513307087
0.0110310142691
0.00843601187423
0.00882373766003
0.0128283240402
0.00937322223032
0.0115409830299
0.00974093973141
0.00892130258845
0.00843377857071
0.012676067599
0.00878480509821
0.00837813836238
0.00905735722909
0.00958406061327
0.0115348914854
0.0117545934412
0.00841045515387
0.00983327940381
0.0128260522618
0.0110886376154
0.0113984506197
0.00983894721456
0.00871712035514
0.0100385828804
0.00868175445259
0.0103082824761
0.00831918932419
0.00963765428922
0.00906737625168
0.00880136195243
0.00900892390841
0.00877476807337
0.0116897946503
0.0126814038538
0.0102131703137
0.0123801821997
0.00840689454437
0.0083623530123
0.0105529640919
0.00983209488354
0.0128583847656
0.00838802074477
0.00968928956228
0.00861919284817
0.0112069658122
0.00861776923323
0.0126096753469
0.0115834499035
0.0100946506415
0.00870634805339
0.0110116932541
0.00917558065241
0.00850727159673
0.0118540844169
0.0125959512329
0.00825045884882
0.00933983668528
0.00933665846644
0.00937410196381
0.0111882680721
0.00905813116969
0.00876455928917
0.0101919295878
0.00917160441428
0.0123326185062
0.00892668988491
0.00945780289739
0.00935291402422
0.0119936611909
0.00955097593035
0.00983063821186
0.00950618301109
0.0118164674553
0.00938202121151
0.00867531627642
0.0107175893797
0.00881082576198
0.0105078917682
0.012912635594
0.0104920261398
0.0120350109514
0.00957217319447
0.00889290399254
0.0116056913419
0.00849502575552
0.00869911815578
