0.00780373430603
0.00819871997697
0.00794534916756
0.00987719765522
0.0100163667193
0.0080226798754
0.00791291609584
0.0101680026564
0.00856577228018
0.0155919728424
0.0140440587479
0.0121524127889
0.00879899869092
0.0089293002402
0.0126302248403
0.00877411130114
0.00873684166828
0.0081300487938
0.00955954442721
0.00855046158008
0.0112934103018
0.00903703705511
0.00849956663303
0.011401250005
0.00806263442839
0.00997242988133
0.00897612801049
0.00971803801323
0.00860808447849
0.00805851723164
0.0112959028329
0.0113370309788
0.00782885078943
0.0115858987083
0.00765483361315
0.00842031493413
0.0153582704546
0.00892340763736
0.0116878523065
0.00974065183697
0.009249294693
0.0090090472633
0.00861246743196
0.0107281282025
0.00840981632055
0.00834940732487
0.00845660271449
0.0123621944485
0.00941441686791
0.00862943508026
0.00965098558228
0.0154434595753
0.0131298125623
0.0134497810472
0.00982746181492
0.0116525930582
0.011159503342
0.0103304558957
0.00929357829681
0.00929003255802
0.0102070555571
0.00830570733805
0.010814050657
0.0153667862669
0.00959841820842
0.00769362578675
0.00920351560892
0.0107749846125
0.0133494577969
0.0116000132871
0.0101399121094
0.0110097192398
0.0141163943606
0.00851514185552
0.00907157086105
0.00955006767614
0.00944517782063
0.0127327636345
0.00892736980094
0.013817779246
0.00796265235654
0.00830228674776
0.00955697795778
0.010772034165
0.0101649958573
0.00846328792269
0.00823831431903
0.00827519964816
0.0109540973221
0.00840590024157
0.012627712521
0.00926230103227
0.00904035242108
0.00886106294043
0.00967128511649
0.0114808572517
0.00778959630962
0.00837241671877
0.00995984570795
0.00928201285371
