a    b    distance0    NDraws    time    dist_threshold1    
0.0855420315478    -0.516862545792    1.03873287206    1    1.88184285164    1.66967822616    
2.47924251287    0.550772002438    1.58216764832    1    1.50063800812    1.66967822616    
1.91628640431    0.484021067743    1.09125114067    2    2.79955291748    1.66967822616    
0.987551613157    0.304587600412    0.273874849043    3    3.2291238308    1.66967822616    
2.1006117377    0.411883503089    1.20184880933    3    4.10374093056    1.66967822616    
0.00830988318743    -0.0306051989278    0.99163787045    1    1.70530200005    1.66967822616    
0.588550197326    0.969381781502    1.07859219018    1    1.71520996094    1.66967822616    
0.589439021715    0.989955250099    1.10712262215    4    5.803855896    1.66967822616    
0.89569909203    -0.270491523597    0.233043803891    2    2.7961139679    1.66967822616    
0.0378423895061    0.294942225234    1.01270698357    3    4.41173505783    1.66967822616    
0.131237239589    1.26971811439    1.54978912663    4    5.58487796783    1.66967822616    
1.82648988794    -0.413649321651    0.894164853278    3    3.08698606491    1.66967822616    
1.66236072301    1.44627890479    1.53991792054    6    7.02379703522    1.66967822616    
0.989364855815    -1.33693312694    1.33567375824    1    1.22579884529    1.66967822616    
-0.181061602247    -0.630430687884    1.30118010232    1    0.997740030289    1.66967822616    
0.848886944692    -0.38117057563    0.348764618372    3    3.82249593735    1.66967822616    
1.74972029951    0.109205442456    0.757500502519    2    3.12357592583    1.66967822616    
-0.328011871709    0.0698758440755    1.33890392847    1    1.48934102058    1.66967822616    
1.9722670968    -1.01477048933    1.33173923257    4    7.4330868721    1.66967822616    
-0.110365279238    -0.39231627827    1.18376604118    1    1.10684084892    1.66967822616    
1.38542976274    -0.278287142719    0.452300457602    1    1.31608200073    1.66967822616    
0.995141395944    -0.778364198553    0.716570669634    2    2.42542695999    1.66967822616    
0.516059354016    -0.985484525746    1.07034838794    1    1.5030901432    1.66967822616    
2.43779778849    0.249482974291    1.46744241172    1    1.3989379406    1.66967822616    
1.37211730792    -1.03482616497    1.0587288696    2    4.08813405037    1.66967822616    
1.32234483209    -0.593899538558    0.681364554143    4    6.516518116    1.66967822616    
1.40971320996    -0.446146623579    0.551354165926    2    3.1892080307    1.66967822616    
-0.61448011651    0.292887942219    1.65872790363    1    1.63010191917    1.66967822616    
2.52568676602    -0.410093733384    1.57156998701    3    4.50582695007    1.66967822616    
0.887789288124    -0.554753068087    0.487008543854    1    1.43657898903    1.66967822616    
0.0786299068725    -0.486725903288    1.01930265153    2    2.33931803703    1.66967822616    
2.06132132233    -0.798644247447    1.29522640606    3    4.29068613052    1.66967822616    
-0.218959197053    1.05086200975    1.66017726024    1    1.38955807686    1.66967822616    
2.57347406968    0.104867496168    1.58492235197    1    1.42000484467    1.66967822616    
1.09689057747    0.430831451338    0.500958121589    1    1.1815598011    1.66967822616    
0.95307980659    0.96847644586    0.996819725969    1    0.861840963364    1.66967822616    
2.08852219615    -1.13339887904    1.53684873518    2    2.10331702232    1.66967822616    
1.1170670761    -0.397309562217    0.308174019861    2    2.37091183662    1.66967822616    
2.27886154906    0.555213132354    1.39375484695    1    1.09974598885    1.66967822616    
0.924598422649    -0.0318000029072    0.0831555453289    2    2.77506113052    1.66967822616    
2.23470368327    -0.373917464515    1.26684252826    2    2.77813816071    1.66967822616    
0.543747081922    -1.02743563729    1.09776278884    1    1.73081183434    1.66967822616    
0.0128804025037    0.179592387615    0.99494319187    1    1.44362807274    1.66967822616    
-0.360004427507    -0.937328550896    1.61638069234    2    2.11099600792    1.66967822616    
2.12269107397    -1.20224605243    1.59997855407    1    1.16057991982    1.66967822616    
0.654061067858    -1.04380343496    1.06783474818    5    6.28363490105    1.66967822616    
0.272105961911    0.00648753262667    0.728709545027    1    1.19239902496    1.66967822616    
1.86074781215    0.94178499292    1.25401884165    2    2.70328092575    1.66967822616    
2.14990559078    -0.990122112552    1.51905430583    1    1.30198907852    1.66967822616    
1.90769379897    0.31032438345    0.947303671425    1    0.958178043365    1.66967822616    
0.373785271667    0.836407942754    1.07018805154    1    1.34051609039    1.66967822616    
1.73541189923    -0.0143021186613    0.739669031855    3    3.96993803978    1.66967822616    
2.13483773791    -0.987002371727    1.44421636974    1    1.4640519619    1.66967822616    
0.505760947871    0.340844378801    0.654361296222    2    2.66233205795    1.66967822616    
0.0269042818113    -0.81931250905    1.24926888442    2    2.34971904755    1.66967822616    
0.469762094748    -0.0168502251477    0.539191033381    1    1.55612611771    1.66967822616    
2.29882356012    -0.703132419282    1.46464901003    3    5.42384195328    1.66967822616    
-0.257181233582    -0.10587833434    1.26133187812    2    3.38222408295    1.66967822616    
-0.0979295691567    0.30213078139    1.14728253968    2    3.45648097992    1.66967822616    
0.170923140459    -0.0797774911882    0.831621467186    1    0.998351812363    1.66967822616    
0.920451199816    -0.754020973588    0.750329910155    2    2.19975805283    1.66967822616    
1.90898504065    0.328200761379    0.998959361281    1    1.15641999245    1.66967822616    
0.110607909148    -0.948060014912    1.27561035026    1    1.16470384598    1.66967822616    
0.955847099641    -0.699211140207    0.644555024794    3    5.00019407272    1.66967822616    
-0.456983878631    0.626421444572    1.60443348004    1    1.70030593872    1.66967822616    
0.859502329878    -0.0564560545706    0.144945188035    1    1.48845505714    1.66967822616    
-0.0708788986287    0.933551085938    1.42571744476    3    4.98877811432    1.66967822616    
-0.244542937137    0.890754457398    1.56441003115    2    2.87644505501    1.66967822616    
0.31908401547    1.08917577828    1.41220955951    3    3.56137800217    1.66967822616    
2.08039713631    0.0636664806052    1.09037241006    1    1.25840783119    1.66967822616    
2.03761305695    -0.847385972704    1.29877909346    1    1.59661793709    1.66967822616    
0.897004901954    1.23528580347    1.24003232462    1    1.38673400879    1.66967822616    
1.73145757316    1.01533204835    1.32007075798    1    1.22719502449    1.66967822616    
2.34978579822    0.850753830976    1.58331630371    2    2.89244294167    1.66967822616    
1.21481293073    0.101679818199    0.249272881792    3    3.50282406807    1.66967822616    
0.259660471887    -0.951775036575    1.13229612762    1    0.952425956726    1.66967822616    
0.590143777533    -0.529594043659    0.663104595466    4    3.5470430851    1.66967822616    
0.86525530325    0.723373649062    0.797743614505    1    0.998887062073    1.66967822616    
1.65932237668    -0.483529890827    0.811460128418    3    3.04893994331    1.66967822616    
2.42090693352    0.724771366586    1.62444008234    1    1.27594995499    1.66967822616    
2.1703498952    0.732955472192    1.34572426573    3    3.20639395714    1.66967822616    
0.536094859897    0.554253098094    0.757807219134    3    3.56365895271    1.66967822616    
0.0109997397806    -0.300761529517    1.03163808354    4    4.3142220974    1.66967822616    
-0.102501496618    0.211173456295    1.14489007324    2    1.38976097107    1.66967822616    
1.06531614548    -0.582341467998    0.520485675901    1    1.04078507423    1.66967822616    
2.65338171059    0.123681449193    1.66175585925    1    1.32259488106    1.66967822616    
0.652608399265    0.366686918121    0.535015577569    3    3.58138203621    1.66967822616    
0.134280539904    0.0509097231006    0.868582088469    1    1.20153212547    1.66967822616    
0.0718613811803    1.13138839954    1.47880472157    2    2.36462211609    1.66967822616    
0.25812887048    1.2036917128    1.44977012413    1    0.769794940948    1.66967822616    
2.45051767529    0.065137103951    1.45277731114    1    0.970038890839    1.66967822616    
-0.486401527737    0.307540219701    1.519826431    2    2.40304493904    1.66967822616    
1.95424427156    0.261851102154    1.00391453999    3    3.91199398041    1.66967822616    
1.85695523104    -0.650083797943    1.0822495247    1    1.30406808853    1.66967822616    
-0.393199622044    0.381269405893    1.45708125138    2    1.90220689774    1.66967822616    
2.02695310371    -0.711186363796    1.22955814821    1    0.644758939743    1.66967822616    
2.55907309738    -0.368939250069    1.59916794662    2    0.555655956268    1.66967822616    
1.63934220908    1.37805792793    1.53628262075    2    0.541014909744    1.66967822616    
0.823220022348    -0.812088759523    0.78964440077    1    1.34543204308    1.66967822616    
1.0987085547    -1.73724408271    1.66668604765    3    4.5387198925    1.66967822616    
