0.0124288772292
0.00952807063081
0.00798749328376
0.00753469693729
0.0112177238808
0.00880934919346
0.0120394755629
0.00790091044456
0.013861013572
0.00864827370763
0.00798014841252
0.00787945691581
0.00746878286415
0.00858591748587
0.0079224622916
0.0104593898571
0.00866371480735
0.00893054906947
0.0108736621926
0.00755382716151
0.0136470052798
0.00745916107477
0.00994857680804
0.00890689355994
0.013611451524
0.0087998397049
0.00986727030256
0.00779339760204
0.0103233320666
0.00999017056452
0.010870690782
0.0117021599694
0.00857407620759
0.00745888486561
0.00963529155054
0.00924011533892
0.00765733449631
0.00746610751457
0.0112209015684
0.00997784092789
0.0119109142938
0.00775113446476
0.00812395231067
0.00774558706962
0.0104811981543
0.00797787094311
0.00853579447985
0.014276077169
0.0125177930686
0.00749141190047
0.0150864757155
0.00971534031469
0.0123359105665
0.0117895009778
0.00753210119678
0.00789191101828
0.0111106903987
0.00801712877314
0.00769041868666
0.00814605731528
0.0116158405618
0.0111662685357
0.0078801315817
0.0104925031527
0.0104302503883
0.0102397942041
0.00873811874594
0.0150184211686
0.00948081890881
0.00799199060444
0.00880252068465
0.00790609653317
0.0139599285146
0.00836596918143
0.0114766826545
0.00867603395424
0.00902102490921
0.00860047711325
0.0125638136345
0.010707829652
0.0116759321885
0.00838226036937
0.0075647105506
0.00837790008912
0.00950300237023
0.011262724471
0.0141785102601
0.010663179084
0.0110317198866
0.0103506452071
0.0100422321141
0.0112210920311
0.00914968524383
0.0108013853872
0.00809279093067
0.0141721417879
0.0147265147704
0.0159565355329
0.0110763934716
0.0120845635439
