0.00850831100519
0.00939528385637
0.00972249491881
0.0107548635244
0.0124838628687
0.0124463265537
0.0163909140214
0.0079956323799
0.0122199302406
0.00762234892895
0.00795761223447
0.00923041462749
0.0108797501123
0.00897766741105
0.00960985265785
0.0077317583542
0.0181278465167
0.0087561914212
0.00806370573613
0.0126390677483
0.00998365335308
0.00771038413575
0.00762982949147
0.0105111400067
0.00804365037949
0.00844929306474
0.0111834904927
0.0111121871233
0.0104152762557
0.0129625110408
0.0107948754052
0.0086563873743
0.0184689268607
0.00805958065012
0.00957468948081
0.0119963022711
0.00806085389704
0.00986959577103
0.0113477752449
0.00760292526018
0.00763133490543
0.00964974025215
0.00976140920675
0.00743076143757
0.00846188127227
0.00778876033347
0.0146960069384
0.0089634689982
0.00914861409374
0.0105843441539
0.00842991999631
0.00822573583673
0.0125101572012
0.00788187852361
0.0147126795363
0.0102284089532
0.0117446725657
0.00780784930693
0.00990410393438
0.00765976060674
0.00849746999235
0.00920334223544
0.0119646175715
0.0082358629901
0.00832909775493
0.00874211739983
0.012507988518
0.00876233331567
0.00842997285991
0.00814377300159
0.00892772328899
0.0124273912538
0.00902613396642
0.0131160060258
0.00761214349084
0.0113900434248
0.00905155155243
0.00976539465861
0.0108625567289
0.00870516049623
0.012340419689
0.0104739631058
0.00827417115991
0.0100338237196
0.0105137847804
0.0107994517225
0.00789128502646
0.0123092160675
0.0130323361852
0.012115733513
0.00784270036964
0.00781532532664
0.0079501210711
0.0116574784485
0.0125028345338
0.00947921594112
0.00891457460669
0.00806293274201
0.00784519012972
0.0112761106054
