0.0107163267751
0.00904379289646
0.00898710141297
0.00920457714916
0.0119122532904
0.00915812980555
0.0091334237618
0.0134294915025
0.016685015065
0.0143502874038
0.00843690985988
0.00865419841099
0.00842487354268
0.00872811668991
0.00824332505776
0.010029671931
0.00809809968322
0.00879512803091
0.00843282816808
0.0114569008001
0.0131534188414
0.0112742857032
0.0111734784363
0.00829635542375
0.00844597939978
0.00822760951472
0.00960554868084
0.00971784097552
0.00824198313501
0.0158578015884
0.00968917421849
0.0106485713317
0.0100688658827
0.011494794694
0.00840741694945
0.0157552432581
0.00861503681692
0.0104698937178
0.00806870975081
0.00871464455604
0.00872147945318
0.00841465044945
0.0114100127389
0.0093215837069
0.00884669245883
0.0132635109734
0.00832235025996
0.00879089098854
0.00921812364142
0.00816080627026
0.0133138305217
0.00982327920935
0.00973952144673
0.00953099241577
0.00863282441575
0.00830701118533
0.0132001323143
0.00899562221638
0.00806123961178
0.00843142245573
0.0103688148021
0.0151746714909
0.00858500075502
0.00805939902692
0.0082132282035
0.00903704392523
0.00826336755748
0.00898173692669
0.00816368724186
0.0087306172973
0.00848162890432
0.0110527278532
0.00921150539602
0.00973258944065
0.0110878317083
0.0104689920184
0.0134999717028
0.0137593868669
0.0108162828405
0.0123255319825
0.0102335310244
0.00848426341374
0.00880887192025
0.0112003626437
0.00980991267941
0.00868530040098
0.00870266464281
0.00862974310769
0.0105728446068
0.0101269832527
0.00928169948281
0.0100249269357
0.0145853507386
0.00797432897621
0.00849169942871
0.0102404441314
0.00825328235647
0.00884693898369
0.0111560503256
0.0115237041619
