a    b    distance0    NDraws    time    dist_threshold1    
1.03658453952    -1.41790562586    1.38109465663    1    1.39089512825    1.85544647107    
0.0966304966924    1.2997923307    1.61174230019    1    1.6411690712    1.85544647107    
0.730266374372    1.11360003882    1.13523844317    4    7.82572507858    1.85544647107    
1.78141313465    -1.24782913546    1.46890341675    2    3.43491697311    1.85544647107    
0.0964375767668    -0.529681076023    1.04828529724    1    2.11331510544    1.85544647107    
0.0598001712235    -1.33536733747    1.59779155526    1    1.80444002151    1.85544647107    
1.6260323217    -0.844502318197    1.05470281048    1    1.19176292419    1.85544647107    
0.0510515609878    -0.351730972284    0.999668056446    2    4.29596090317    1.85544647107    
2.41526567964    1.23784151781    1.84866757274    5    6.85407400131    1.85544647107    
2.4979358303    -0.805037466554    1.68868601455    1    1.08542585373    1.85544647107    
2.27944981064    -0.407170288494    1.33375062129    1    1.64855408669    1.85544647107    
-0.0253625697938    -1.55330242397    1.85301751216    4    6.67203998566    1.85544647107    
0.594060456726    0.749491953705    0.879029361061    5    6.0912630558    1.85544647107    
-0.0767754694352    -0.644485157862    1.2421864973    1    1.47180700302    1.85544647107    
1.42668308539    -1.20103929964    1.22245346095    1    1.28659701347    1.85544647107    
1.95451286828    1.41212218244    1.75718409627    1    1.15161013603    1.85544647107    
0.641877871616    1.28021206729    1.30523805919    2    2.38375997543    1.85544647107    
-0.44187855666    -1.14121534209    1.81255927391    2    2.80577588081    1.85544647107    
1.67185904245    -0.316268334002    0.749778349182    2    3.73091101646    1.85544647107    
0.355959507279    1.61317633803    1.72832136369    1    1.82560992241    1.85544647107    
0.865079221876    0.686457461475    0.708778090185    2    2.63483214378    1.85544647107    
-0.19078435513    -1.28943269099    1.73153382582    1    1.19605112076    1.85544647107    
0.84459589851    1.38263102494    1.40731063    2    2.76297903061    1.85544647107    
1.99174824984    1.02133851557    1.37988809118    1    1.34067583084    1.85544647107    
0.000672798674407    0.565972868938    1.16206140606    1    1.60431194305    1.85544647107    
1.67754299039    -1.65891305936    1.80054556951    1    1.24653601646    1.85544647107    
1.28796930693    0.82932606722    0.912777450864    2    2.04037904739    1.85544647107    
0.728303499589    -0.0402615097649    0.269629126444    1    1.14948487282    1.85544647107    
0.578922413266    1.67433578166    1.76632865287    5    5.03097510338    1.85544647107    
0.571132418244    -0.864831321375    0.917407138117    1    1.45683693886    1.85544647107    
0.480058924948    1.77878513253    1.81842047974    3    5.11882901192    1.85544647107    
-0.222487538868    -0.279979095933    1.24215588242    1    0.945625066757    1.85544647107    
2.40784991422    0.941515973693    1.68890197741    2    2.49096918106    1.85544647107    
-0.351264775525    0.149506193387    1.36203961878    1    1.12677788734    1.85544647107    
0.143161970585    -0.634914259603    1.02309077088    2    3.04964995384    1.85544647107    
1.92306551271    -0.914738245824    1.2598602142    1    1.27747392654    1.85544647107    
0.539725410983    -0.21650032808    0.477768026203    1    1.15494918823    1.85544647107    
2.18430340594    1.09623334612    1.65097862195    2    2.35049581528    1.85544647107    
0.0277699854184    -0.651518090882    1.15186009302    1    1.24494600296    1.85544647107    
0.873041212228    -0.603493637842    0.533679526151    3    3.67815518379    1.85544647107    
2.14403305666    -1.18528393741    1.64752083564    5    8.29008698463    1.85544647107    
2.32754881287    -0.84648744971    1.54240197895    4    3.99597716331    1.85544647107    
2.25274568097    0.393081814532    1.31740149359    1    1.13115406036    1.85544647107    
1.16231082543    1.01411430454    1.02112593417    1    1.98186397552    1.85544647107    
0.473426200787    0.267651210982    0.6085771768    9    10.8914899826    1.85544647107    
2.02211849155    -1.33464829077    1.65632737282    3    2.69775700569    1.85544647107    
0.315706494488    -0.330114370017    0.763769419553    1    0.962208986282    1.85544647107    
-0.391401374005    -0.589380108287    1.50454970464    1    1.12848997116    1.85544647107    
0.42576269718    -1.53553719532    1.59389347905    2    1.66527295113    1.85544647107    
2.31872074342    -0.0329767845632    1.31980136265    1    1.49292182922    1.85544647107    
0.162100629439    -0.390270236296    0.918833741917    3    4.14935803413    1.85544647107    
1.20753392499    -0.0217695120481    0.207202495239    5    5.53520703316    1.85544647107    
2.56708570705    0.645294069447    1.70001041274    1    1.25857305527    1.85544647107    
1.78992817968    0.341988668049    0.858807628403    2    2.60153412819    1.85544647107    
1.00658658609    1.35557355849    1.41531630287    1    1.14074707031    1.85544647107    
-0.833723761986    0.0102691827344    1.8346218238    1    1.01234292984    1.85544647107    
0.0697373643634    0.46777490109    1.02737778833    3    3.50759196281    1.85544647107    
0.0961333454915    -1.61334182915    1.84979669622    4    3.75038003922    1.85544647107    
-0.402304602576    -0.768484532065    1.59690515747    3    2.58907985687    1.85544647107    
1.12981721809    1.05025465452    1.09178759419    1    1.10757994652    1.85544647107    
0.589413497267    -1.55696141352    1.57046389083    1    1.13314795494    1.85544647107    
0.414797323343    1.01900083583    1.25515954167    3    3.05722594261    1.85544647107    
1.30062166827    -1.57188503589    1.64862063969    2    1.70250606537    1.85544647107    
2.15349168387    -0.64489612008    1.27295058532    3    3.16788816452    1.85544647107    
0.327066650498    0.551037864428    0.915721162907    1    0.781284093857    1.85544647107    
1.03507749139    0.612816567338    0.645629173064    1    0.942544937134    1.85544647107    
2.78023150521    0.394640005702    1.82214052064    2    2.31592488289    1.85544647107    
2.37889590046    0.121559736496    1.3846005007    2    1.98991918564    1.85544647107    
1.09436703602    0.033210306527    0.095948799031    1    0.937839031219    1.85544647107    
0.683674656125    1.67177757108    1.68721856118    2    1.74171185493    1.85544647107    
-0.625656399645    0.520977116693    1.70911670968    1    0.797380924225    1.85544647107    
1.73982840653    1.03630156698    1.28380395337    1    0.854724884033    1.85544647107    
1.14377145385    -0.646854917486    0.658631362929    1    0.807586193085    1.85544647107    
2.67967019686    -0.448273998712    1.72975808849    1    0.9181599617    1.85544647107    
2.12398882435    -0.0854977469229    1.1283629822    2    1.68802285194    1.85544647107    
0.71383747981    -1.00116522796    1.06349362601    3    3.44221901894    1.85544647107    
1.10095075913    -0.417764344907    0.458331405408    1    0.927958011627    1.85544647107    
0.211974869321    0.354568599794    0.863051516062    3    3.17154097557    1.85544647107    
-0.750964368511    -0.0530793032239    1.74877406531    6    6.82342195511    1.85544647107    
0.112626195692    0.757566000014    1.18571100199    1    0.648497104645    1.85544647107    
0.282274078665    -0.116699462658    0.71835221728    1    0.603261947632    1.85544647107    
-0.526920488236    -0.601531601467    1.63545395972    2    1.57306003571    1.85544647107    
-0.642573042179    -0.871071155117    1.82919417234    6    2.4565320015    1.85544647107    
1.70632254559    -0.215430407156    0.726426342629    3    0.967175006866    1.85544647107    
2.06785885057    0.759985320801    1.32081026892    3    3.23790502548    1.85544647107    
0.761488058323    -0.609673122273    0.689049834655    3    2.40460300446    1.85544647107    
-0.765723172995    -0.458109398809    1.83273251216    1    0.97688293457    1.85544647107    
1.89352855257    -1.52859213372    1.77264805371    1    0.872534990311    1.85544647107    
2.54082836574    -0.980117326083    1.83468876639    3    2.0978679657    1.85544647107    
-0.029254070692    -0.0555521695826    1.02756082056    1    0.59082198143    1.85544647107    
2.17339393937    -0.611557489414    1.33540849769    1    0.758989095688    1.85544647107    
2.23943014606    0.396020371703    1.31248242286    2    2.2621319294    1.85544647107    
0.145918097038    -0.128568201191    0.860962847218    2    2.48207402229    1.85544647107    
0.646421149054    -0.146271259382    0.379741642438    1    1.14104413986    1.85544647107    
0.7568155191    -1.61122412092    1.58100178039    2    1.6517188549    1.85544647107    
0.000302199566342    0.45689297244    1.12770333975    1    0.709689855576    1.85544647107    
-0.13149999683    0.741064357164    1.39956899473    2    1.57128500938    1.85544647107    
2.28238787494    -0.571427977778    1.3934144102    1    0.635704994202    1.85544647107    
0.703596212882    0.0745362992035    0.305538593087    1    1.06730103493    1.85544647107    
-0.18376135294    0.546891415042    1.31900604079    3    4.02465295792    1.85544647107    
