0.0113523531395
0.00784802228045
0.0087802639898
0.00878982180102
0.010148612932
0.00818150197757
0.0115277344178
0.00804079577355
0.00798314528155
0.011565124918
0.00888400708825
0.00875130001092
0.0104563957703
0.00990119026421
0.00823406679121
0.0153524551899
0.0099615513352
0.0095512132861
0.00880190401065
0.0112004286419
0.00784892446145
0.0098549290154
0.00905703716341
0.00937713620282
0.00836011285796
0.00899550515427
0.00815217246516
0.00814256516953
0.00983088281305
0.0127986105674
0.00776151695665
0.0150758790209
0.0105095621375
0.00911827839885
0.0101102333732
0.00773996285632
0.00847653971494
0.00916535717338
0.0093072733427
0.00980425562368
0.0100939265987
0.0159611893957
0.00904547249092
0.00972131248462
0.00842512921585
0.0123046028448
0.0122406182295
0.00793754271214
0.00881566650683
0.00878063122368
0.00951101529471
0.0115916696127
0.00802322849539
0.00801492142305
0.0105195299612
0.0083427139986
0.0136928416641
0.00932363789335
0.0274855352382
0.0113822269973
0.00797642404657
0.00888107472405
0.0110652757904
0.00816358928836
0.00785867416593
0.00981473914445
0.0139046435598
0.00968844547041
0.0080314173853
0.00855360291188
0.015575889304
0.00890135419572
0.0078275989888
0.00906590823093
0.0158009383434
0.00837557000886
0.0101777521043
0.00844847899232
0.0107078313052
0.00824523180354
0.00798757059575
0.00962198268478
0.00842797473889
0.00868059507855
0.0104667147301
0.0107508379271
0.00910756628875
0.00847936757774
0.0103309909602
0.00857024530638
0.0138267430623
0.0119952430955
0.010345837578
0.00773804678416
0.00914160825869
0.0145900431543
0.011490087031
0.0083782582749
0.00875429570361
0.00823951575542
