0.0101336794855
0.010116361594
0.00919845817899
0.00956815371094
0.0123147221845
0.0085915416797
0.00814061152476
0.00946208706403
0.00982304944284
0.00763429702603
0.0147333655744
0.0103315159969
0.00805171548498
0.0109695184622
0.00766168662203
0.00807685772494
0.00794770445594
0.0139346133277
0.00857537229688
0.00906349637803
0.0114947541926
0.00782471136806
0.00908569201461
0.00875336938021
0.00859635575438
0.0148955801206
0.0095052376858
0.00965261536295
0.00837305805732
0.00953873409949
0.00944287353439
0.0084024362223
0.00809021540253
0.0111584963854
0.0106905298243
0.00833976316838
0.00919999229776
0.0077514564846
0.0196968291597
0.0112485197718
0.00896740130275
0.00873480923615
0.00768697309243
0.00771249426029
0.00840081844047
0.00888722316213
0.00880656168982
0.0112447649263
0.00784062268118
0.00795302613176
0.00817544609398
0.0094307256387
0.00928109702473
0.0238816476926
0.0106365816788
0.00812675943666
0.00766138008833
0.0204722292792
0.0152190355363
0.00938718232089
0.00803185374608
0.00952316074926
0.00927073866945
0.00950183072288
0.00835383598926
0.00837522611202
0.00836668088071
0.00826985102889
0.0145697970219
0.00833503856842
0.0103643131909
0.0169400194105
0.00881797768492
0.00790920388939
0.00816492654239
0.00867263663139
0.00822664294757
0.00781300419044
0.00987710641842
0.00911371073305
0.0105359508116
0.00804427139925
0.00984014991268
0.00799629684248
0.010936350641
0.00943029759066
0.010056162264
0.00911976596572
0.00841686653814
0.0133524374914
0.0113666686992
0.0121728693226
0.0113660112182
0.00791144583489
0.00936542646679
0.0129052306628
0.0176910172547
0.00856617963356
0.00916181460558
0.00869042350088
