0.0133243529668
0.00846749444217
0.00946877031759
0.00949828747511
0.0109619500384
0.00813695535416
0.012354590441
0.00936629370536
0.0104058935635
0.0100642838741
0.0127583714414
0.00868979692212
0.0113921880035
0.00826426509448
0.0114549413482
0.00844635925104
0.00919931783177
0.00902704522862
0.0124501164693
0.0116374980568
0.00895214736724
0.0109924897334
0.00972579565571
0.0115272768274
0.00929012006239
0.012113266546
0.00881979888957
0.00850996908816
0.0104158643193
0.00796935610185
0.00825073210476
0.00857396408424
0.00903664118663
0.008382221794
0.0126511421536
0.00931948990028
0.0135709314162
0.00954645695269
0.00840432349435
0.0085064117042
0.0082393035297
0.00872906926338
0.0088699484134
0.00842574855143
0.00910894349691
0.0113697406675
0.0118354299115
0.0116602788705
0.00935873236368
0.00816189573421
0.0124394095931
0.0102848466844
0.00834149011029
0.0106080851127
0.00983685019918
0.0129153574509
0.00957376468539
0.00862465261717
0.00922676056334
0.00853989310794
0.00806150167805
0.00958317566108
0.013940978252
0.00839818680462
0.0109049138798
0.0109013239843
0.00983883393296
0.00951000631502
0.0116905848332
0.00836684975815
0.00838698976633
0.0128575164829
0.0117420815738
0.00827735064934
0.00797467798774
0.00913122411193
0.00946247613972
0.00963489988128
0.00846912970931
0.0108547537236
0.00933197379667
0.0104166292628
0.00850187944487
0.0130950367383
0.00834387336222
0.00868129730316
0.0115263489608
0.0122165998617
0.0106177445502
0.00860565649741
0.0118737134362
0.0094225023282
0.00854837456677
0.0100261924546
0.00856621746217
0.0106857129396
0.0151129277033
0.00921859369336
0.0091804103722
0.0119634880064
