0.00789689220884
0.00837282535573
0.0088589687553
0.00885432626321
0.0107701676348
0.00861111330027
0.0103305158451
0.0114755664621
0.0155713073371
0.00787855148453
0.0118766314309
0.00823119133641
0.0105285655259
0.00798723920155
0.00896408340648
0.0105801492722
0.00943749857902
0.00882447653675
0.00839901623702
0.00949756821057
0.00909213466723
0.008574329188
0.0114535941273
0.0110101177631
0.0105825118194
0.0096772603581
0.0110258365045
0.00784078266526
0.00986368663081
0.0117559693763
0.0112544469044
0.00991107938041
0.00890018649003
0.00829520203632
0.00904619060259
0.0120758923023
0.010731536924
0.00870639662356
0.0125650298082
0.0110769126637
0.0079238844256
0.00813709062591
0.0144730538468
0.00863544397254
0.00791140114082
0.00984747041192
0.00966192887887
0.0081135063562
0.0131087159384
0.00932713775052
0.00922582570915
0.0114972328757
0.0112350177817
0.0101113167379
0.0079120763956
0.00915532564862
0.00835044700678
0.00940534071627
0.0116787573822
0.0113175667255
0.0118555689015
0.00800538220593
0.0122906391627
0.00997324736765
0.00909082733078
0.00827682929565
0.0100419832581
0.00947896637853
0.00875153588085
0.00925625663419
0.00863347295181
0.0128296156655
0.00898754559523
0.00906984783805
0.0108039097946
0.00891771202528
0.00876723743472
0.00848659905156
0.0144428287136
0.0117216873321
0.00815701137592
0.0098741184215
0.00956920565407
0.00941757276616
0.0115944583092
0.0119974988583
0.00816417225139
0.00889385773312
0.00974955253149
0.00855506635328
0.00959326346085
0.00953160908415
0.0118454168159
0.0132629259886
0.0120510886435
0.0113697289017
0.00890889943209
0.00935548543154
0.0110471498249
0.0139659337978
