0.0130713242247
0.0137355583574
0.00880919397229
0.00815639200243
0.0153062282649
0.00859106683097
0.00901643803803
0.014385788328
0.00816322702461
0.00993725694118
0.00798068214236
0.0110957204272
0.00904506236758
0.00923691435195
0.0109099076637
0.0122244402799
0.0132207765494
0.00788739499852
0.00964192882069
0.00906573856688
0.00991699380113
0.0092718378799
0.0134539705361
0.00791852281066
0.00807060538287
0.0100438171008
0.00863695299013
0.0143556206598
0.0145137355074
0.0079599740048
0.00929199869419
0.00820634039515
0.00851086859804
0.00879464750237
0.00828012020643
0.00870071078202
0.00902717445076
0.00811891167442
0.00837947692248
0.0089159071575
0.00962730101314
0.00840740344931
0.00883212801364
0.0134743202849
0.01310863712
0.0102261530302
0.00780750988071
0.01034486049
0.00991476296597
0.00852982504789
0.0108853735121
0.0119998163993
0.00784100503206
0.0084048399656
0.00894652714703
0.00861535320672
0.0106876265721
0.00939934367599
0.0103769131645
0.0102382927499
0.00788903734498
0.00836456505728
0.00907051578149
0.0128698657092
0.00908969851478
0.00988778510697
0.00791575381253
0.00805772372615
0.0120186140203
0.0093257738799
0.0082539370702
0.0105949739308
0.00981255757165
0.0103085160036
0.0097609822589
0.00903625610415
0.00789999088627
0.0110951540264
0.00802487476366
0.00893242614925
0.0112904827339
0.00881685396127
0.0157056810798
0.0133454194919
0.011878407228
0.0106819238535
0.00949403656453
0.0106352912391
0.012503123849
0.00930479192702
0.0103617416317
0.010122238602
0.00872189984016
0.00994067360968
0.00791481391622
0.0104710833771
0.0131629134152
0.0121972083491
0.00783488799561
0.00989030568602
