0.0133520594214
0.0111888973531
0.0088520784323
0.00871331951684
0.0118144570029
0.00992880222971
0.00982882637873
0.00826034354706
0.00827063365123
0.00800209909896
0.0097782487551
0.0100636850793
0.00824848017146
0.00969170596886
0.012005946491
0.0130827851474
0.00909129083935
0.010284588891
0.0111092692951
0.0112599615752
0.00787421309766
0.00993950555598
0.0114768258552
0.00982569350663
0.0114271694816
0.0161659060194
0.00888000002389
0.00854061618587
0.0110775814065
0.00799635645335
0.00954027935128
0.00955113332383
0.0121501436637
0.0115891379053
0.00985826080794
0.00941321523446
0.0128407817702
0.00784844730576
0.00940232992691
0.0123246891086
0.0153305271124
0.0129754551116
0.010949012375
0.0116559862945
0.00956381401084
0.0117352595758
0.00786217043547
0.0110797972218
0.00796789835631
0.0114074206071
0.0119169118035
0.00990332622965
0.00824454659216
0.0100555752102
0.0102367321691
0.0102507352364
0.00865662524227
0.00845360846631
0.00893203133722
0.00933315061861
0.00972362526917
0.00835190701802
0.010448775471
0.00873753971401
0.0121017852478
0.00924416002855
0.0110421826702
0.00782716659308
0.00809444124216
0.00992844138432
0.0101155614718
0.00852416413346
0.00800957708025
0.0116224779842
0.0131891233282
0.0105877110934
0.00819600316847
0.0120961817307
0.00892906161433
0.00963969376603
0.00830996956686
0.012447500144
0.00986476275465
0.00927968438608
0.00898804478451
0.00784465514864
0.0100318240555
0.00883902441199
0.00815098391258
0.00801146861145
0.00860706517004
0.0105860771883
0.0083546840278
0.00855535887087
0.0082092946828
0.00971025300255
0.00933059547949
0.0114960312994
0.0105220366175
0.00939075703969
