0.00812271316624
0.00799772930893
0.011553474154
0.0112714239882
0.00872051614424
0.0155587472638
0.00899112889434
0.0081780715956
0.00803631271308
0.00949512724767
0.00810905604354
0.0130739739705
0.00874549593942
0.0083940808464
0.0233697805469
0.0100505332788
0.00873852711394
0.00795184227628
0.00877234298156
0.0082165231256
0.00851338299477
0.0091777828285
0.00862133508704
0.0173271865391
0.00912708101166
0.0121737248592
0.00813525896666
0.00892252766471
0.00803635083838
0.00970941112182
0.0107634066289
0.0125314613116
0.00983411354469
0.00936081424534
0.0175237691953
0.00963487058306
0.00905052456282
0.00920497101272
0.00975278070239
0.00792073204933
0.00882072592539
0.00889369468777
0.00835628445113
0.0111105466727
0.00793572952974
0.00944452909378
0.00825168714441
0.0100644872985
0.0126168110435
0.00873385839846
0.00830150572063
0.00863121591384
0.0101314676862
0.0126866187798
0.00805844795837
0.0117294434751
0.00896969910855
0.0102448119885
0.00891817544573
0.00876735125156
0.00942205884465
0.00801500145784
0.00931846568317
0.00841757995274
0.00892571533694
0.00841166249076
0.0131269236065
0.0114787406185
0.00848553961941
0.0159523742664
0.00960534360033
0.00982876714004
0.0100995100369
0.00818254646623
0.00794805361891
0.00996651297145
0.0098642457767
0.00833426525237
0.0123941608286
0.00906083060621
0.010794009781
0.00847423948826
0.00855018806043
0.00965921843808
0.00899440561288
0.0102077904501
0.0144165216292
0.010327401635
0.0110060525462
0.0105041046113
0.0106156418899
0.0138865300725
0.00872966659614
0.0113270839759
0.00858543739012
0.0104654268436
0.00799411115649
0.0114599885955
0.00973835485079
0.00808955028123
