0.00815995260213
0.0102708221735
0.00847450269097
0.0080517773804
0.00933598493426
0.0100317283608
0.0103615557405
0.00982881766836
0.0120532262487
0.00937723787596
0.0090072263668
0.0111724073758
0.0116948897343
0.00884038260829
0.00859146444679
0.00985288867419
0.00993643473526
0.0119367609346
0.0121336969849
0.012405223987
0.0103367144111
0.0115403227779
0.00860557238774
0.01148562812
0.010880439396
0.00961983428744
0.00970244654829
0.00945502882395
0.00828213791393
0.0114136394456
0.00826249905339
0.00899407186058
0.00833076453807
0.00961936692719
0.00873540070511
0.00913655907388
0.00863621649587
0.00982995429288
0.00940412013981
0.0094927321163
0.0140088875771
0.00863669317331
0.00865996372286
0.00925742396635
0.00939305715
0.00913571622482
0.0093481690473
0.0101973383144
0.0109306560231
0.0106739696346
0.00922062570269
0.00996722055118
0.0104651929669
0.00949638518125
0.00869666274875
0.00950603645551
0.0118584124479
0.0105135606532
0.0123112175631
0.013111911495
0.00973279529355
0.00989634785252
0.00917225015349
0.00826162627947
0.0105679381228
0.0107567419621
0.00979187929537
0.0135092319122
0.0103213443063
0.0125963129991
0.00983409829519
0.010864464336
0.00889033412491
0.00977082420819
0.0106881014102
0.00902209335553
0.0088939041829
0.008582911132
0.012721256537
0.0091600854838
0.0104443572992
0.00933564304464
0.00952191670817
0.00948158274509
0.0105265831144
0.0105247818847
0.0098049380201
0.0088692825649
0.00813439697429
0.00992116577246
0.0081214343308
0.0159738540083
0.0104384110666
0.00920895653763
0.00948853002855
0.00829831664386
0.0106808599825
0.00812854075762
0.0112199580575
0.0101724177782
