0.00873499739444
0.00917191481659
0.00818127919297
0.0127404701375
0.0111560216628
0.0108347508345
0.0130647320776
0.00954008149573
0.00831261854873
0.00810332162207
0.00822162078621
0.00885175733717
0.00836592819322
0.0116713641135
0.00826877867749
0.0123374725948
0.00851809018462
0.015329145933
0.00868852437436
0.0125179287753
0.00990852194957
0.00842642194918
0.00850673178933
0.0102003789674
0.00819522348439
0.0105990552745
0.00985760995296
0.00944705817598
0.00874107483532
0.00932352492905
0.00936107997915
0.0122215864445
0.0113981572562
0.012270010164
0.00897756761881
0.00872513595483
0.00951552705151
0.0157760803518
0.013741721065
0.0115470865683
0.0110781015955
0.0110816034637
0.0127801960371
0.0100832432122
0.0097618180834
0.00861159855129
0.00991059404944
0.00877071143888
0.00970521755945
0.0080919543775
0.0113244037489
0.0124652908986
0.0110621812443
0.00949915405857
0.0131072654557
0.00852444185641
0.0081135127381
0.00901677947872
0.010642308658
0.00982763775772
0.00982678652161
0.0121474421149
0.0081188185876
0.00866135778304
0.0088476325443
0.00913717782391
0.00967927613547
0.00803016348444
0.0108253747114
0.00796548161412
0.00957658232909
0.00857888571159
0.0130782983963
0.0110848491473
0.0100399256556
0.00888791063879
0.00826377301252
0.00872282229852
0.00989149057195
0.00918060887251
0.0100572567886
0.0115662102263
0.00927960924159
0.0114508825356
0.0108233437041
0.0106504914695
0.00914368977458
0.0114751817545
0.00971571292036
0.00999205089602
0.00942351945659
0.00837656261832
0.00911368027562
0.0107926297425
0.00940555436721
0.00826451558491
0.00893854039574
0.00875091272106
0.00839004103919
0.0110365897548
