0.00919500004744
0.00819982335153
0.00971973866674
0.00951467436158
0.0098984983932
0.0115700401039
0.00844200375207
0.00967730698057
0.0106252133175
0.0128448960515
0.00711491221211
0.00837514381286
0.0156787432749
0.00957126191838
0.0100146406263
0.0112113792288
0.00915268212818
0.00766154883692
0.0078177670759
0.00928131916573
0.00722539056983
0.0155110457929
0.00765901253842
0.00871608271461
0.00955121820956
0.0090168032546
0.00785363214591
0.00710558746233
0.00922434939105
0.0139767639205
0.0122009376052
0.00845141150815
0.0123732143263
0.011972132006
0.00948750971358
0.0289328944839
0.00968509276307
0.0112343995392
0.0119009015799
0.0296907666973
0.00788326675315
0.00904602659829
0.00968615357259
0.0113015149013
0.0074687173243
0.0103955984227
0.00820145498842
0.00934198512384
0.010883761896
0.00864893329713
0.00870510042905
0.00960647613549
0.0121065331745
0.0100417676308
0.0134063631514
0.0090497628681
0.0080942505356
0.0097294760213
0.00781942496294
0.00756377239302
0.00713763156806
0.0119835759913
0.0104847350143
0.00701213215732
0.00742444183714
0.00956931416915
0.0105578645103
0.0100991483168
0.00695333453744
0.00885765509575
0.00810246350961
0.0070019106454
0.0101575606898
0.00794693772473
0.0168280043489
0.00972118428219
0.00974941910928
0.00965553284921
0.0115109234927
0.00786380270154
0.00894566495887
0.0153404979088
0.010712493955
0.00736349738796
0.0083721957887
0.00705904382691
0.00849773200681
0.0122550768617
0.00922882037934
0.00777020067589
0.00812066823703
0.00901233096931
0.00960485060385
0.00970957413762
0.00860643023939
0.0101776435157
0.00950729590794
0.00803678112948
0.0087606400151
0.00798490923545
