0.00821469338973
0.00823793960223
0.0102359120687
0.00908061465417
0.0113768814138
0.00929528458376
0.00913950455306
0.0118009980709
0.0083198622825
0.0102071294417
0.0113901648801
0.015548883155
0.0134437693697
0.0118740564044
0.00818762299681
0.0119715723258
0.00816748668268
0.0123038366693
0.0125843695959
0.00799147256022
0.00806883660695
0.0106543283161
0.00947353884124
0.0087994133764
0.00821854420264
0.0101425408886
0.0108124218864
0.0114273776589
0.0137304205173
0.00861309392082
0.0128742230537
0.0135776413262
0.0118005948187
0.00922238912769
0.010970573885
0.00971636182082
0.0101370786481
0.0121042434008
0.0104069683925
0.00790371398354
0.0082928574655
0.00928819706267
0.010758550782
0.011471186752
0.0130261642364
0.0106373047348
0.00854346549804
0.010011798952
0.011361695314
0.0139013812618
0.00860106093274
0.00965672509638
0.0119696685408
0.00895714228556
0.00801023669411
0.0112895651004
0.0115602219857
0.00788837346385
0.0148499725527
0.00888358833662
0.0093816044635
0.00795963570365
0.0106340306328
0.0127898819836
0.00819267754059
0.00884721857498
0.00835524489807
0.00844890968348
0.0112057765861
0.0110526353003
0.00802104384576
0.00921758152958
0.00787842526827
0.0101572504978
0.00826614050327
0.00805906318985
0.0108729914244
0.0094085247033
0.0095366362107
0.0107485719236
0.00831761189222
0.00875105970514
0.00806135380976
0.00931859568176
0.011927944502
0.00990371020963
0.00842038599929
0.00975078022451
0.00893651014373
0.00826051509973
0.00945562240137
0.00888574900694
0.00994591117207
0.0103291629689
0.00849804121477
0.00847042490251
0.00789971861925
0.0114160773723
0.00937522708405
0.00805623710576
