0.010799846149
0.00797879711203
0.00848721195268
0.00815350611119
0.0103885433126
0.00888854674349
0.00946475817385
0.00865073536439
0.0129253161887
0.00866236666633
0.00966246854278
0.00839861886137
0.0102507464496
0.0101879723359
0.00913235772388
0.0121213651358
0.00995755261641
0.008683464929
0.0085727494364
0.00832344307589
0.00888603366972
0.00882578912575
0.0130156540061
0.0126287831353
0.00985093042002
0.00910285841092
0.00842203110681
0.0110835036594
0.00912627970612
0.0114704550192
0.00994149810238
0.00808991645596
0.0147162415943
0.00996312795602
0.00871046272197
0.00844146053104
0.0116768593322
0.0118199799227
0.01143655237
0.0102256490002
0.0134548016906
0.0130810491255
0.0084311903989
0.00990858657103
0.00989749542361
0.00921873638064
0.0102551698192
0.0109840672709
0.0115573660012
0.0103601176402
0.0101683592044
0.00823387519801
0.00815935552711
0.0133419538661
0.00875718508834
0.0101545995379
0.00865770623541
0.0110447303292
0.0137563472135
0.0121183739453
0.00799334756696
0.0106658840252
0.00974422331948
0.00877500180805
0.0125082080879
0.00984699544826
0.00910626796955
0.0124806696884
0.00977552681083
0.00944534404812
0.00797030024442
0.00929438570673
0.0115867933744
0.0112583350294
0.0101978333171
0.00944392237393
0.00873458626836
0.00906933276166
0.0088657952056
0.00928088371276
0.00793415958744
0.00825283489958
0.00953729130229
0.00967770334578
0.0105925374283
0.00964667639219
0.00957430120704
0.0123653252822
0.0108981211316
0.00974696606253
0.00924535601328
0.00986029282388
0.0120110194404
0.00870948720876
0.00826143100704
0.0109056525063
0.00894847635575
0.0112673672242
0.00844451939864
0.00941134502104
