0.0126254824113
0.0158639386548
0.0135617448952
0.00769245523147
0.00833059233602
0.0076734305508
0.00939464011475
0.0087087951832
0.00804056951718
0.00771241308158
0.00738453080938
0.00972906330952
0.0103794790537
0.0125377820711
0.00803791327326
0.00860844018397
0.00942584698347
0.0106898812849
0.00824586581989
0.00731000270449
0.00999379405499
0.0104641175667
0.00826234754855
0.0148723390398
0.0132056417614
0.0111438915877
0.0086638698708
0.0100759413018
0.0106852249886
0.010278260821
0.0168198639766
0.00773848959005
0.0131612306022
0.0179220184419
0.0077731149607
0.011464906038
0.00927007548206
0.0111350923108
0.00725050142937
0.00854857922436
0.00756149057727
0.0078555855447
0.0100268982712
0.00790623099483
0.00951038496468
0.00754259197182
0.00815716586056
0.0114061927833
0.00778041584144
0.00822032349909
0.0108106113922
0.0096746982473
0.0102700753044
0.0134702379055
0.00859114652662
0.00960052904197
0.00897955396761
0.0103228298156
0.0110094677337
0.0114457111495
0.00914051567723
0.00864503691411
0.0256460272001
0.0100365073189
0.0146763828285
0.00762293697097
0.00800079290276
0.0107409388361
0.012635786774
0.00949451043277
0.00866988649321
0.00776114560865
0.0111527779847
0.00773400811294
0.009213853112
0.0103176923284
0.0082871566327
0.00814268459235
0.0104241541482
0.00922107866554
0.0131641617244
0.00819738484007
0.00887355095947
0.00848773475382
0.00965883607551
0.0072930540899
0.0101083587755
0.00874081437832
0.00781213707932
0.0128007047979
0.00872196380732
0.00985207412015
0.00810022435082
0.0114139314792
0.0104538621404
0.0074617062576
0.00748325599447
0.0074070945877
0.00823634382602
0.0173446229671
