0.010383285804
0.00901383474069
0.00968104288858
0.0103657643812
0.00936520294934
0.00964101892067
0.00882344724198
0.00839867519886
0.00843118805395
0.0107962273468
0.0115568988203
0.0129009065116
0.00996921733828
0.0084838013822
0.00856581894171
0.00884543174871
0.010481253834
0.00864982123096
0.0120983610083
0.0113816090268
0.0104272223078
0.00840914078395
0.00871798512239
0.00843473926112
0.00939305968616
0.0111546334877
0.00836789240057
0.0111458419312
0.00924660522024
0.00950578699829
0.00985202390572
0.00882068816157
0.0108321862542
0.00898809822164
0.0102129904978
0.00882841854243
0.0109414141011
0.0124007356304
0.0107223854879
0.0101941431708
0.00865306630677
0.00856002144596
0.0102388221725
0.00923799570949
0.010687194746
0.00961357325314
0.0112824431907
0.00935270678472
0.0112735390996
0.0104287011067
0.00843424941727
0.0115333105826
0.012887941491
0.0100863106459
0.00891687507176
0.0106228694917
0.00919459122518
0.00957448263721
0.00882737948389
0.0131355125116
0.0110473193688
0.00979091576506
0.00917199977428
0.0107622886953
0.0115936317166
0.0127502760836
0.0118345380814
0.00861466833986
0.00935301598644
0.0103931550935
0.00850197779071
0.0096635679974
0.00980710569839
0.0085999492764
0.00989938938603
0.00907215520817
0.00944241757296
0.0106414003935
0.0117945545724
0.00909685034569
0.00866758660034
0.00877050691276
0.00900728524388
0.010645515934
0.0119395013234
0.00861539073423
0.0128564087388
0.00959689318886
0.0136226640363
0.00910694990951
0.00896709361799
0.0106049945694
0.0084785390087
0.00876617293812
0.00870904598435
0.00967057732476
0.0124387831644
0.0100764011125
0.0101729976366
0.0104851299591
