0.00989792803463
0.00968996674533
0.0117896719414
0.0128844026763
0.00829197303259
0.00865042081402
0.0109220083041
0.0138589790574
0.010195423289
0.0085067110088
0.00948722285304
0.0103260529558
0.0118734018943
0.00988528862696
0.00846290096248
0.0117861969353
0.011221648023
0.0110154960832
0.00933903302855
0.0113302224721
0.00946084969176
0.00833555900194
0.00913662771863
0.0089066044028
0.0102483508917
0.0104194645697
0.00880672745813
0.00930484600843
0.00819041318542
0.00930368757757
0.011409693137
0.0109098490006
0.0118355887948
0.00824043080729
0.0113257483286
0.00994497349352
0.0129770883493
0.0117256208674
0.0104743486114
0.00855535642323
0.0100629785423
0.00912798256896
0.00856090990575
0.00866364811346
0.0142014505063
0.00954526442289
0.0117126237454
0.0093270038482
0.0102051758595
0.0126838638459
0.00919717542966
0.0107369015439
0.00826792146587
0.0101797321936
0.0109492625688
0.00883743094754
0.00851381922298
0.00888137900012
0.0115009260033
0.00922388412706
0.00837200677777
0.00960628652043
0.00831476581587
0.00967342810445
0.0116512299902
0.00908746118479
0.00955364245848
0.00824647345938
0.00861943206142
0.00810126504182
0.0105312229616
0.0140053184721
0.0121664024906
0.0100700583995
0.0095038949528
0.00839907477737
0.00975930299963
0.00998755148851
0.00879655837082
0.0102502249383
0.00962566668394
0.00829489027682
0.00831160083442
0.0106914052921
0.0101173332391
0.0102439943438
0.00895239658734
0.0103647124491
0.0110431119137
0.0116074254009
0.0134060945627
0.00906825670916
0.00830179710868
0.0101484292993
0.00915207439809
0.00845530207761
0.00852162122141
0.0123418627898
0.00842466641649
0.0089256462107
