a    b    distance0    NDraws    time    dist_threshold1    
-1.19478744478    -0.0427289118257    2.19603445434    2    3.10685110092    2.5336257813    
1.84483670815    1.04580181025    1.32323808137    2    3.24123287201    2.5336257813    
0.0665806910433    0.0447634849017    0.943459080809    3    5.29073500633    2.5336257813    
1.31694007085    1.25838986408    1.3310946688    1    1.66565299034    2.5336257813    
2.89001562664    -1.52571614484    2.40946441457    1    2.58596587181    2.5336257813    
-0.552687223574    1.19052349589    1.96155783908    5    6.37749004364    2.5336257813    
2.39528185707    -0.574388041394    1.49875939131    1    1.60571193695    2.5336257813    
-0.866033011481    0.407446753848    1.91360062457    1    1.41497206688    2.5336257813    
1.61298727917    -0.401122256461    0.716147320493    1    0.913420915604    2.5336257813    
2.71727600898    -1.3056843828    2.18645923078    2    2.81885313988    2.5336257813    
1.51457029437    -1.36364300418    1.42053459586    1    1.32733201981    2.5336257813    
2.06213692516    0.494514622486    1.14272641668    1    1.57545900345    2.5336257813    
2.46366941341    1.57883581948    2.17987062588    3    4.12564992905    2.5336257813    
2.5828289969    -1.5388221392    2.2505473766    1    1.07754302025    2.5336257813    
-0.593990735802    0.271515747991    1.61458104456    3    3.82163596153    2.5336257813    
1.36063743259    0.438865691902    0.569944706124    1    0.876379966736    2.5336257813    
0.449519292275    1.64709546909    1.73598715725    1    2.09419083595    2.5336257813    
2.19215489478    1.54257560821    1.97550852418    1    1.6049721241    2.5336257813    
-0.0429244170849    -0.175682251306    1.05687980634    1    1.37429118156    2.5336257813    
-0.402016448105    -0.0358094283768    1.40455575124    1    1.61534905434    2.5336257813    
1.76954255731    1.33888773683    1.59157008155    1    1.72742509842    2.5336257813    
0.351344916958    1.40522251337    1.53077545779    1    2.2829310894    2.5336257813    
0.462004065023    -2.26383663132    2.2964042059    2    2.84812092781    2.5336257813    
2.78134174945    0.146034934581    1.79101342706    2    3.3146879673    2.5336257813    
2.44955721558    -0.921034345256    1.74070225172    1    1.54152584076    2.5336257813    
1.39372823964    1.89924392581    1.9408877098    1    1.29934191704    2.5336257813    
1.22095952486    1.03368761293    1.07064123904    1    1.41165184975    2.5336257813    
-0.250431408563    1.42316330359    1.85847014704    1    1.46455693245    2.5336257813    
-0.418224976355    -2.00158905052    2.43349672762    1    1.56963396072    2.5336257813    
0.129404629728    0.754058179348    1.19555423318    1    1.24374985695    2.5336257813    
-0.956392632986    0.255148934799    1.97758601172    2    3.526004076    2.5336257813    
1.75491199847    0.0540488097151    0.754819872653    1    1.7998919487    2.5336257813    
2.85138787154    -0.281811235225    1.86860600736    1    1.89422607422    2.5336257813    
0.554603504788    -0.790908409303    0.878241618224    2    2.12062597275    2.5336257813    
0.539369896436    1.00826324343    1.0992184614    1    1.47762608528    2.5336257813    
0.590459472    -2.41385382749    2.47972488585    1    1.76727819443    2.5336257813    
0.276990357457    -0.479422958121    0.840723435048    2    2.66521120071    2.5336257813    
0.949763323061    -1.92024958801    1.88663980416    1    1.40112900734    2.5336257813    
2.40646107962    -0.0667414433927    1.40833630617    2    2.72312188148    2.5336257813    
3.48270696527    0.324839464716    2.50802266822    2    3.33371901512    2.5336257813    
1.3614966019    0.53817397456    0.661010823926    1    1.27747607231    2.5336257813    
2.52620464401    -2.00641652058    2.51038226256    1    1.31777000427    2.5336257813    
1.04634722467    0.174821255456    0.150338708151    1    1.9029750824    2.5336257813    
0.829056351708    -0.0126368028777    0.179187258611    1    1.00917816162    2.5336257813    
2.13869764357    0.110717334101    1.14705815679    2    3.07001495361    2.5336257813    
-0.551079665102    -0.281228554642    1.58386696704    1    1.7610039711    2.5336257813    
1.37496027407    -1.52497952426    1.56706888639    3    5.83697199821    2.5336257813    
0.386969058695    0.8494737659    1.06168984251    1    1.62068009377    2.5336257813    
1.78535845575    0.261904859109    0.820885616104    1    1.26349020004    2.5336257813    
-0.5522180933    1.85237812466    2.40511605325    1    1.85403895378    2.5336257813    
3.34457586674    0.644289195568    2.4420904871    2    2.76338481903    2.5336257813    
-0.932523253872    -0.316723135749    1.95655232007    1    1.6799428463    2.5336257813    
1.77345774519    -1.35601869464    1.54538557084    1    1.76741099358    2.5336257813    
2.27803409123    -2.08992915162    2.39100969781    1    2.74649906158    2.5336257813    
2.66198230406    0.258082585893    1.6737424507    2    3.33263587952    2.5336257813    
0.81925311606    -1.39851449066    1.35809770813    3    3.65905094147    2.5336257813    
-0.254882036229    -0.0512335189371    1.25607964724    2    2.02817893028    2.5336257813    
1.22143112342    -0.244613014735    0.348687641226    1    0.927186012268    2.5336257813    
-0.529612003176    0.0533134546633    1.53226628218    2    3.5332069397    2.5336257813    
-0.865026523854    -1.00795012553    2.14784133356    5    7.48728609085    2.5336257813    
1.69876429879    1.97569210696    2.08028439724    2    4.64942097664    2.5336257813    
2.671348865    1.23847706338    2.10798116306    1    3.22136807442    2.5336257813    
1.55311321344    0.608952983072    0.821775691794    1    2.13115906715    2.5336257813    
1.41020372756    2.08894107835    2.11666505665    5    7.474848032    2.5336257813    
-0.94548624219    1.04860339381    2.23269422929    1    1.89845395088    2.5336257813    
1.96678951501    1.75642032129    2.04228249104    1    1.32558202744    2.5336257813    
1.71373908955    -0.727507662858    1.02158961559    2    1.92816090584    2.5336257813    
-0.665952511806    0.889182273468    1.89182143992    1    1.94369506836    2.5336257813    
0.45654987557    -2.50095599164    2.52767139474    3    5.30180501938    2.5336257813    
1.95304105078    -0.725690759375    1.19007376457    4    7.89321684837    2.5336257813    
1.73463661224    0.660634214886    0.988253404172    1    1.25911188126    2.5336257813    
-0.0781390186447    -1.78011867541    2.06522263999    2    3.64720010757    2.5336257813    
1.45305084531    -0.13028224408    0.466776022593    4    6.67574000359    2.5336257813    
1.39988175395    0.389480324429    0.635383699916    1    1.61280012131    2.5336257813    
-0.765501361221    -0.870141611589    1.98223373361    1    1.56237506866    2.5336257813    
3.29628508212    0.686145967804    2.40665232883    1    1.82287693024    2.5336257813    
-1.06790441626    0.0216320277959    2.06822146351    1    1.52647805214    2.5336257813    
0.594889525625    -2.35921973977    2.30431850005    1    1.35745596886    2.5336257813    
0.77312915537    -2.19245541239    2.21831919466    1    1.34202504158    2.5336257813    
0.655297467659    1.67580795381    1.80485231847    3    5.22719287872    2.5336257813    
2.32792348371    -1.7498603376    2.18442119217    2    3.02795004845    2.5336257813    
-1.12252531657    0.100173503021    2.12300224588    1    1.3596599102    2.5336257813    
2.35233207457    1.42402672766    1.9900455083    2    2.45042490959    2.5336257813    
-1.19708427691    0.0925190909363    2.20176299423    1    1.78306412697    2.5336257813    
0.459086213028    -1.90190081077    1.90010014708    2    3.12687110901    2.5336257813    
-0.167406207985    -0.631803220183    1.32060227763    1    2.08505511284    2.5336257813    
-0.492729146254    -0.837828406766    1.72586926017    5    6.67892813683    2.5336257813    
0.789290015345    1.22307069913    1.26126046299    5    3.9287750721    2.5336257813    
2.51481522711    0.994734362219    1.81806855949    2    0.592324972153    2.5336257813    
1.37520661334    0.984720921983    1.0701572344    1    0.313420057297    2.5336257813    
-1.11302318711    0.884293377228    2.27956667747    1    0.404821872711    2.5336257813    
3.31680812732    -0.950570415765    2.47833222823    1    2.03852081299    2.5336257813    
0.233597162289    -0.0188292028966    0.765759042374    2    3.13083815575    2.5336257813    
2.09079162169    -0.767470835868    1.29589222862    1    1.58209705353    2.5336257813    
1.95778145237    0.578703714215    1.11599439227    2    2.61827206612    2.5336257813    
1.13513513342    0.427575935266    0.426470931495    1    1.20973801613    2.5336257813    
0.484166255515    0.913413653433    1.08378077202    1    1.02634000778    2.5336257813    
3.23325644274    -0.954232045945    2.44344356514    1    1.70482397079    2.5336257813    
3.06710679247    -1.28483452996    2.41768820012    1    1.94181609154    2.5336257813    
1.90372361624    1.83379805484    2.08285652883    1    1.69031596184    2.5336257813    
