0.0079112161107
0.0107419496583
0.00739768428145
0.00797698615176
0.00906835323894
0.00724550122189
0.00682171991513
0.00867412605201
0.0105437814496
0.0070813160331
0.00974579394751
0.00743616090553
0.00818896849002
0.00706162066732
0.0156712170208
0.0109046741407
0.00764423080605
0.00999473279502
0.00742718319912
0.00736879690115
0.0108336570688
0.00858730871514
0.0114779751854
0.00947469952321
0.00758487833168
0.00803968865522
0.00708084916675
0.00730594987578
0.00825193785002
0.011027413644
0.00802342741787
0.0142007659323
0.00793547369566
0.00909562407575
0.00817197706329
0.0165992324581
0.00701676263003
0.0104672786775
0.00718044197114
0.00779220152654
0.0110617583672
0.0140633021511
0.010512238372
0.0130252957163
0.00795087131778
0.00804335092894
0.0068756442636
0.00772340366425
0.00717944810177
0.00765656173175
0.00754706440826
0.0198883808344
0.00706328543521
0.00977752896847
0.0106206861043
0.01195477483
0.00728756817881
0.00742587918967
0.0211009478996
0.0100480748041
0.00939881641218
0.0230017602059
0.00855975142079
0.00692610951256
0.00865398639194
0.0114692664703
0.0143925870573
0.00742738162061
0.0163048436897
0.0118391718621
0.0208975352321
0.00746130755218
0.00999453862344
0.00826860070238
0.00853959348354
0.0114004991082
0.0361000879341
0.0114554612737
0.00909574877821
0.00836522234581
0.0190013212306
0.0108341727925
0.00968952200339
0.00780543933348
0.0073077493132
0.00799398195769
0.0075590834946
0.00789027265698
0.00988008484451
0.00695332071729
0.00682752743314
0.00914763941707
0.00798453146008
0.0113653793653
0.00746976472172
0.00996237974646
0.00748842306744
0.00779688378298
0.0108986590351
0.00873197223157
