0.0165578580477
0.00948657416918
0.0105280512585
0.00845213551774
0.010762375601
0.0102869295712
0.00744509247503
0.0115489982668
0.0118310894352
0.00812717381165
0.00839480212472
0.00897454325647
0.00811587189421
0.0101468087458
0.00888481731274
0.0138761880961
0.00749814681821
0.00779474773691
0.00908732743498
0.015042603286
0.00806008346627
0.0109756189181
0.0094842973387
0.0113372575865
0.0122323870282
0.0100150496453
0.00758534743991
0.0124494915973
0.00751960073448
0.00776170815436
0.00948980302721
0.00776354897524
0.00893590957533
0.00908274768378
0.00867840169184
0.0154712891963
0.0111166153103
0.0130549007722
0.00847724722912
0.0112371777969
0.00738828926598
0.00894140916375
0.00961044388111
0.00909586554528
0.00766197236792
0.012482208869
0.0103270602046
0.00790839133229
0.0086045155611
0.0102920597097
0.00881125300892
0.0085807755005
0.0073983214927
0.0132846785771
0.00933066936481
0.00798866308587
0.0139095257323
0.00953091090581
0.00897633658038
0.0115131965873
0.00872960903549
0.0109565113925
0.00784013970593
0.010838115548
0.00998179743318
0.00946537131523
0.0128132661559
0.0100170919993
0.0116923324289
0.00826987995686
0.0139987556992
0.0132335838939
0.0089925664634
0.00834383190603
0.00761283965554
0.00897925516645
0.0159409101595
0.00778839874978
0.00993542718395
0.015135579697
0.0082722365716
0.0122327238938
0.00811485220872
0.00975499399455
0.00864096835349
0.00936920366432
0.00846265808965
0.0123898526635
0.00947960317922
0.018227946232
0.00803718187504
0.00814367372093
0.0104194398561
0.010133234114
0.00758857221236
0.00751734214782
0.00995590861738
0.00938842501665
0.00942376508398
0.00867499019516
