0.00790438427475
0.0105549924085
0.00832373482796
0.00989128369265
0.0156331059359
0.00845762771996
0.0081932388114
0.0100489607087
0.0130516691496
0.00889675960268
0.0103136492362
0.0088493605401
0.00859211770018
0.00825174320943
0.0118142376777
0.0121107191304
0.00831249581929
0.0121236105271
0.00950882560774
0.009338694905
0.008947858733
0.00836673429011
0.0104495800561
0.00921642265527
0.0101989966655
0.00785707786266
0.0157255381489
0.0114014846967
0.00989811591297
0.0115725079907
0.0107084311722
0.0126186726289
0.0105386452096
0.0102892385689
0.0112329337287
0.00803618917676
0.00881964110517
0.0081820695961
0.00783881976309
0.00918450413017
0.00848793946474
0.00942591780388
0.00842760600604
0.0137323017793
0.00795200442384
0.00834737834316
0.00846193315432
0.00835211847012
0.00862394933701
0.0103357687018
0.00854683967381
0.0102968544827
0.00814282552021
0.0103340787564
0.00871954031494
0.0104334094664
0.00983776088004
0.0138491568754
0.0108903886127
0.00847096698635
0.0107539019732
0.00952188444809
0.00824670788507
0.0134786090565
0.0124102207364
0.0143253342454
0.00794958903401
0.00898507513355
0.00957706977261
0.00833893088171
0.0113261855727
0.0134441702945
0.00810655607655
0.00854480863709
0.00901349141645
0.0104089152514
0.0083890257107
0.00785479143611
0.0103011992943
0.0104971606165
0.0104521258133
0.0102153258527
0.0105100562025
0.0128477837003
0.010996591563
0.00828360216887
0.0102529032854
0.0103939225363
0.0100470982868
0.0109738428895
0.0105045371533
0.00781954816964
0.00826384594185
0.0117545503134
0.00815771606862
0.00964144604067
0.00991669524315
0.016927277283
0.00939238845285
0.00825170293225
