0.00813810922744
0.00972965234707
0.00795637890051
0.00708002880762
0.00727101369759
0.034387720113
0.00824349169316
0.00842436751288
0.00764179145291
0.00904944348859
0.00832366826677
0.0144006696633
0.00775403229057
0.00978738694206
0.00886056911363
0.00906547217808
0.00851226203052
0.0104983967972
0.0080533358782
0.00753337010485
0.00753456660381
0.00935729729822
0.0187853754309
0.00754305630112
0.00928157784311
0.0106730105904
0.00952537915029
0.00818525707009
0.020312604347
0.00725886871645
0.0108103544428
0.0077660531167
0.0083486584097
0.00866633681041
0.00696197434314
0.0085243172254
0.00715300477996
0.021464003198
0.00731103892672
0.007062502364
0.00929470742772
0.0114763672728
0.00889819303616
0.00845998303146
0.00973999810228
0.00702480740172
0.010864669069
0.00802636091222
0.00924507673814
0.00909346413959
0.0104741934575
0.0099887383426
0.0142089431703
0.0074944924295
0.0130721665444
0.0118056566761
0.0075457365725
0.00843449445082
0.0141208541153
0.0126231059002
0.00964851074065
0.0113562552685
0.00740056179195
0.00754380752571
0.00813181173375
0.00769941966758
0.00777199702588
0.00715022095063
0.00799973597821
0.00818385089495
0.0104587761679
0.00740582737943
0.0174582764734
0.0071944994848
0.00708854243625
0.00924864570147
0.00899815086346
0.0069526069986
0.00943405499069
0.00815044721143
0.00799502733092
0.0069986875138
0.0102722801816
0.0198266343593
0.00697251037113
0.0127051017584
0.00838284596252
0.0136117552801
0.009222753549
0.00750838426586
0.00815450419951
0.00978511327656
0.0103203867779
0.0129575121285
0.00885594658408
0.0167116869427
0.00834927156363
0.0231651166384
0.0108082158855
0.006991859881
