0.00789375633339
0.010739361884
0.0115881962819
0.0142359444468
0.0116827960408
0.0111338904361
0.0165351633109
0.00799239581674
0.0073981915554
0.00977686242161
0.00726338487271
0.0161680483905
0.00863495203921
0.00790384912338
0.00981088542039
0.00897523889499
0.00873538791143
0.00736149229593
0.00735460250243
0.00979648310868
0.00999507561726
0.00783477807407
0.011481747652
0.00897601147877
0.0112172173551
0.00741379032797
0.0142791076339
0.0121311205928
0.0170358128658
0.00780946526158
0.00797069390633
0.00836234909654
0.0090398473565
0.00947777799899
0.00919924838002
0.00861542177765
0.00907485429145
0.0158391823191
0.00928143921469
0.0107102870361
0.00972033531502
0.0077549448798
0.00796961175949
0.0129128031005
0.0083917286586
0.00838734259092
0.0161544656237
0.0101761371434
0.0109907582424
0.00869101075562
0.00770250721076
0.0092553006288
0.00838741866977
0.00883675684113
0.0122031905447
0.00840813159911
0.0112189531967
0.0116954805779
0.010031712278
0.0108480622391
0.00897610565434
0.0102410354327
0.0123579138736
0.0139548148194
0.00999274343141
0.00901068721487
0.00750247471079
0.00988440569835
0.00921951426911
0.0114709117497
0.00909914455401
0.00833631534777
0.0109308338102
0.00989152365174
0.00975429621014
0.0124632219022
0.0109766923907
0.00869025982917
0.00863597115072
0.0106460504826
0.00863337535928
0.0083687618955
0.0107149244826
0.00915211938474
0.00952028533812
0.00882975261701
0.0104662285496
0.0094412428986
0.0103966041245
0.0110053864529
0.0106496956184
0.0113861334829
0.00836493637618
0.00889548714249
0.0106867297922
0.00735043789258
0.00881468864803
0.00743828399797
0.0127712072
0.00861603938387
