0.00881110051417
0.0118446452019
0.00889143289003
0.00927233398125
0.00913654368164
0.00898108692165
0.00935039251582
0.00969909908413
0.0148507015606
0.0119526359512
0.0114742070733
0.00945689063301
0.01144026104
0.00828580940307
0.00936498162895
0.00798376953112
0.0124929427683
0.00832486040551
0.00901481663148
0.00843909825763
0.00885491528477
0.0090485859147
0.00893314636645
0.00863815337059
0.0141300747217
0.00803591490419
0.00877641597003
0.0120056828611
0.00908563843248
0.0108175943357
0.0124460162478
0.0108789284663
0.0107042454345
0.00859341460439
0.00897499695318
0.00865248213006
0.0121117251024
0.0097128089179
0.0133229133148
0.00832324938341
0.00826800962848
0.0115494154974
0.0111084082837
0.0149932325356
0.00831888818518
0.00920956613719
0.010472049895
0.00974288088486
0.0085912741069
0.0087966799807
0.0095770649768
0.0103762546174
0.00954064678305
0.00837716493834
0.0107849655418
0.00913487753042
0.0104987902985
0.00927438543269
0.00848178804934
0.00847967159464
0.0112702968296
0.0105467379958
0.0087781126577
0.0089460558775
0.0106293235514
0.00974247611993
0.0128665488099
0.00803805333383
0.0126747010663
0.0101953898749
0.00839515423919
0.00893008856948
0.00954474642337
0.00810376420079
0.0105317242529
0.00924389500714
0.00924299846266
0.0088002807923
0.0118210016427
0.0119118154937
0.00804251643135
0.00821628804876
0.00935948274488
0.00842433029781
0.00809877787943
0.0133369810317
0.00804989885735
0.00883458908384
0.0088404839451
0.0122403113717
0.00989839440357
0.00882897764205
0.0124330525792
0.00972619169175
0.0108339756503
0.0132178563646
0.0154017878273
0.00947750493942
0.0100525851327
0.00978232158712
