a    b    distance0    NDraws    time    dist_threshold1    
0.980488859943    -0.0296676276442    0.0257683078432    1    1.60178899765    0.0421648878633    
1.00625719003    -0.0651052753033    0.0217317128163    2    2.55254197121    0.0421648878633    
1.00648954194    -0.0482486178069    0.0379694249739    3    4.73659396172    0.0421648878633    
0.99945471567    -0.0306586443914    0.00326509551725    1    1.26781415939    0.0421648878633    
1.01419952157    -0.023420336888    0.0162121761527    2    2.62117791176    0.0421648878633    
0.984083576944    0.0938029053348    0.0247808096698    2    2.63639187813    0.0421648878633    
1.02028634296    0.000926774565836    0.0325419288328    1    1.43860387802    0.0421648878633    
1.02536960888    -0.0318646429458    0.0262263039718    4    6.96462106705    0.0421648878633    
1.01503993294    -0.00213437358919    0.0148803261927    1    1.24040484428    0.0421648878633    
0.992557575926    -0.0562442453548    0.0417142313897    5    8.03613495827    0.0421648878633    
1.02418963902    -0.0334793580688    0.0239593869336    6    8.42962408066    0.0421648878633    
0.983369533103    0.0584029783242    0.0241714916552    3    4.95896291733    0.0421648878633    
1.00745501239    -0.0450551633708    0.0245006186615    1    1.71090316772    0.0421648878633    
0.966367602062    -0.00588596422149    0.0352794341172    1    1.2915699482    0.0421648878633    
0.973058110874    0.0099959711447    0.0361766048002    1    1.23764109612    0.0421648878633    
1.00127954925    0.0285043125774    0.0398227653722    1    2.18905997276    0.0421648878633    
1.02341277281    -0.0404464268395    0.0334565144867    12    17.7825989723    0.0421648878633    
0.964710026955    -0.0185077612803    0.0388639056035    2    2.82893490791    0.0421648878633    
0.985381231019    0.0160420176775    0.0133499151862    2    3.08609414101    0.0421648878633    
1.01773356422    -0.0144650480068    0.0165901350214    1    2.46372294426    0.0421648878633    
1.00040571545    0.00984723347067    0.00337808851587    4    6.37513709068    0.0421648878633    
1.03125241062    -0.032267374149    0.0311568371465    1    1.28642606735    0.0421648878633    
0.967187267315    -0.0758839440248    0.0342162564638    2    3.59559202194    0.0421648878633    
1.01447552885    -0.00373475733035    0.0233526301005    1    1.86492991447    0.0421648878633    
1.02680240942    0.00432860773887    0.0254578745506    7    11.1551439762    0.0421648878633    
1.03791176728    -0.0210554114139    0.0375765884813    1    1.7358019352    0.0421648878633    
1.03226866948    -0.0313464532499    0.0318675806912    2    3.33879995346    0.0421648878633    
0.983053859925    -0.0359898767241    0.034404033731    6    12.1499869823    0.0421648878633    
0.972261736188    0.0691402260791    0.028669374189    3    4.99846410751    0.0421648878633    
0.994098045478    -0.0321187816307    0.0263618949295    1    1.47396111488    0.0421648878633    
0.971098021802    -0.0445122376901    0.0375580727641    2    3.1420109272    0.0421648878633    
0.991025213412    -0.0397277832943    0.0305889627205    6    10.3704240322    0.0421648878633    
1.02345657169    -0.00476401195681    0.0303122211821    3    5.00018692017    0.0421648878633    
1.01669689584    0.0129685695667    0.0322402746855    3    5.69496202469    0.0421648878633    
0.999535765857    -0.00554539559665    0.00114588077731    3    4.64229798317    0.0421648878633    
1.02249019274    0.00155894428489    0.0214197791566    5    5.9633500576    0.0421648878633    
0.994369482913    -0.0292714539471    0.032537583368    2    3.14333319664    0.0421648878633    
1.02940085116    0.058127866082    0.0289720132926    1    1.29476308823    0.0421648878633    
1.00105566268    -0.0372819649164    0.0189679417666    8    13.0407960415    0.0421648878633    
1.00041211923    -0.00166489390167    0.0108660379555    6    8.66363191605    0.0421648878633    
0.99370586739    0.032279597816    0.0276588393862    3    5.47708892822    0.0421648878633    
0.970652150462    -0.0491785330346    0.0343662732181    1    1.54584908485    0.0421648878633    
0.995701916678    0.028489559092    0.00720834900906    2    3.44095015526    0.0421648878633    
0.982526477137    -0.0394801488509    0.016841618091    1    1.71692705154    0.0421648878633    
1.00790231334    0.0307284790995    0.0355361707876    1    1.66835188866    0.0421648878633    
0.993409193699    -0.00481126271747    0.0229763513045    1    1.53076696396    0.0421648878633    
1.03861389234    -0.0206581266481    0.039605905932    1    1.3249130249    0.0421648878633    
1.01667189782    -0.0429792078998    0.0146933552698    1    1.96475505829    0.0421648878633    
0.97692867445    -0.0399662958623    0.0209175379314    3    5.7667491436    0.0421648878633    
0.98287473351    0.027851432197    0.0326542350407    3    3.81720399857    0.0421648878633    
1.02187958805    0.0242135927941    0.0385460398145    11    17.7131450176    0.0421648878633    
0.982602630207    0.0356953615126    0.0250707483396    3    4.80347895622    0.0421648878633    
1.03182268936    0.0337595873735    0.0332371916077    1    2.14070987701    0.0421648878633    
1.01768986987    -0.0196745736232    0.0166035996179    1    1.3625099659    0.0421648878633    
1.04190031238    0.00634944217508    0.0406450813029    3    4.01025509834    0.0421648878633    
0.987633615868    0.0483574051387    0.0174242813145    8    13.9661002159    0.0421648878633    
1.00094546505    0.00984579748508    0.0107874084853    1    1.84656405449    0.0421648878633    
0.983491460253    0.0203815450067    0.03635214334    1    1.69102787971    0.0421648878633    
0.991794014722    0.0583515073117    0.0329407378059    2    3.78537607193    0.0421648878633    
1.0204750531    -0.0767391582592    0.0226760954121    7    10.756786108    0.0421648878633    
1.02366172274    0.0146141833243    0.0230539572719    2    3.71790599823    0.0421648878633    
0.973863907871    -0.0540754153217    0.0267407762297    4    7.585916996    0.0421648878633    
1.00388369791    0.00547539158124    0.0131492821016    2    3.43759584427    0.0421648878633    
1.01121172075    -0.0392024347985    0.0127008965485    7    12.539691925    0.0421648878633    
0.99737399082    -0.0492404096412    0.0410581927721    4    6.79444289207    0.0421648878633    
0.98762019156    -0.0342854529769    0.0122448006219    8    12.0631449223    0.0421648878633    
0.980907851408    0.00224802808474    0.0288766812579    10    16.8138549328    0.0421648878633    
1.01069265475    -0.0104542683059    0.0219634613205    3    5.14725208282    0.0421648878633    
1.02271459405    -0.0264193423911    0.0237372790867    2    2.13946509361    0.0421648878633    
1.02211558041    -0.00498382741804    0.0213442500274    1    1.02701997757    0.0421648878633    
1.00904582956    0.0351213032726    0.0108355423837    2    3.35944104195    0.0421648878633    
1.00975540366    -0.0372021960408    0.0206302953166    4    7.30337190628    0.0421648878633    
1.03760539175    0.0385739047276    0.0400244589805    3    5.26084804535    0.0421648878633    
0.992931964374    0.00192966648488    0.0117023886765    3    4.89550709724    0.0421648878633    
0.997127454961    -0.000258889679899    0.0255781427205    4    8.08852505684    0.0421648878633    
0.969836110029    0.00665567003924    0.0317905770476    2    3.00843501091    0.0421648878633    
0.974040753453    0.0156446404793    0.0305891152613    2    2.58884692192    0.0421648878633    
0.995137053839    -0.0210641251744    0.026582959397    7    12.1059150696    0.0421648878633    
0.970738454995    -0.0257068877864    0.0304239647741    2    4.22724103928    0.0421648878633    
1.01996721452    -0.000303576971075    0.0222887776001    3    4.27710485458    0.0421648878633    
1.01604616687    0.00380738223862    0.0281652287101    1    1.85256099701    0.0421648878633    
1.00092538943    -0.0280845613339    0.0413393025679    4    9.44167304039    0.0421648878633    
1.00778344083    -0.0685559386927    0.0381582862054    2    2.52195096016    0.0421648878633    
0.97451719238    0.0694870879881    0.0323724305644    5    5.49618792534    0.0421648878633    
0.993037261533    -0.0173080659655    0.0172805206758    8    13.3055479527    0.0421648878633    
1.03105945752    0.0271330671138    0.0326214137191    1    1.48870182037    0.0421648878633    
0.97926078412    -0.0317184061885    0.0274388168758    4    5.69632005692    0.0421648878633    
1.01931351089    0.0440303681942    0.041428695235    1    1.31289100647    0.0421648878633    
1.02506784388    0.00719469671894    0.0345717887079    5    8.07095003128    0.0421648878633    
1.01784648219    -0.0188789616338    0.0322667762192    3    3.13554811478    0.0421648878633    
0.978487348733    0.0080035330966    0.0324970013083    6    6.05708003044    0.0421648878633    
0.995074520693    -0.0632823074189    0.0113642529266    3    3.62247490883    0.0421648878633    
0.964165259964    0.000279441093242    0.0410048055439    2    3.77832484245    0.0421648878633    
1.01245348318    0.0462803395621    0.0323770774973    4    5.04219603539    0.0421648878633    
1.00871049855    0.0224791401281    0.0341746507316    12    8.34019708633    0.0421648878633    
1.01992082352    -0.0905065252577    0.0366409073236    5    1.91214299202    0.0421648878633    
1.02480254349    -0.00993718354115    0.037289379413    2    0.899672031403    0.0421648878633    
0.978769562925    0.0778545761926    0.0218198642891    2    0.820619821548    0.0421648878633    
1.02439698632    0.0236980256873    0.0242571761211    1    2.08067512512    0.0421648878633    
0.995171866769    -0.00499434280697    0.0301951922661    1    1.98664903641    0.0421648878633    
