0.00754777670762
0.00768337659663
0.00754401423953
0.00825710211338
0.00803404934345
0.00788679333107
0.00905028936765
0.017075710258
0.00977063063007
0.0120929030901
0.0192972535321
0.00977307799557
0.00775697264246
0.00834821975625
0.00960138504752
0.0116954572198
0.00774930815293
0.0123449756287
0.00886788164167
0.00821966308146
0.0101042078944
0.00762990597546
0.00816733733526
0.00971811107265
0.00744938071578
0.00750751690912
0.00831711304105
0.00846387835547
0.0084610212437
0.0118556191979
0.00742488931084
0.00765549910293
0.00883692203335
0.00781025426423
0.0141998629551
0.00818165631394
0.00940106986943
0.00776003191356
0.00801388243138
0.00916451636369
0.00744599235785
0.0232054114764
0.00738728377569
0.0140965215178
0.00836607170355
0.00856915867694
0.00784776892343
0.00983205548005
0.00952629392472
0.00841669552108
0.00976877581255
0.0106649505028
0.0106601970378
0.0106297804528
0.00760867717604
0.00750524489716
0.00985253790376
0.0144627525734
0.00861078775779
0.00871123984755
0.0115624923569
0.00986356480362
0.00755503128346
0.0135807334883
0.0130347262557
0.00878275287008
0.00782809643447
0.00969910972092
0.00888926861275
0.0111332237878
0.0106079832768
0.0082781265702
0.0197435941683
0.0162314838171
0.00921971988847
0.0118900419549
0.00774956878711
0.0107435744264
0.00769861123558
0.0102649458301
0.00905210491252
0.01143615969
0.00975061647265
0.0121579495689
0.00783972710106
0.00843689010433
0.00816518100718
0.009666005616
0.00821399874621
0.00851660803251
0.00737260715054
0.0118451703056
0.0142361334346
0.0134631001284
0.0128264481778
0.0122941903407
0.013492273357
0.00739216741065
0.0102915137903
0.0113067910899
