0.00959026919108
0.00853266744024
0.00789587483448
0.00866097159619
0.0104289857873
0.0104570193412
0.00963193827919
0.0106383308614
0.0133840411651
0.00916067506848
0.00793651553192
0.0105949797775
0.00917717395766
0.0156014790734
0.00938421390315
0.00764272129062
0.0190439212365
0.00763381266443
0.0102880943963
0.0126309008298
0.0170641003921
0.00804058819968
0.00815387174106
0.0109555970008
0.0114177138421
0.0106041291317
0.0171888460766
0.0115342455345
0.012399286699
0.00775378670901
0.00818444116035
0.0100619956097
0.0085154889499
0.00927461522392
0.0104690962123
0.0075356092826
0.00769065076097
0.00774379191725
0.00819703669995
0.00810400418119
0.00895081589496
0.0109892134595
0.00815063942214
0.00908314211547
0.00891096287694
0.00791050941771
0.00914990115162
0.011907172864
0.0115066414684
0.00971147364962
0.0102802590943
0.0104112821649
0.0092760048424
0.00894372062869
0.00949679139289
0.00776393152556
0.00774284720119
0.010587377464
0.00754462720282
0.00890671427594
0.00754000560695
0.0106641211413
0.00862100318103
0.0131616277533
0.00883496360814
0.00946904358474
0.0123688584634
0.00866321961507
0.00805083643655
0.0144717947614
0.009497008238
0.00855449344232
0.0132257694845
0.0105617524587
0.0100663311566
0.0079856169485
0.010491146205
0.0120983983693
0.00984012817481
0.00914090216347
0.0166198362377
0.0084682289272
0.0090927569737
0.00892648400301
0.013912716236
0.00820658493306
0.00957676369416
0.00769728753413
0.00938508723212
0.010924775366
0.00771869341201
0.0102338680155
0.00763717364869
0.0123841320971
0.0124226993674
0.0102129851796
0.00912421245484
0.00848490680628
0.010350274845
0.0088860025796
