0.010684656355
0.0082350587437
0.00888157697219
0.0078086931847
0.0107981630836
0.00980334844243
0.00997884736913
0.00841688139053
0.0104825646902
0.0105307097905
0.00835701389909
0.00821649269574
0.00853548269159
0.0118499060258
0.00796335010695
0.00778306316939
0.010565878912
0.00846470330623
0.00775965033666
0.00850603579882
0.00827855673736
0.00953387464412
0.00806623807771
0.00891011950911
0.0128363503278
0.00933219426126
0.00986073166582
0.0109804718039
0.00983091831201
0.0159356604841
0.0113648721766
0.00852913997228
0.00805313432656
0.00825014036404
0.00883650302954
0.0128494157208
0.0118055032335
0.00917011488418
0.0101028837069
0.0105365926351
0.00853833920263
0.0090093967624
0.0100338896198
0.0152995371754
0.0084404559592
0.00916499667895
0.00884327502627
0.00984456998943
0.00802915370419
0.00840738889725
0.00840823123918
0.00772843485085
0.00771505271027
0.0100617812546
0.00816744799456
0.0110730335307
0.00774789830187
0.0095408350882
0.0123073682418
0.0121992628423
0.00879503271416
0.0100440716356
0.00958447602916
0.00832600730172
0.0109819442984
0.00770286716569
0.00885107076222
0.010200516669
0.00787593989434
0.00923552549378
0.0119659895148
0.0162626061747
0.0101798527413
0.0133047077235
0.00935294711232
0.0135514309228
0.00858457468874
0.0145533400047
0.0083096509066
0.00869024404706
0.0121597094745
0.0126537406678
0.00967694797014
0.0084336580088
0.00991920062403
0.00932346414982
0.0108116953075
0.0135843122528
0.0112368485908
0.0135735135488
0.00960683113087
0.0102812649984
0.0109605529522
0.013729367668
0.0133199011527
0.00820040584162
0.00855483009873
0.00811029895308
0.0114995233206
0.0107652955816
