0.00982718648469
0.00781281906866
0.0118375122163
0.00992698246532
0.0116025547539
0.00875477356901
0.00841373990278
0.00951524300412
0.00976016139933
0.00775512763139
0.00814536485008
0.0105313384629
0.00819344491325
0.0105450021277
0.0125764048918
0.0122515159609
0.0120388721721
0.00867619539499
0.00842521658919
0.00774739631682
0.00913602348428
0.0118319726489
0.00887053441827
0.0136194528683
0.00779278952448
0.01027514277
0.0126982576235
0.00787597212169
0.00865187415785
0.0113763214445
0.00927603037329
0.0133910660249
0.00910645588145
0.0122888471645
0.00883492882172
0.00864729001668
0.00899960902166
0.0123114040094
0.0101812406907
0.0101871190361
0.00880469429995
0.0130380750374
0.0103914928116
0.011658499303
0.00874375439296
0.015033595705
0.00909696619336
0.00801794957934
0.0080886091586
0.0116282873633
0.0120845218436
0.00929474872588
0.0142031226281
0.00792013978816
0.00904502572805
0.0114921032453
0.00775664661002
0.00782412891302
0.00836293530321
0.00887537217975
0.00790395769872
0.00962400181442
0.0113710071141
0.00939611417164
0.0120599598144
0.00943495975639
0.0110201524461
0.00895584097458
0.0114946153746
0.0152101166209
0.0109430260037
0.00797759362926
0.0110320945878
0.0094962847385
0.00813703866198
0.00779644470166
0.00838495968012
0.0105302185565
0.0119837734349
0.011588291436
0.0117762873419
0.00845462243737
0.0102544474912
0.00854596329301
0.0111069154057
0.0103455116865
0.00909118283897
0.011884928657
0.0116789100719
0.00849462863003
0.00806957192719
0.00980076073736
0.0077166486705
0.00810911242498
0.0125322923664
0.00886589890661
0.0077885725576
0.00853903256647
0.0108085946153
0.0107458130708
