0.007658633331
0.0111053291591
0.00976069647523
0.0095777904569
0.0127584163318
0.0110300103144
0.00867197893068
0.00876322599131
0.00875583842394
0.0145130224274
0.0115429821199
0.0106828350863
0.0120288187168
0.00827708098703
0.00756377406001
0.00763989139549
0.0087135740312
0.00833104217571
0.00972367018758
0.00872705975528
0.00873499969474
0.00905846905464
0.0161747227406
0.00922667250776
0.00939226916422
0.00891532340122
0.00842105497892
0.00867544750572
0.00901109695356
0.0093987175628
0.012317098159
0.00765670391248
0.00767752956846
0.00881893674038
0.0115354529533
0.00853217807754
0.0110887873429
0.00758724103095
0.00970359555012
0.0177461434655
0.00885457844687
0.00965612976699
0.00754766817899
0.00960444379989
0.00765692937139
0.0116140753176
0.0219257577751
0.00980956717584
0.00871578425187
0.011332800297
0.00953369306376
0.0101037858837
0.0102111787796
0.00876791189196
0.00774785208542
0.00807704527596
0.0114472040787
0.0107960926018
0.00941143118877
0.00901763648881
0.0110734407702
0.00786079964726
0.0087855322733
0.0112471149477
0.0122057747429
0.00853221084569
0.00955131347843
0.00853855472978
0.00811803837088
0.0103682722528
0.016843002154
0.00877630068831
0.00920780942504
0.00782752287042
0.00755952147818
0.00849843068438
0.00958231613539
0.0082395590165
0.0159066760162
0.00790403105825
0.00968279821677
0.0101935037919
0.00768037257816
0.0158705669573
0.00881960516071
0.00979134054816
0.0115484561144
0.00849425573987
0.00813068639777
0.010986478423
0.0111863069186
0.00916467517025
0.00947176785522
0.00807499881471
0.00776555532456
0.014361760059
0.0174443246952
0.00769038528176
0.0104991592113
0.00918710471386
