0.00831432272951
0.00850550864271
0.0113076144467
0.0110886769004
0.01141021377
0.00801909643108
0.00886750331826
0.00918286798988
0.0111645202427
0.00948688851302
0.0112297776603
0.0116532687266
0.00932168934768
0.011673426067
0.01010582695
0.00956757358432
0.00901177772903
0.0133871887157
0.0131001846742
0.00899719920949
0.0143898211081
0.0105966127012
0.00869899655381
0.0145381691704
0.0082961655556
0.0101932082262
0.0089106510094
0.0084977140473
0.011112253813
0.00810253022633
0.00996047818843
0.0103886843832
0.00806457013634
0.0107190301913
0.00860735000176
0.0091853323267
0.00963647822253
0.00797946203391
0.0111496860499
0.00825671617063
0.00850631329899
0.00831340526365
0.00828182027994
0.0127332198183
0.0100081709645
0.0136411556933
0.00839747023778
0.00828182305768
0.0102791811661
0.0113096378829
0.00950153432528
0.0122155002303
0.0100520717353
0.00842647896922
0.0079908672439
0.0117348770632
0.00913692028333
0.0096241986807
0.00798379484373
0.0101210200163
0.00959460617072
0.0105854967659
0.00926932865901
0.00904299498811
0.010516460053
0.00992236759147
0.0103920825754
0.00804361779385
0.0131709472152
0.0104323588575
0.00938913899562
0.0113580962014
0.0105825355392
0.0100655223321
0.0113080704423
0.0120278313851
0.0114065444488
0.0104754752476
0.011145360706
0.00819921406891
0.00824368398507
0.00908611307471
0.00807606711482
0.00856109566378
0.00997399265334
0.0103293285655
0.00908942348814
0.0100378491967
0.011509346857
0.00898034354684
0.0104996991886
0.00906005821541
0.00925055070707
0.0125142611108
0.0105094541958
0.00987788667779
0.0100715234794
0.0114698798369
0.00795986674792
0.00875302883828
