0.00773572567506
0.00768386724633
0.00919637670621
0.00829171847615
0.00915873527921
0.00987067241638
0.0101331241631
0.00871122466228
0.0111215800185
0.0108792532124
0.0147619330017
0.0078366291005
0.0098419820439
0.011678787557
0.00880528585911
0.0256768210032
0.00861615360532
0.00948992971027
0.00849654916143
0.00833817586832
0.0179147461378
0.00880676227555
0.00916786673074
0.00824652947007
0.0143957941396
0.0101727297328
0.00760255654723
0.00802047941377
0.00931547633537
0.00972876815393
0.00809433474948
0.00839011078423
0.012501051745
0.00820780003246
0.00820860183357
0.0121981644749
0.00942556827407
0.00834061700922
0.00855598401367
0.00768584886513
0.0116690810604
0.00967321346971
0.00797844394318
0.0122787092754
0.00774642170232
0.0103223311
0.0113705548174
0.0121724645681
0.00997630286276
0.00773979754631
0.0100265576717
0.00799816366053
0.0122849980227
0.0130037173334
0.00911785673536
0.00936344902863
0.0131787530121
0.00846038929237
0.0098219855324
0.010659293006
0.00782201610975
0.0152387328673
0.00769702711788
0.0116799013803
0.00895459268785
0.0117148668598
0.00774749956053
0.0117253115852
0.00799272867756
0.0084685125975
0.00827860381429
0.0113860971072
0.00811355500187
0.00824802426179
0.00819571325231
0.00879919877328
0.0119469396477
0.0109983002686
0.00773389861255
0.0112335544761
0.00894740230841
0.0107494266447
0.00793272325489
0.011450283012
0.0102970755717
0.00860683151846
0.0079899607375
0.00816976517822
0.0166623254072
0.00946113738426
0.00932041148471
0.00851965911429
0.0104853175192
0.00855676109507
0.00818654762287
0.00795975354674
0.00963969665046
0.00999079289626
0.0085871364398
0.0183651188279
