0.0100245511408
0.00939873978482
0.0146744735242
0.00888418126842
0.0121637726157
0.0103833398565
0.0094326734914
0.0100508960444
0.00985559011883
0.0113146705181
0.00950796018172
0.0089156257699
0.00892841021935
0.010644218161
0.00966521314011
0.00863440476844
0.0107583721151
0.00845731789456
0.00861294007951
0.00938964666279
0.0107449827011
0.00838790963459
0.00976623142352
0.0113789490013
0.00912876542188
0.00912615968193
0.00854581528426
0.00843366340428
0.0113859690545
0.0106192804864
0.0092479629217
0.00911031391287
0.0104115339595
0.00844107408893
0.0129921008601
0.0083488892331
0.0123078271421
0.011147339037
0.0119658775758
0.00888184833906
0.00868537571832
0.00976895902537
0.00907476958524
0.0109124741132
0.00985498467819
0.0109965708284
0.0107806521154
0.00853135478696
0.0117186540952
0.00952209461299
0.00920257222355
0.00938042381201
0.00920365250466
0.0120147984646
0.00847966146802
0.0102100385659
0.00858425588279
0.0111716334112
0.00991334990528
0.00871067873953
0.0100155920853
0.00864344882265
0.00914353554943
0.0119998772774
0.0103791403781
0.0116164278011
0.0105566282808
0.00954908759573
0.00873596941167
0.00863818106704
0.0118405764769
0.0094056800694
0.00915650014148
0.0099624316925
0.0096644163922
0.00853364386291
0.0109799001796
0.0110206455992
0.0110479577483
0.011798909394
0.00868551173061
0.0107616186903
0.0111040768117
0.0101567510197
0.00912844525138
0.0106639494388
0.0120297860573
0.0108560603958
0.00864289365166
0.0104649563993
0.0128794017586
0.00996158981436
0.00867701024247
0.00856009794306
0.00868423984004
0.00893572926094
0.011772228096
0.00919654823288
0.00852601743224
0.0108380930508
