0.0101590577971
0.00805820670705
0.00782900325268
0.00828456670444
0.00922777264987
0.00950823085642
0.00974502364765
0.00773024816768
0.0105354634528
0.00898880577994
0.00821280170348
0.0118595621343
0.011308910567
0.00985189103075
0.00918524732329
0.0221661803156
0.00780502877649
0.00772864370477
0.00875935592865
0.0101387328527
0.00778394847857
0.00772568422663
0.0126903279611
0.014939386104
0.0135027315418
0.0125573308978
0.00765596282332
0.00769405872
0.00790650414718
0.00796635498654
0.00951143866544
0.00894660922195
0.00990613828634
0.0105218411299
0.0109928372732
0.00815813942037
0.00822622640646
0.0100791093949
0.00865255387304
0.00816175151192
0.0113299223009
0.0143691761065
0.0175133050768
0.00990807174323
0.00856951272666
0.00824377410211
0.0129674437467
0.00817460864463
0.00852187767984
0.00792336583777
0.0104701231368
0.00775990289312
0.0110789250387
0.00985188352819
0.00782613140672
0.00833481302467
0.011600170378
0.00766903665278
0.00903587285984
0.0126234098371
0.00792158991869
0.0118057172485
0.0102325532171
0.00760455651843
0.00937696795701
0.0140328408872
0.00762116834927
0.00820051679099
0.00883837780825
0.0209261628645
0.00794333233425
0.0107803292486
0.00844869746541
0.00877349580007
0.0112134855135
0.00794749270015
0.0100673403533
0.0156373670314
0.00935553575246
0.0132601981423
0.00771274904264
0.0101894216896
0.00899586986741
0.00777796935176
0.0111179654303
0.00825429607338
0.0085845462282
0.00932474860171
0.0117383305178
0.0101930986924
0.0108389755087
0.0102204845654
0.0100932121751
0.0082836133904
0.0143543714828
0.0107310085398
0.00887977492472
0.00931164660599
0.00929419342832
0.00968300283794
