0.00747090251334
0.00992204852749
0.00761127999934
0.00917152993101
0.00749286403945
0.00738374032462
0.0106934179337
0.0145234679487
0.00848211192199
0.0113605031336
0.00710771563579
0.0104557317721
0.00777699366477
0.00972932778876
0.00884806542239
0.00723300361098
0.00998336035398
0.00992141870076
0.00971208391313
0.00775566371651
0.017479343287
0.00786827479192
0.00862382248784
0.00849181468843
0.00908325328109
0.00762929143582
0.00722730852109
0.00924216113815
0.0102027307833
0.0133075469846
0.00933113825312
0.00773145107654
0.0100512199507
0.0102657304297
0.00773275176507
0.0116419008137
0.00818964815805
0.00991220089624
0.024514101102
0.0154042087522
0.0115947190732
0.0127573127292
0.00812737074432
0.0134469323465
0.0121262780089
0.0083533445427
0.00791063300472
0.00714536234158
0.0132368547709
0.00882025607202
0.0105484846633
0.0118506127334
0.00763553093411
0.00776903994665
0.00864337474053
0.0233267703542
0.00990173357403
0.0125711438838
0.00813659955898
0.0113761623955
0.0104549397135
0.00731590703603
0.00764025809953
0.0158002523982
0.0177691149745
0.00998186440347
0.00783567834341
0.00973540872212
0.00809762093248
0.018589168948
0.00756075171236
0.00944063073258
0.0074184263912
0.00894255266813
0.00803871378183
0.0110758555245
0.00802816177593
0.00723863610798
0.0125924421486
0.00790475713705
0.0155147558864
0.00865009822366
0.0103487349692
0.00735460586738
0.0115890347972
0.00733649326856
0.0122700857552
0.00883867096242
0.00828968165758
0.00752618182522
0.0120257161225
0.00793759627162
0.00873017403826
0.00901869938009
0.00923532390069
0.00891680036707
0.0085877658447
0.00842015508427
0.00727727781465
0.00882736054429
