0.0107085289851
0.00951163034546
0.0115865257775
0.0117286872403
0.00884871026993
0.00900740757134
0.00873488777907
0.0115584879614
0.00933772815999
0.0107745791832
0.00833385191512
0.0111930215844
0.00817233388971
0.00862919674746
0.00915871992639
0.0103902557973
0.0118368283873
0.0107256667163
0.00954137381665
0.0090831266757
0.0120265988433
0.0105176972467
0.00924189253606
0.00980419484571
0.00808429676633
0.0103739761529
0.00835145458433
0.00885371581087
0.00916236070551
0.00911945872583
0.00881898719215
0.009431222119
0.00962904316118
0.00901143010805
0.0144912604628
0.00844002353843
0.011386340172
0.00892322363215
0.0122083593688
0.0103117690913
0.0119407001147
0.0108001335328
0.0100139547302
0.00808717302209
0.00808713985848
0.012453155556
0.0124844320813
0.0136440497852
0.0085122132784
0.0132814467584
0.0112005681441
0.0117471950287
0.00843911617358
0.00844305648181
0.00894086042329
0.0104606968053
0.00894153715913
0.00976356399121
0.00832316210064
0.0100098611518
0.0105368574205
0.00911141645242
0.0119287982464
0.00903946706381
0.00817388819227
0.0113302486069
0.0123768078644
0.00901919172028
0.008073429204
0.0120291953808
0.00863286641928
0.00838538681909
0.010780728798
0.00861518566639
0.00968747058443
0.00834696859027
0.0132647939783
0.00835526794387
0.00822090910861
0.0104147977365
0.00826125298227
0.00857860370202
0.0115075657228
0.0122294432636
0.00811855217012
0.00865823386914
0.0120092243945
0.0114320594145
0.00881340074994
0.00862572038037
0.00893820397785
0.0086695073466
0.0135350698428
0.010121781402
0.00866046594844
0.00849070874455
0.00896580480154
0.0106820117401
0.011554035406
0.0132018083744
