0.00833659284114
0.0207527016168
0.0086214699614
0.00968693816436
0.00843687523535
0.013660522644
0.0141250561948
0.00936192067374
0.0229399692131
0.00991566952187
0.00813523087013
0.0101659349153
0.00796047467872
0.00812394593923
0.00819640513267
0.00858099943203
0.0109755722551
0.0109342331357
0.00856904035874
0.00790938327626
0.0121179921833
0.00919813431714
0.00853098552511
0.00816180297832
0.0102728326796
0.0147530227794
0.00830608013872
0.00816267668839
0.00896864999324
0.0127913108757
0.00970979899004
0.00784017865624
0.0107673045711
0.0113391243157
0.0079803918621
0.00934713368561
0.00989068888076
0.00856586520592
0.00824821832328
0.00820736755767
0.00814789470512
0.010989461704
0.00899480821181
0.0117025348816
0.00828147557742
0.00798219902075
0.0078710416054
0.0110543577036
0.0107968176161
0.0146685502034
0.00918183375116
0.00865195120691
0.00843887104195
0.0103881410424
0.00874397878039
0.0144901227988
0.00816161933219
0.00845070859559
0.00985319517164
0.00837530330129
0.00872724349231
0.0126462762799
0.00844703992199
0.00873004642484
0.00930885238609
0.00964536175818
0.0109586321962
0.0089669888667
0.0106537684982
0.00856782516083
0.0086726031728
0.00959498813173
0.00891122019125
0.0106100889059
0.0118394093861
0.00954933434417
0.00970548895261
0.0101416242611
0.00893525784415
0.0104992072444
0.00881191211277
0.0108848694537
0.0106866194187
0.00899940729339
0.0114802476816
0.00870258414079
0.00897083729369
0.00966547343303
0.00864005166308
0.00824117005146
0.0100382387972
0.0096747210138
0.00840299279665
0.00854120109129
0.0102047816208
0.00955998407879
0.0116346550107
0.0197715519546
0.00987271068988
0.00833137046508
