0.0130709560456
0.00970107094437
0.00943239841822
0.00831525819141
0.00950880935609
0.00888933113938
0.0105873691194
0.00979624071361
0.00802772580848
0.012145821205
0.008413611269
0.00942871175245
0.00834505374377
0.0114973669807
0.0128875134669
0.0107053972773
0.00908407008363
0.00857668043017
0.0082132554345
0.0083674714476
0.0109440213111
0.0126945936611
0.00927619141001
0.00797677522383
0.00817277817011
0.0135670879655
0.00955660964229
0.0187015395309
0.0116346229831
0.0116119603125
0.00818742862061
0.00839763369146
0.00986630524263
0.00939346465387
0.00861362987306
0.00881383944921
0.0117297001161
0.008313054839
0.0127030518798
0.00847861791313
0.00935225188615
0.00837092441268
0.0100099042967
0.00877925525777
0.00984838270789
0.0101456543685
0.00850941039307
0.00893939003388
0.0129271348252
0.0084079825785
0.00812263924276
0.00930559019486
0.00956270952332
0.00908216645118
0.0115562173235
0.011651456879
0.0110715561105
0.0122644287735
0.0100655461024
0.0095412504257
0.0111822288674
0.00947433587953
0.0141065763536
0.00938516211459
0.0123021533512
0.00941589078261
0.0116095281146
0.0109896964313
0.00824348396475
0.00920641458478
0.00821213972828
0.00814453730761
0.00827378719458
0.00798240290882
0.00938162154794
0.00997159011089
0.0105654584103
0.00887667836418
0.00805742791584
0.00847427021602
0.0105548067703
0.00874115346844
0.00865730158676
0.0125393021688
0.012862517433
0.0088826128682
0.0134771760808
0.0102197540198
0.00913257078802
0.012265735086
0.00877661462369
0.00811107071119
0.0102129553897
0.00871318673664
0.00942871565741
0.0134252063576
0.00909827402314
0.00943917636693
0.0106341693848
0.00983144522606
