0.0107019518781
0.00841759672034
0.00801033958849
0.00980989837984
0.0100587043791
0.0112935821781
0.00970234100125
0.00980581426353
0.00807574325586
0.0128146130274
0.00780880988898
0.011707579119
0.00780379870186
0.00824895676178
0.00916327511145
0.0117971630575
0.00790534441054
0.00882074877994
0.00907768562287
0.0111885931479
0.00790993902667
0.0106681991701
0.00779082090997
0.0117626471522
0.00824564344921
0.0124249867478
0.00829111509044
0.00788955863826
0.00865001691002
0.00914975960063
0.00811070024745
0.00936401966291
0.0110370337684
0.0098963243647
0.00775932157382
0.0120859617249
0.00819567260814
0.0147426049378
0.010542038308
0.0102155426364
0.00870804934695
0.0140314921236
0.0142769542234
0.0112517603807
0.00804671864705
0.0130023378782
0.00990654612662
0.00834135418526
0.0105208897735
0.00870423414339
0.0120962657345
0.00787033107139
0.010031889704
0.0079485329364
0.0127588100553
0.0104719262258
0.00867150358457
0.0105833278798
0.0147206573909
0.00769425443863
0.00815812017741
0.0121670278873
0.00979672056665
0.0102083138882
0.0102584700667
0.0097238988948
0.0125959569631
0.00801397187364
0.00947981117644
0.00889252451248
0.0149049273595
0.00985339635157
0.00989240725403
0.00990897036151
0.00803461766978
0.0115288712002
0.00773524220557
0.00956028114784
0.00927271093531
0.00807103428664
0.0112766022128
0.0123465569178
0.0127203179768
0.00893163591201
0.00892319026817
0.0134780651794
0.00789482074472
0.0080349677761
0.00838133213458
0.0117824504644
0.00842241005311
0.00827977916753
0.0087454896994
0.00866291408861
0.0105676811216
0.0122278996557
0.00890432457187
0.0155648022064
0.0110844467237
0.00913075669528
