0.00930878159764
0.00857814104263
0.0136696996036
0.00897789877218
0.00840388163222
0.00933964149234
0.00833328853237
0.0102039174577
0.0101944443562
0.00921615185402
0.012949379541
0.0145164609395
0.0143740409813
0.00802881618469
0.0103974472321
0.00943071015513
0.00820181680355
0.00795158218535
0.011316248861
0.009062895481
0.0140562566393
0.00915616798142
0.0105560412808
0.00788239819363
0.00895661495338
0.00944118493315
0.0101437248561
0.00873227745045
0.00786541626486
0.0083954788166
0.00984476262084
0.00779713090357
0.010677432592
0.0114058224236
0.0102534727243
0.0106680181297
0.00872221723301
0.00846281717599
0.00902930620722
0.0137395580828
0.00773947959897
0.012177474008
0.0100503585914
0.00991474030184
0.00896586156035
0.00853738409605
0.00993608129139
0.00869070769728
0.00902163613204
0.00806835963668
0.00847493441714
0.00992906957136
0.00835105865616
0.0089669031583
0.00903010276181
0.0102517480359
0.00924787636284
0.0127000842933
0.00777908052564
0.00778714069095
0.0098691833633
0.00917955362114
0.00940723149675
0.0106275332672
0.0116573775093
0.0108578870291
0.0077120517376
0.0105054580642
0.00875871440793
0.0137506306663
0.0100392349864
0.01126498814
0.0116016417253
0.010800431771
0.0121694715164
0.00847821228154
0.00832208888993
0.0129869019335
0.00836116808542
0.00768754897026
0.00775398669574
0.0129892923651
0.00815080580909
0.00975267380706
0.0105586200062
0.00863649355273
0.0116097664461
0.0106272091203
0.00798671366892
0.0127646771465
0.0117326014964
0.0109854829026
0.0158020995245
0.0117512389605
0.0116067228662
0.00957257695929
0.0102131057471
0.00783572860314
0.00925427807995
0.0125171912243
