0.00767079949193
0.00729812675516
0.0139881423324
0.00771539264942
0.00729722589292
0.00876176636061
0.0151435279793
0.00779116124295
0.0110469261188
0.0113962122195
0.00937398086311
0.0100037403517
0.00988913781826
0.00762773740305
0.0132986393477
0.00788714845605
0.00968066193605
0.0111117058669
0.00716351698312
0.00894206517977
0.0123058015879
0.00871811073073
0.00722887502599
0.0100388007496
0.0135570666534
0.00858791420183
0.00906024921719
0.00982579845347
0.00976338578388
0.00892920032012
0.00715535534808
0.0153941462752
0.00860466364428
0.00837154420108
0.0165855605166
0.0153682246789
0.0079814161971
0.00849693894672
0.00795666711086
0.01546756773
0.0104148935954
0.00746728505111
0.0105921169582
0.00842456964127
0.00846582814427
0.00964825088226
0.00735400936898
0.00987235406127
0.00929065607559
0.00908750463226
0.0081306003742
0.00937723178125
0.0084840588609
0.00771393548148
0.00980384701033
0.00731800119759
0.00744071372408
0.0090369719341
0.0141071441949
0.0170446391478
0.00803860698633
0.00723548889762
0.00791375578284
0.00782281557443
0.00960345239154
0.00785371454157
0.00763731626916
0.0138173034385
0.00740021474249
0.0148895415376
0.00829159364239
0.0105075375504
0.010034828401
0.0135732531827
0.0108437575657
0.0097833270758
0.0107903666953
0.0122019421342
0.00865694431731
0.00787121743008
0.00734911609711
0.0123331957541
0.00819121310205
0.0129888056789
0.0158203322643
0.0106957820315
0.0113640662855
0.00939624619452
0.00765810250087
0.00744411608871
0.0154633025012
0.0157934356177
0.00754855527426
0.00985995806436
0.00902508114357
0.00998366992469
0.0149743308906
0.00898912011896
0.00970317420089
0.00909190337047
