a    b    distance0    NDraws    time    dist_threshold1    
1.01556514313    -0.314444966212    0.208967176333    1    1.54327511787    0.337268706826    
1.07318557522    -0.411891513765    0.313536590219    1    1.09856700897    0.337268706826    
1.30812178446    -0.267768978614    0.316500414176    1    0.961116075516    0.337268706826    
0.998367323964    -0.458518809272    0.296948104192    2    3.49621200562    0.337268706826    
1.17156635071    -0.105026938207    0.179531920565    1    1.52329802513    0.337268706826    
0.77544223165    0.0527555504917    0.287049583732    3    4.48347401619    0.337268706826    
0.918069767598    -0.0987809430737    0.0840834228045    2    3.30834507942    0.337268706826    
0.924773704983    -0.147670284408    0.0759571694668    2    1.13445210457    0.337268706826    
1.0543669792    -0.334944200065    0.178895776585    1    1.04499101639    0.337268706826    
0.715326994007    -0.315137240507    0.32120879157    1    1.18066000938    0.337268706826    
1.08274861194    -0.394188717719    0.242940068095    1    1.72455000877    0.337268706826    
1.06143744299    -0.274327728023    0.123276794609    2    2.92647004128    0.337268706826    
1.01569934151    -0.265808307845    0.113831376325    1    1.32211494446    0.337268706826    
1.10330744111    0.056089248218    0.176552530475    4    5.58329296112    0.337268706826    
0.876287198877    -0.253205420758    0.161487420021    3    3.26394200325    0.337268706826    
1.05983683921    0.0173332216542    0.145259420666    1    0.951279878616    0.337268706826    
1.22452695915    -0.023212688793    0.247487047709    4    4.88976788521    0.337268706826    
1.049627198    -0.508405784822    0.296012717825    2    2.78996109962    0.337268706826    
0.937430880023    -0.313106067467    0.202412151091    1    1.40299510956    0.337268706826    
1.10094122731    0.0673502138966    0.181213001204    2    3.68776488304    0.337268706826    
1.13631783747    -0.0557588179141    0.167645243839    2    2.55728292465    0.337268706826    
0.961114366709    0.0274163330701    0.19478736869    5    6.16416501999    0.337268706826    
0.830792879401    0.124891223681    0.323102059212    1    1.77931499481    0.337268706826    
0.797444053362    -0.0977852699625    0.206759360457    1    2.37113499641    0.337268706826    
0.732737708822    -0.125650137842    0.282317986385    2    2.13704490662    0.337268706826    
1.24159204888    0.0448227566728    0.305494125297    3    3.61584019661    0.337268706826    
0.839109135866    -0.277116211876    0.23361190219    3    3.71626806259    0.337268706826    
0.915718883189    -0.12275607298    0.091400660816    1    1.55895280838    0.337268706826    
1.08355889058    -0.288763967845    0.177913852856    5    6.96758294106    0.337268706826    
1.1700308933    -0.406343812747    0.334139353443    1    1.37653398514    0.337268706826    
0.904823205123    0.0100654714279    0.142985963355    3    3.81292390823    0.337268706826    
1.32889655122    -0.10411288782    0.330034625887    3    3.4490442276    0.337268706826    
0.81856958332    -0.317342868454    0.255515607218    3    3.67697620392    0.337268706826    
1.22998071515    0.0661381284778    0.326744053846    2    3.04329299927    0.337268706826    
0.760323548651    -0.066191941994    0.2412657778    1    1.47263002396    0.337268706826    
0.79335806455    -0.139177219025    0.21677463002    1    1.45533800125    0.337268706826    
1.00296253741    0.121609701952    0.256398651108    4    4.7682390213    0.337268706826    
0.801803957164    -0.127073651101    0.199149210329    2    2.84460997581    0.337268706826    
1.14642007287    -0.301075298111    0.191157142729    1    0.983024835587    0.337268706826    
1.20453284677    0.140079059277    0.313738619108    1    1.01447796822    0.337268706826    
1.21320111983    -0.229419560021    0.228855235151    3    2.87846398354    0.337268706826    
0.801401442593    -0.0603670474795    0.201907215594    3    4.38426184654    0.337268706826    
0.808690945065    -0.148333886594    0.191014628462    1    1.19994306564    0.337268706826    
1.07861675618    -0.157102558539    0.0821688833579    2    2.26775503159    0.337268706826    
1.1204016975    -0.0158156128433    0.184340892487    1    1.2899711132    0.337268706826    
1.28517192932    -0.1176694254    0.295471033873    1    1.13210988045    0.337268706826    
0.770363045086    0.0208910727497    0.279331618632    1    1.41900396347    0.337268706826    
1.17373494595    -0.159519205962    0.185665668723    2    3.08090186119    0.337268706826    
0.819885556778    -0.264808940691    0.196316639481    2    4.01578211784    0.337268706826    
0.663953747311    -0.168242207497    0.336069243683    1    1.10689806938    0.337268706826    
0.873749183802    0.0511251929742    0.21883319409    3    3.44695687294    0.337268706826    
1.21037402995    -0.23889808392    0.235342639882    1    0.871694087982    0.337268706826    
0.889760983499    -0.104793090448    0.1099782857    2    2.43273997307    0.337268706826    
1.13052972802    -0.365273697208    0.235343487196    1    1.92444705963    0.337268706826    
0.84773520757    -0.311087260054    0.193195971961    1    1.32562994957    0.337268706826    
0.808514967618    -0.0747216437758    0.191301487459    1    1.30996608734    0.337268706826    
1.24770808873    -0.109321069333    0.272720240489    3    3.48307800293    0.337268706826    
1.2489798535    -0.0924478900946    0.254615530479    2    2.1888551712    0.337268706826    
0.999901341858    -0.124936555674    0.0722074145206    3    3.32278490067    0.337268706826    
0.869674199513    -0.43871966185    0.274379058442    4    4.87124896049    0.337268706826    
1.1913014937    -0.254439058351    0.231986819917    1    1.03563308716    0.337268706826    
0.813023014545    -0.106882988343    0.198896406531    3    2.48343491554    0.337268706826    
0.739379219843    0.0671992783284    0.332641742728    3    3.37325906754    0.337268706826    
0.777235339754    -0.219809745227    0.268860393922    2    2.88498401642    0.337268706826    
0.839234790935    -0.00935699585709    0.241703680089    1    1.38480615616    0.337268706826    
0.91655387482    -0.271441972513    0.142639421621    1    1.0122358799    0.337268706826    
1.00853680002    -0.147164010494    0.0236239342685    1    0.992819070816    0.337268706826    
1.08473194881    -0.190093054218    0.0880106617084    8    8.73763108253    0.337268706826    
1.23316448792    -0.12666949258    0.256033595641    4    4.54738688469    0.337268706826    
1.13895527885    -0.0815443509752    0.139570048214    1    1.50908708572    0.337268706826    
1.08513983066    0.0973445208069    0.278368652719    1    1.13204288483    0.337268706826    
0.883664194371    -0.406270571647    0.256450914776    1    1.32435894012    0.337268706826    
0.753886762264    -0.173537394211    0.246091701269    1    1.3228931427    0.337268706826    
0.896298662138    0.0951930293438    0.24282101276    2    2.13749694824    0.337268706826    
1.0677671728    -0.116503945343    0.114603734146    1    1.07244992256    0.337268706826    
0.825616696799    -0.347362413019    0.27911769931    8    8.37629508972    0.337268706826    
0.808149309853    -0.159259853093    0.198726827537    1    1.0570898056    0.337268706826    
0.981802236922    -0.0996110087444    0.0709930866366    1    1.02048110962    0.337268706826    
1.20710026352    -0.0650006078445    0.211257113825    3    3.50532102585    0.337268706826    
1.08961818592    -0.121074153107    0.121078952558    1    1.27151083946    0.337268706826    
1.28347215887    -0.291115169017    0.311405257824    1    1.35145187378    0.337268706826    
0.923878354861    -0.231422586249    0.107160278842    2    2.25515222549    0.337268706826    
0.854230497694    -0.0439653661232    0.147099988467    1    0.964902877808    0.337268706826    
1.07637442759    0.0381999245941    0.212995980858    1    0.944010019302    0.337268706826    
1.24046349295    -0.0396700389839    0.278685573287    1    0.896405935287    0.337268706826    
1.00288506484    -0.191253658723    0.0713499169955    1    1.15080285072    0.337268706826    
1.08069382327    -0.386089910718    0.322744815631    2    2.60572504997    0.337268706826    
1.06945257011    -0.0338416053687    0.0869679176336    1    1.0398170948    0.337268706826    
1.19509059677    -0.384034700781    0.288687558543    1    0.784284830093    0.337268706826    
0.904081598811    -0.202412353995    0.11994833021    6    3.18757295609    0.337268706826    
0.847186903024    -0.400756832441    0.284849395056    1    0.487838983536    0.337268706826    
1.28081321703    -0.0907475084533    0.283161790402    1    0.943652153015    0.337268706826    
0.983726334162    -0.0458402203223    0.064991968036    4    4.30870509148    0.337268706826    
0.721033443256    0.0233237303154    0.307142554492    1    0.721731185913    0.337268706826    
1.00001543669    -0.181864060576    0.0354203940061    1    0.622753143311    0.337268706826    
1.20497908964    0.0485588003999    0.28395443184    3    1.8094420433    0.337268706826    
0.74222086628    0.0734665274942    0.327825814382    5    1.46213412285    0.337268706826    
0.999455824408    -0.265377697643    0.138814367996    2    0.377259969711    0.337268706826    
0.815988661368    0.114353627869    0.277988544814    2    1.83856391907    0.337268706826    
1.23308486847    -0.344288069106    0.315337437188    2    1.3808631897    0.337268706826    
