a    b    distance0    NDraws    time    dist_threshold1    
0.994865313534    -0.0812302839646    0.0368904513495    1    0.870959043503    0.067024688683    
0.948638365563    -0.115635073751    0.0510751716394    1    1.09920787811    0.067024688683    
1.04020336985    -0.0965335532479    0.0444922790262    1    0.902595996857    0.067024688683    
0.948997263668    -0.126066763108    0.0520169732847    1    1.06310200691    0.067024688683    
0.97467072249    -0.106263965875    0.0266848566755    3    3.16486597061    0.067024688683    
0.981713174307    -0.142039020657    0.0461400944274    2    1.93988418579    0.067024688683    
1.01816976605    -0.101120091655    0.0210249804812    3    2.98765707016    0.067024688683    
0.971946579488    -0.0416760566125    0.0498740440005    3    3.09627103806    0.067024688683    
1.00287107162    -0.128973476511    0.0171343633523    3    3.29232692719    0.067024688683    
0.968367493184    -0.112835115538    0.0511684215078    6    5.08794188499    0.067024688683    
1.04941537689    -0.0712232621156    0.0511855987768    2    1.81879806519    0.067024688683    
0.966242969982    -0.110187843204    0.0330097200937    3    2.6836078167    0.067024688683    
1.04013555406    -0.0828675116425    0.0558145676888    2    1.66302514076    0.067024688683    
1.01273116234    -0.0519617336528    0.035637886562    4    3.58273887634    0.067024688683    
0.976829160973    -0.07641518315    0.0358648275331    2    2.2434990406    0.067024688683    
0.946927212886    -0.0159793467309    0.0498414910743    4    3.24625205994    0.067024688683    
1.01332518352    -0.0478711200271    0.0281386858138    5    3.77104711533    0.067024688683    
0.976481187439    -0.127091418605    0.0226785757457    2    1.51940608025    0.067024688683    
0.988909971069    -0.0851845973749    0.0398883083084    1    0.84838104248    0.067024688683    
1.03271288322    -0.130001725167    0.042538755578    3    2.61120510101    0.067024688683    
1.01641978376    -0.0980309635656    0.0324439608955    2    1.87999796867    0.067024688683    
0.990977480246    -0.119824677925    0.0336264105932    8    6.65271186829    0.067024688683    
0.979394929394    -0.0311596859981    0.0551732347427    2    2.1612830162    0.067024688683    
0.938216473707    -0.12863897688    0.0643690630535    4    3.54678702354    0.067024688683    
0.980053020908    -0.109708316849    0.0404912051896    1    0.717828989029    0.067024688683    
1.02164784025    -0.158304231973    0.0309063619196    3    3.14861083031    0.067024688683    
0.95577981907    -0.109386554185    0.0660263691943    1    0.885718107224    0.067024688683    
1.03570470647    -0.111706707744    0.049110706107    5    4.50010490417    0.067024688683    
1.03846398056    -0.0935168582363    0.0604800477807    4    3.78173518181    0.067024688683    
1.0280904131    -0.106321786003    0.0372666330764    2    1.7749068737    0.067024688683    
1.01648724974    -0.102284065836    0.0542145787625    1    1.04277992249    0.067024688683    
0.991097373732    -0.175762963702    0.0535422715899    2    2.17422699928    0.067024688683    
1.01331560469    -0.0973160626436    0.0561502703865    5    4.62186694145    0.067024688683    
1.01807481439    -0.161650669585    0.0206627798673    1    0.898534059525    0.067024688683    
1.0070145993    -0.000870090710083    0.0267057449651    1    0.995366096497    0.067024688683    
0.984172099878    -0.0614698560724    0.0584059405416    3    3.28659105301    0.067024688683    
1.00511713271    -0.0330070885769    0.0242136132771    2    2.05234694481    0.067024688683    
1.01632582684    -0.0756229248283    0.0299753108812    2    1.7194750309    0.067024688683    
1.03076835114    -0.0399462531157    0.0379656635385    1    0.810661077499    0.067024688683    
0.974736731254    -0.124427181776    0.0501505501504    2    1.58960103989    0.067024688683    
0.947137651179    -0.118167037614    0.0644399359951    6    4.58712816238    0.067024688683    
1.01767093855    -0.065104939381    0.0341360519094    8    7.37030696869    0.067024688683    
0.997482534399    -0.122907517191    0.0464806091787    1    0.831214904785    0.067024688683    
1.00720250352    -0.160626120318    0.0558939923261    2    1.76528716087    0.067024688683    
0.958288368787    -0.0850742931554    0.0451120818286    3    3.10968184471    0.067024688683    
1.02818219111    -0.0860107576747    0.0328188455285    1    1.11015105247    0.067024688683    
0.990222824506    -0.107678292379    0.0084073967637    1    0.930683135986    0.067024688683    
1.01122293304    -0.0884023824481    0.0184197073787    3    2.881909132    0.067024688683    
1.02824011629    -0.11349515597    0.0301271145458    2    1.59921884537    0.067024688683    
0.950890500471    -0.0508521268304    0.0646910131668    3    3.06354999542    0.067024688683    
0.982280348626    -0.0679792778255    0.0188968288134    2    1.86922907829    0.067024688683    
0.985985318155    -0.0658379209179    0.0214326443633    3    2.71645712852    0.067024688683    
1.05155206293    -0.108813747206    0.0540807098908    3    2.72366309166    0.067024688683    
0.959767345977    -0.0178082325902    0.0655187611243    4    5.16250610352    0.067024688683    
1.05058117517    -0.146861865257    0.0642807241064    2    2.35517406464    0.067024688683    
1.00345528336    -0.102947433369    0.0383420320619    1    1.22218394279    0.067024688683    
1.04038562491    -0.0108034185604    0.0649696019012    3    3.72079610825    0.067024688683    
0.995145042511    -0.117017587257    0.00714909025248    1    0.913441896439    0.067024688683    
1.02003175833    -0.0578298521733    0.0465118586344    6    6.66989898682    0.067024688683    
0.94500955291    -0.115436560413    0.0606494617007    1    0.828128099442    0.067024688683    
1.00304741623    -0.0582158337548    0.0524480123868    2    2.50542497635    0.067024688683    
1.00806373338    -0.142971697127    0.0511571005905    1    1.27551198006    0.067024688683    
1.0089941178    -0.0344104045335    0.0415041303632    10    9.30239605904    0.067024688683    
0.951306813717    -0.0437376228514    0.0635622306668    1    1.02224397659    0.067024688683    
0.976351636413    -0.0569314782917    0.0263838638551    3    3.01149988174    0.067024688683    
0.982847943608    -0.1076634045    0.0555353810275    2    1.93232798576    0.067024688683    
0.969109646941    -0.0555191065625    0.0483139128941    1    1.42598414421    0.067024688683    
0.983305978995    -0.14578557282    0.0569442729366    1    1.09988808632    0.067024688683    
1.00743918876    -0.0466592656842    0.0103319326396    2    2.03096914291    0.067024688683    
1.02121434358    -0.0462655250864    0.0259195379859    4    4.12059116364    0.067024688683    
1.00407758085    -0.108290152349    0.0148731361592    2    1.66786789894    0.067024688683    
1.03497059489    -0.132860468137    0.044511507196    3    2.67957496643    0.067024688683    
0.986589052177    -0.109019581688    0.0224373116342    1    1.13878703117    0.067024688683    
1.05728282844    -0.0978466749371    0.0589271657288    3    2.97672009468    0.067024688683    
0.992232831615    -0.0240169734392    0.0549202015449    5    4.1829559803    0.067024688683    
1.00280131905    -0.132316774043    0.00923802594313    7    6.05582308769    0.067024688683    
0.962305069551    -0.101700622482    0.047094447973    4    3.42569208145    0.067024688683    
1.0247390383    -0.0721507117843    0.0313768780014    2    2.48231506348    0.067024688683    
1.05377503751    -0.126322150986    0.0561076044367    2    3.13394403458    0.067024688683    
1.02170840275    -0.139791175125    0.0332687467818    1    1.01098585129    0.067024688683    
0.994019535144    -0.0818291554085    0.00535365000716    10    8.53623104095    0.067024688683    
0.933241811508    -0.120033311856    0.0649768395887    4    3.23310685158    0.067024688683    
1.01531932902    -0.0634613582453    0.0226275222971    3    2.51383805275    0.067024688683    
1.03048432938    -0.116157646778    0.0651042010748    3    1.80274009705    0.067024688683    
1.027112803    -0.0957684301854    0.0657429563143    2    1.66688609123    0.067024688683    
0.944215935241    -0.0791283258475    0.062794662949    3    2.6867389679    0.067024688683    
1.00405843193    -0.128714633272    0.0444720787149    1    0.944318056107    0.067024688683    
1.03946771435    -0.0504975571968    0.0451870282483    2    2.02234578133    0.067024688683    
1.02615506942    -0.0925414457401    0.0354024889492    2    1.91408205032    0.067024688683    
1.03168518191    -0.100528242098    0.0426360778227    1    0.82759809494    0.067024688683    
0.964906371003    -0.13039156919    0.0621805202364    3    3.18711709976    0.067024688683    
0.942819986169    -0.158565175735    0.0631297633564    2    1.60143303871    0.067024688683    
0.963680031836    -0.0692015196696    0.0351388458455    1    0.770060062408    0.067024688683    
0.944965474921    -0.0601077872896    0.0527026387432    5    4.56134915352    0.067024688683    
1.06108547218    -0.133221592979    0.0629569858927    1    0.792245149612    0.067024688683    
0.975686825591    -0.0496294543312    0.0530600641168    1    0.791552066803    0.067024688683    
1.02400119327    -0.0462906768267    0.032817173891    5    2.61765003204    0.067024688683    
0.959790932043    -0.0669670865216    0.065675681369    1    0.365485906601    0.067024688683    
0.982936476914    -0.105290386024    0.0273391731922    4    2.90384793282    0.067024688683    
0.993139951202    -0.167350379356    0.0516009219308    5    1.70103001595    0.067024688683    
