a    b    distance0    NDraws    time    dist_threshold1    
1.00341363567    -0.0985687471643    0.0171041960745    1    1.25586390495    0.0321875230436    
0.985404350381    -0.162309873038    0.019740893094    2    2.33771109581    0.0321875230436    
1.00043538926    -0.097353727719    0.0202924512788    3    3.95402407646    0.0321875230436    
0.96837462813    -0.150026696331    0.0319445021722    5    5.07537293434    0.0321875230436    
1.00378218557    -0.111516428907    0.0235867040131    1    1.07573986053    0.0321875230436    
1.00836203533    -0.171178031444    0.0134451037839    1    1.26431012154    0.0321875230436    
0.982520222511    -0.133678534378    0.0168323786815    2    3.44485616684    0.0321875230436    
0.996846760969    -0.108484669138    0.00479793164864    17    18.161689043    0.0321875230436    
1.00327013511    -0.124401554577    0.0179504179089    3    3.5253329277    0.0321875230436    
0.996661289207    -0.144913090043    0.0091525609601    9    10.2608771324    0.0321875230436    
1.02998129798    -0.154336175748    0.0315602872266    1    0.862810850143    0.0321875230436    
0.975195469979    -0.166101361737    0.0237845373767    3    4.267537117    0.0321875230436    
1.00948850085    -0.115631763696    0.010923231149    14    16.7527420521    0.0321875230436    
1.00017292782    -0.136025222688    0.020564962259    6    10.2420630455    0.0321875230436    
0.99775631535    -0.109630489621    0.0286709236527    6    7.45508790016    0.0321875230436    
1.02108961984    -0.139785783042    0.0226285948966    3    3.47509694099    0.0321875230436    
0.992314673274    -0.158541172235    0.0172181639662    7    7.99809503555    0.0321875230436    
1.00675226714    -0.165246142038    0.0119198605294    13    15.8638710976    0.0321875230436    
0.993967381292    -0.119499043948    0.0128180909765    2    2.07051801682    0.0321875230436    
1.00170855185    -0.162400096203    0.0159326991671    5    4.14855098724    0.0321875230436    
1.00093967538    -0.140783252833    0.0110881713997    5    4.5234348774    0.0321875230436    
1.00427307302    -0.136514271972    0.0317754148714    3    4.01368021965    0.0321875230436    
0.998938778067    -0.115751323555    0.0218362603201    4    3.27806615829    0.0321875230436    
0.998605403987    -0.119221514406    0.00712490557766    6    6.82202601433    0.0321875230436    
0.977060585108    -0.163377886482    0.0268857625609    1    1.63066101074    0.0321875230436    
0.99759257103    -0.114457433582    0.00308381121973    1    1.64254999161    0.0321875230436    
1.02160648423    -0.0871042927754    0.0242775199845    9    10.8340089321    0.0321875230436    
1.01507012514    -0.181706522703    0.0152462816444    12    16.7368981838    0.0321875230436    
1.00707761043    -0.0831245883935    0.0171745549662    5    5.61729598045    0.0321875230436    
1.00331062123    -0.162841053137    0.00378325766737    2    2.20200109482    0.0321875230436    
0.976637626868    -0.096162546476    0.021603788481    19    26.7715988159    0.0321875230436    
1.00604345257    -0.16653563637    0.0261024109769    2    2.73437595367    0.0321875230436    
1.01990009221    -0.17231691207    0.0214299862027    8    10.7871961594    0.0321875230436    
1.00837521009    -0.145991519377    0.00942918652747    2    2.1557469368    0.0321875230436    
0.989871326733    -0.119275638939    0.0314673985797    4    5.39828491211    0.0321875230436    
1.01095622749    -0.131829748459    0.0277159304774    6    7.45202708244    0.0321875230436    
0.998977616791    -0.0903331096008    0.0221351030125    1    0.955548048019    0.0321875230436    
0.98862668847    -0.132653630117    0.0221805226005    5    7.11279296875    0.0321875230436    
0.994884688727    -0.172341956715    0.0107773823031    11    19.7837719917    0.0321875230436    
1.02439636353    -0.124970810455    0.0251987251481    2    2.49848890305    0.0321875230436    
1.02259926861    -0.183474642806    0.0270584022336    11    13.8086121082    0.0321875230436    
1.01269940546    -0.135798555972    0.0159617983623    2    1.9829120636    0.0321875230436    
0.995990485402    -0.109193287086    0.0312120897088    4    5.67036890984    0.0321875230436    
0.980456295512    -0.0827182578563    0.0224504894501    2    2.44163703918    0.0321875230436    
0.985948753651    -0.180624154525    0.0279752271409    1    1.7367181778    0.0321875230436    
1.00885564002    -0.127072472685    0.0169016636237    5    8.45963978767    0.0321875230436    
1.01499813086    -0.115682762624    0.0159662884059    4    7.80152082443    0.0321875230436    
0.9873836863    -0.122394592861    0.0285000488053    1    2.02620792389    0.0321875230436    
0.999256578874    -0.174882452803    0.00874959410193    11    19.4256780148    0.0321875230436    
0.97148803312    -0.11247465264    0.0308438769376    2    3.79937195778    0.0321875230436    
0.99797844802    -0.166823923641    0.00336635089005    9    17.595927    0.0321875230436    
0.973323843002    -0.157156629671    0.0259422991406    9    13.2770860195    0.0321875230436    
1.00558902298    -0.120282309264    0.0184988650788    2    3.51833415031    0.0321875230436    
0.972855557477    -0.191493507635    0.0258884659513    1    1.83161115646    0.0321875230436    
0.981379100788    -0.0841950305619    0.016524110984    9    10.2370219231    0.0321875230436    
1.01506093351    -0.138239737054    0.0166893408383    2    2.2832300663    0.0321875230436    
0.98644854193    -0.153754466391    0.0149029433935    3    4.8902490139    0.0321875230436    
0.982082567726    -0.161947845567    0.0178127895209    2    3.48212599754    0.0321875230436    
0.97371662412    -0.126401172336    0.0304526512491    1    1.79289889336    0.0321875230436    
0.986908765176    -0.145313228551    0.027600012144    9    13.0192980766    0.0321875230436    
0.985799483869    -0.130199121064    0.02024531623    3    3.51330399513    0.0321875230436    
1.01431203821    -0.150154232389    0.0236997697994    1    0.866713047028    0.0321875230436    
1.02300161843    -0.103230020891    0.0272849236814    1    1.0204179287    0.0321875230436    
0.986167222967    -0.151178375967    0.0201336815802    3    3.69044208527    0.0321875230436    
1.01176762583    -0.126935847194    0.0304927965879    2    2.34632301331    0.0321875230436    
0.985775186835    -0.13321810786    0.0267234865115    5    6.59514904022    0.0321875230436    
0.983687504004    -0.111988888725    0.018673811568    1    1.2256360054    0.0321875230436    
0.999490072692    -0.109482095862    0.00445453627413    1    1.28831005096    0.0321875230436    
1.01550653928    -0.157048806463    0.0162141146607    1    1.39363288879    0.0321875230436    
1.0185878296    -0.0721658720183    0.0212642370327    11    12.3150961399    0.0321875230436    
1.02629106847    -0.200899546345    0.0308043465456    5    5.87269711494    0.0321875230436    
0.985949663333    -0.0797185505423    0.0129241102751    6    7.76373100281    0.0321875230436    
1.0121659223    -0.187648183425    0.0177506411788    4    3.9528799057    0.0321875230436    
1.01286920029    -0.0936370060436    0.0312528387341    3    3.81575202942    0.0321875230436    
0.99157424555    -0.139203132264    0.0298001728203    8    9.7711648941    0.0321875230436    
0.998212822126    -0.109996019279    0.00515738600802    2    3.25880908966    0.0321875230436    
0.992962156926    -0.13478863311    0.00690506667336    2    3.3494489193    0.0321875230436    
0.985616638409    -0.114092523628    0.0220122360333    7    8.9897339344    0.0321875230436    
0.991239276743    -0.134752569131    0.0076563453903    1    1.07801604271    0.0321875230436    
0.992556556924    -0.133170277666    0.00919828617667    1    0.952159881592    0.0321875230436    
0.977860102466    -0.167908099925    0.0246233538263    5    5.54983186722    0.0321875230436    
1.00532985331    -0.100358906335    0.0196219967101    1    0.957164049149    0.0321875230436    
1.0120989281    -0.183049639047    0.0255695192148    1    0.965960025787    0.0321875230436    
0.990151665996    -0.158691912998    0.00878023053426    4    4.36230683327    0.0321875230436    
1.00174224048    -0.118006364029    0.0109895264623    1    0.748471975327    0.0321875230436    
1.01557885991    -0.166832274522    0.0170527159526    1    0.850892066956    0.0321875230436    
0.971640566454    -0.100772786033    0.0283893455114    3    4.78755283356    0.0321875230436    
0.97474784207    -0.152130245746    0.0282264022018    13    15.7524199486    0.0321875230436    
1.01039767928    -0.15651541821    0.0120038114433    1    0.487107992172    0.0321875230436    
1.00071721902    -0.194399900923    0.0309708637297    2    0.957804918289    0.0321875230436    
0.977826513595    -0.194934932197    0.0270914657119    1    0.56671500206    0.0321875230436    
1.00443822082    -0.133506751973    0.0285062647031    4    5.04430294037    0.0321875230436    
1.01005568643    -0.128723003207    0.0140264618485    3    4.38063788414    0.0321875230436    
1.00501227393    -0.0928053285813    0.00989826935029    10    8.85662293434    0.0321875230436    
0.9856009906    -0.220150650394    0.0285912231921    1    0.497988939285    0.0321875230436    
1.01297334781    -0.153909486352    0.0243083927869    1    0.264825105667    0.0321875230436    
0.999439318194    -0.216307109385    0.0286443169685    9    1.85594701767    0.0321875230436    
0.982704780346    -0.115303588858    0.0263188980805    10    2.66862416267    0.0321875230436    
0.984126907148    -0.17224039033    0.0316106822022    4    4.86168384552    0.0321875230436    
0.984349071369    -0.107414107009    0.0315612376177    6    6.73746013641    0.0321875230436    
