0.0101889317754
0.00667886519152
0.00766237127573
0.0168723558831
0.00717157082223
0.00908592455385
0.0104655805425
0.0111547140421
0.00670574774385
0.0121462806584
0.00751402567337
0.00925940138392
0.0103039001668
0.00696031357737
0.0143054156073
0.00923021084792
0.00976577504625
0.00849059746197
0.00935228384116
0.00687273121066
0.00797050171941
0.0176081044249
0.00753378866532
0.00952980311558
0.0070473625439
0.00729478095334
0.00649237518677
0.00957506051426
0.00986773651825
0.00668693574514
0.00686878581789
0.00862595852421
0.00972022010117
0.0303498342966
0.0201265583306
0.0119713149165
0.0311095265219
0.00693286643783
0.00852914197093
0.00705451356919
0.00834866972293
0.00675002729102
0.00709705324564
0.00762504368013
0.010516845195
0.0122756203516
0.0103571075566
0.01949415112
0.0125264291244
0.0108923937643
0.0075965380793
0.0219996141648
0.00920760821553
0.00769510934499
0.00692118280693
0.00712763009374
0.00765249745628
0.00937080324233
0.0134412561011
0.0170071414572
0.00980699424981
0.00889591769022
0.00697068230434
0.0350620479808
0.0105221500701
0.0101402755217
0.00652727042751
0.00976506161538
0.00668069480377
0.00750228290757
0.00883176522703
0.0066630389053
0.0140281337886
0.00841877935226
0.00923018728102
0.00713609718471
0.00683700683405
0.00893880890825
0.0108756417934
0.00798788711942
0.00692955738799
0.0115855448563
0.0117085563279
0.00686573659204
0.00807940050024
0.00856008170298
0.00764289042316
0.00830141467892
0.00823149026262
0.00673863717403
0.00892516249869
0.00713553352591
0.00683407106802
0.00656844343519
0.00649164671035
0.00706663661798
0.00829663062418
0.00643880432311
0.00968033780144
0.0121138103308
