0.00739583435101
0.00825459329144
0.00744927989592
0.0116320277956
0.00869127217459
0.0208903893531
0.0110689817113
0.008768212461
0.0141464866696
0.0104083660765
0.00739958395291
0.00888567346802
0.00904481760128
0.00807036657408
0.00882030825954
0.0123343233731
0.00752789079085
0.0124458967712
0.0132940570137
0.00979858369513
0.00730308260218
0.00784862909741
0.0103708130384
0.00856792971204
0.0105252321177
0.0109979458479
0.00808561285082
0.00995240810383
0.00838172696257
0.0091741630733
0.00750209616212
0.00862288531677
0.0106109758797
0.00917530216972
0.00728459589119
0.00893380478847
0.00907429325064
0.0110099463093
0.0102507796081
0.00764984357631
0.00747851858619
0.00839768496921
0.0214161426105
0.00920566657156
0.0160299596951
0.00906666503151
0.0075815504322
0.0090876164811
0.00961483837297
0.0145750230435
0.0179894397032
0.010814877832
0.00819544108494
0.0135144087636
0.0106865335146
0.00737093021027
0.022987391795
0.0100059456965
0.00881825419935
0.00741342216695
0.0106075002386
0.00955797963718
0.0106930352763
0.00882369250996
0.0129328267755
0.00931192795903
0.0127799229253
0.00755463066039
0.0110797359692
0.00776630087483
0.00808618258787
0.00869618490805
0.0105666346396
0.00939861780209
0.0117596230319
0.00882445006512
0.00728248864203
0.0099144383723
0.00804159909083
0.00972549537122
0.00809745593218
0.00728166140825
0.00731116525904
0.00796810617423
0.00864053658149
0.0129484719337
0.00875261065477
0.00814404072966
0.00767417030198
0.00881964957207
0.00767138440897
0.00803944762309
0.00770460429777
0.0118903728563
0.00969406325994
0.0079095182082
0.0211643465405
0.00727682434683
0.00865540992526
0.0130535702497
