a    b    distance0    NDraws    time    dist_threshold1    
0.969034904411    -0.122006922135    0.0302866024853    2    2.9201669693    0.0590416833753    
1.02417141673    -0.204737639823    0.0455239355121    6    8.47708392143    0.0590416833753    
1.03977167219    -0.118678623803    0.0442986268429    1    1.15660786629    0.0590416833753    
1.02226764269    -0.150114013494    0.026718788914    2    2.28650188446    0.0590416833753    
1.03338583127    -0.233225580706    0.0367544053467    5    5.85153079033    0.0590416833753    
0.978703700056    -0.184555383211    0.0325888332959    5    6.83428001404    0.0590416833753    
0.947758674146    -0.0948553495043    0.0515622151225    1    1.4506289959    0.0590416833753    
1.02222346635    -0.176383598613    0.023243882975    1    1.03298902512    0.0590416833753    
0.94189475416    -0.122320784788    0.0570071925149    1    1.14378190041    0.0590416833753    
0.972638972523    -0.135746326184    0.0443308435904    3    3.57245206833    0.0590416833753    
0.950171515756    -0.108379044541    0.0547533736911    1    1.1250500679    0.0590416833753    
0.985187327652    -0.131816669352    0.0154682127648    2    1.99542403221    0.0590416833753    
0.992670007314    -0.0674180519229    0.0244201355196    1    1.09137701988    0.0590416833753    
1.00980769249    -0.0829910985926    0.0490347346301    2    2.68862509727    0.0590416833753    
0.95619186063    -0.105419981561    0.042429030895    1    0.996681928635    0.0590416833753    
0.994919458597    -0.106726857613    0.0477040144071    2    1.873513937    0.0590416833753    
0.964092943901    -0.169203809706    0.0574469625572    1    0.798341035843    0.0590416833753    
0.988898758462    -0.153047071172    0.0297525654073    2    1.49352622032    0.0590416833753    
1.02493737571    -0.0774348452344    0.0530111494941    2    1.82689094543    0.0590416833753    
1.00320109506    -0.138024165943    0.0141920352873    6    6.56138396263    0.0590416833753    
0.963985229051    -0.161968834711    0.0368153053708    2    2.21674203873    0.0590416833753    
0.993510330123    -0.163709044778    0.036799920139    4    5.2712521553    0.0590416833753    
1.01219674089    -0.161244398147    0.0281697122816    6    7.24737405777    0.0590416833753    
0.955876138399    -0.147750669143    0.0490702633096    1    0.969589948654    0.0590416833753    
0.986339909201    -0.148472134665    0.0362407090217    8    9.46905207634    0.0590416833753    
0.982457549588    -0.111018511617    0.0390400330388    1    1.01843190193    0.0590416833753    
0.999828141018    -0.0804432537971    0.035039239641    2    2.04151797295    0.0590416833753    
1.04659454545    -0.160356585213    0.0556303625346    1    1.13124084473    0.0590416833753    
0.947022444938    -0.0776735767671    0.0541978647097    2    3.066395998    0.0590416833753    
1.03787180777    -0.114767780659    0.0544748868097    3    4.45250511169    0.0590416833753    
1.0294532211    -0.0956344188929    0.0506580386037    2    3.21356391907    0.0590416833753    
1.04030110964    -0.135463056353    0.0442435379448    3    4.19480705261    0.0590416833753    
0.957797245977    -0.172640675822    0.0556878303358    1    1.11368393898    0.0590416833753    
0.976869608926    -0.147106123738    0.0557053664454    1    1.05401992798    0.0590416833753    
1.04038547859    -0.17775747449    0.0434237775613    1    0.998122930527    0.0590416833753    
0.973312780745    -0.149654178615    0.0310683283249    5    6.43727684021    0.0590416833753    
1.03682397365    -0.138176705495    0.0422800559207    1    1.29128193855    0.0590416833753    
0.953108515454    -0.212580869256    0.045749520811    2    2.59435200691    0.0590416833753    
0.975902474727    -0.0398475429054    0.0346401217998    1    1.52608704567    0.0590416833753    
0.99653650409    -0.0934449523687    0.0562862870157    3    3.60112786293    0.0590416833753    
1.02646611114    -0.1805040794    0.0416941731523    1    1.35035514832    0.0590416833753    
1.03194812861    -0.0952816293181    0.05894176146    10    14.383398056    0.0590416833753    
0.991816772476    -0.121502322379    0.0429379876281    1    1.13583993912    0.0590416833753    
0.996882604165    -0.130696782791    0.0399693278971    2    2.43436408043    0.0590416833753    
0.995903834357    -0.180115172986    0.0322672397735    7    9.82768392563    0.0590416833753    
0.987989951334    -0.151091768276    0.0585543885487    1    1.53120088577    0.0590416833753    
0.973130912505    -0.174888914889    0.038255005822    3    4.52496910095    0.0590416833753    
0.963265405608    -0.164995794294    0.0352625742956    6    8.9059650898    0.0590416833753    
0.979708807809    -0.160655739616    0.0196084337095    1    1.1044690609    0.0590416833753    
0.996269475076    -0.0549335302181    0.0578905513169    1    1.15821099281    0.0590416833753    
1.02591389857    -0.156783583769    0.0482388158368    1    0.852375984192    0.0590416833753    
1.00037075064    -0.187346346975    0.0077580861671    5    6.34884285927    0.0590416833753    
0.94928907495    -0.175519278665    0.0576813030991    1    1.17034101486    0.0590416833753    
1.00948776936    -0.105734230319    0.0506523239542    3    4.3761267662    0.0590416833753    
0.986851027609    -0.215530962114    0.0481918862873    4    4.43768000603    0.0590416833753    
0.980324074485    -0.153251748135    0.0206452322714    1    1.51577091217    0.0590416833753    
1.03854587263    -0.0933573567779    0.0502369442645    1    0.991981983185    0.0590416833753    
1.00122702792    -0.180686342885    0.00414379506002    1    1.30211400986    0.0590416833753    
0.984630748845    -0.110840349742    0.034159858137    1    1.49010801315    0.0590416833753    
0.985366384614    -0.201368042173    0.0226109090609    2    2.73525285721    0.0590416833753    
0.992204222537    -0.0654990406723    0.0518843387289    1    0.947236061096    0.0590416833753    
1.03587265965    -0.0983544848916    0.0431483307752    3    3.68561816216    0.0590416833753    
0.99273794094    -0.166335603293    0.00839715778755    5    7.54378294945    0.0590416833753    
0.958477179383    -0.142341907028    0.0398569203565    1    1.38246679306    0.0590416833753    
0.983680839729    -0.114398901116    0.0149314593335    5    7.40098595619    0.0590416833753    
0.982495005534    -0.121368599073    0.0282413601143    1    1.65632915497    0.0590416833753    
1.01979944542    -0.125505653306    0.0217863023741    1    1.66255116463    0.0590416833753    
0.97366179189    -0.0466050351312    0.0299763874229    1    1.10862112045    0.0590416833753    
0.979222504074    -0.156824854243    0.0242919093997    2    1.76237201691    0.0590416833753    
1.02514016022    -0.198038364663    0.027785492005    6    7.39543795586    0.0590416833753    
1.00632896424    -0.152012792487    0.0240838533861    1    1.63868904114    0.0590416833753    
0.989375593562    -0.103338153142    0.0176845125129    2    2.570084095    0.0590416833753    
0.994081403811    -0.236178782883    0.0425406718315    1    1.82783603668    0.0590416833753    
1.00572047176    -0.131178058001    0.0353650213915    4    5.97006702423    0.0590416833753    
1.01506949585    -0.14336700988    0.0303340900241    4    4.21488618851    0.0590416833753    
1.03778919414    -0.13923557561    0.0490171473799    1    1.11329483986    0.0590416833753    
1.03557074695    -0.164912181157    0.0474788471376    5    6.98085999489    0.0590416833753    
0.976116324532    -0.192175085404    0.0513008860732    3    3.50293517113    0.0590416833753    
1.01977330017    -0.156450122801    0.0244411549953    1    1.47081398964    0.0590416833753    
0.982176368007    -0.150408308221    0.0541745526021    2    2.72975802422    0.0590416833753    
1.01930313675    -0.164019362267    0.0447184759551    2    2.34938597679    0.0590416833753    
1.03403487586    -0.0884002649507    0.0418375696429    1    0.883170127869    0.0590416833753    
1.01519597434    -0.144829869871    0.0363103406427    1    1.31498193741    0.0590416833753    
0.949532590968    -0.128239789526    0.0502502876928    4    5.24492096901    0.0590416833753    
1.01737800182    -0.138124730383    0.0356618165344    2    3.43612408638    0.0590416833753    
1.03542230851    -0.221912077461    0.0490599466429    1    1.17619204521    0.0590416833753    
1.05251073026    -0.138058421603    0.0542077681522    2    2.83810305595    0.0590416833753    
0.957075691185    -0.176128160218    0.0489978409121    3    3.60147190094    0.0590416833753    
0.977743298645    -0.189289552194    0.0262635065029    2    3.47908997536    0.0590416833753    
0.970984195223    -0.11926211729    0.0489872158855    3    3.68153476715    0.0590416833753    
0.957020271399    -0.17943559407    0.0458067301973    1    1.03167796135    0.0590416833753    
1.01382523795    -0.190928307162    0.0509376821351    5    7.15094709396    0.0590416833753    
1.00991885661    -0.188835266816    0.0353070092608    1    1.00458502769    0.0590416833753    
0.980774720889    -0.124527596277    0.0420392791828    1    0.558827161789    0.0590416833753    
1.02900449961    -0.167234061007    0.0331876511686    2    0.493478775024    0.0590416833753    
1.0140023699    -0.181064959943    0.01606947915    8    1.98935294151    0.0590416833753    
1.04078418087    -0.141271657102    0.0504919445253    3    1.40226793289    0.0590416833753    
0.958143977296    -0.121870755076    0.0494650789288    1    0.315888881683    0.0590416833753    
1.02729822897    -0.174348416693    0.0392792987946    4    3.9933719635    0.0590416833753    
1.01397882452    -0.205654315928    0.050995801591    2    1.82474398613    0.0590416833753    
