0.0169360145744
0.0098059630686
0.00788297676903
0.0107038812152
0.00882040806767
0.00946028166107
0.0105348885748
0.0119264110917
0.00897914854632
0.00799613778131
0.00953201136625
0.0117555605395
0.00889268160505
0.00888239496387
0.00970201192381
0.00798747318258
0.00919843219527
0.0120633653834
0.0100639234328
0.0100842362609
0.0118104032558
0.0134055507206
0.00827454609297
0.0111810590574
0.00794180151463
0.011221211963
0.0132330065223
0.00883297330576
0.0115520560263
0.00946170861722
0.0108398822084
0.00966068188217
0.0121303847726
0.00807533213329
0.0120352052773
0.00850873844523
0.00915574753173
0.00939150461228
0.00849745792066
0.0125286628902
0.00970589511088
0.00941128585041
0.0102698010985
0.0080446366766
0.00797288342933
0.00837757840048
0.00844721750373
0.0109101367453
0.00854215479608
0.0102030198062
0.00791515761743
0.00803032992929
0.00924083815873
0.0125459739367
0.00936670116842
0.00967835905106
0.0104306754169
0.012899202902
0.00900951621595
0.00842880476606
0.0078699942541
0.00823503190063
0.0085059114673
0.00894607914914
0.00915523546658
0.00829917698193
0.00921229801009
0.012599918109
0.00816048072874
0.0109600370974
0.0082300987504
0.00850892737566
0.0165817824572
0.00776391235231
0.00752445881216
0.0111865377651
0.00782016759297
0.00805707405594
0.00783291643464
0.00893218289184
0.011318450571
0.0093088410458
0.00791793999451
0.014087638245
0.00941907565013
0.00822140622388
0.0106104411738
0.010005227814
0.0126107121477
0.00920699854819
0.0112270299841
0.0108384065426
0.011958420074
0.0114398650645
0.0134344768892
0.00882902361987
0.0128281150714
0.0105225935776
0.0138449542791
0.0096118762966
