a    b    distance0    NDraws    time    dist_threshold1    
0.983036920864    0.0281825962622    0.0154468209226    2    2.47911596298    0.0594581204351    
0.997455709697    -0.00858317435945    0.0336185561737    3    4.27390599251    0.0594581204351    
0.951234163454    -0.0118870969545    0.0468287536086    3    4.02742099762    0.0594581204351    
1.01804817519    -0.0123404049557    0.0240231438379    1    1.36258888245    0.0594581204351    
0.999858656998    -0.0734017603959    0.0515128962118    4    5.29894399643    0.0594581204351    
1.00062377322    -0.065600072606    0.0477691152328    3    3.38737297058    0.0594581204351    
1.0204473108    0.00976300095269    0.0292653385792    1    1.72122693062    0.0594581204351    
0.956716660484    -0.0177740428612    0.0418236828749    2    2.96837592125    0.0594581204351    
1.02502798442    0.0503034089357    0.0576085978294    2    2.26453995705    0.0594581204351    
0.981353808414    0.0494350516153    0.0217571067611    1    1.51502799988    0.0594581204351    
0.96248272509    0.0134359879426    0.0352433231412    1    1.6605758667    0.0594581204351    
1.0424162686    0.0317310188506    0.0593113692204    1    1.71677303314    0.0594581204351    
0.988214685734    0.0430071467826    0.0147256916526    3    4.70468902588    0.0594581204351    
0.983949431038    0.0549206762186    0.0413460101024    1    1.24801492691    0.0594581204351    
0.956919852963    0.00837927165587    0.0427989944804    1    1.33352208138    0.0594581204351    
0.985795593772    -0.0569063890689    0.0142454968445    5    7.1703851223    0.0594581204351    
0.959705899327    0.000758042510827    0.0391670016654    3    3.81206989288    0.0594581204351    
0.97914438149    0.0333596784291    0.023920223074    5    5.32124304771    0.0594581204351    
0.959581441797    -0.0549941086459    0.0471831689443    4    4.0616080761    0.0594581204351    
1.02812364702    0.00535763367989    0.0326408779504    2    3.43684077263    0.0594581204351    
0.990428782212    0.0559039156193    0.0311532285974    6    7.91301083565    0.0594581204351    
1.02582521432    -0.0454649571464    0.0581039186587    10    14.8731729984    0.0594581204351    
0.963511671905    0.0419407640583    0.0346566138694    2    2.31782102585    0.0594581204351    
0.988062085154    0.0222999055076    0.0528512984108    1    1.08768606186    0.0594581204351    
0.996075124779    0.00819966160975    0.0561905412197    1    0.881000995636    0.0594581204351    
0.952962388215    0.0326151003833    0.0453571725082    8    10.4583179951    0.0594581204351    
1.00531263723    0.0167968369023    0.0073335551885    1    1.36585593224    0.0594581204351    
0.996022016194    -0.0103384107386    0.0438855130313    2    2.53677392006    0.0594581204351    
0.972974934608    0.0390334488093    0.0383147571298    1    1.93152189255    0.0594581204351    
1.01950299824    0.0575759121762    0.0277993371117    1    1.42838692665    0.0594581204351    
1.03695341912    -0.0249937222799    0.0406119533236    1    1.40907096863    0.0594581204351    
0.973501244899    0.0869264070649    0.0567502881226    5    7.16557312012    0.0594581204351    
1.01297980709    -0.0205860837703    0.020384753896    1    1.55251717567    0.0594581204351    
1.02850172913    0.0978695324835    0.0465070633432    2    2.73668718338    0.0594581204351    
1.04612578235    -0.0268931041757    0.0567460588187    1    1.25747680664    0.0594581204351    
1.0344979645    0.0668822656049    0.0432252046039    2    2.75411701202    0.0594581204351    
1.02030600285    0.0276148793562    0.0241752657239    1    0.840837001801    0.0594581204351    
1.03082695206    0.0018888275658    0.0340216728818    4    4.30736899376    0.0594581204351    
0.962454106535    0.0218729483336    0.0426488937614    3    4.28980302811    0.0594581204351    
0.961515893297    0.0110809978276    0.0451147846849    1    1.84307408333    0.0594581204351    
0.95725144072    -0.0336532154446    0.043440302095    10    12.3829610348    0.0594581204351    
1.01764686379    -0.0237318057984    0.0318903639916    2    2.49338006973    0.0594581204351    
1.03566859435    0.0443247705396    0.0456615413801    2    2.6840429306    0.0594581204351    
0.955536131235    0.0357078550098    0.0497670179745    6    7.04699087143    0.0594581204351    
0.957035225335    0.101674864098    0.048545803459    9    12.7581069469    0.0594581204351    
0.954330406878    0.0257886594999    0.0488300045666    1    0.898469209671    0.0594581204351    
1.00920422703    0.062127766333    0.0159640200642    2    2.52154612541    0.0594581204351    
0.949405519824    0.00409783496422    0.0499409928532    1    1.12327694893    0.0594581204351    
1.02190699639    -0.0334784184596    0.0315438824924    2    1.99163103104    0.0594581204351    
0.994091999944    -0.0307290342461    0.0173283069772    4    5.32945394516    0.0594581204351    
1.01864310127    -0.0822394559224    0.0510714305557    1    0.850330114365    0.0594581204351    
1.0014984417    -0.00955554951822    0.0566955969456    3    2.5754339695    0.0594581204351    
1.02237177391    0.00373908182387    0.0370485850401    8    10.0354309082    0.0594581204351    
1.04144911206    0.0364077528691    0.0499033665826    1    2.33179283142    0.0594581204351    
0.968816972837    0.028393913987    0.0286271152477    2    1.81792497635    0.0594581204351    
1.02050609852    0.0367958272283    0.0319703099586    2    2.32027792931    0.0594581204351    
0.972013699151    0.094017219887    0.0362627797431    1    1.35022807121    0.0594581204351    
0.961016042263    0.00118777831185    0.0373908639734    2    2.062240839    0.0594581204351    
0.976333424022    0.0281494533599    0.0343110500219    1    1.21239519119    0.0594581204351    
1.01280734752    -0.0165548349721    0.0192073991442    1    1.22185087204    0.0594581204351    
1.02330755094    0.0126438502838    0.0283242211882    1    0.923574924469    0.0594581204351    
1.01674864154    0.0223593175128    0.0314822415424    2    2.62436008453    0.0594581204351    
0.97414725412    0.0320599630525    0.0233024616342    3    3.78753089905    0.0594581204351    
1.03270826159    0.0691259254398    0.0459895233822    4    4.82273697853    0.0594581204351    
0.975435113017    0.0175747444584    0.0343307221105    1    1.41378808022    0.0594581204351    
0.980431118295    0.0860398692904    0.058121904542    3    3.55705881119    0.0594581204351    
1.03570958096    -0.00678879802172    0.0462852019705    3    3.65120697021    0.0594581204351    
1.01585283221    0.00694186154503    0.0194083181701    1    1.09727501869    0.0594581204351    
1.00750246765    -0.00703272329224    0.0254245012186    2    2.15429401398    0.0594581204351    
0.970305501351    0.0846567409226    0.0471675045375    11    11.4046740532    0.0594581204351    
0.997925890291    -0.0161102175467    0.0402707074006    7    7.99357414246    0.0594581204351    
0.964975161707    0.0369254626463    0.0563890884643    1    1.05257701874    0.0594581204351    
1.00064478689    0.0799411264772    0.0509800264537    2    1.85789704323    0.0594581204351    
0.949188665714    -0.0845463349785    0.0593007481814    3    2.90803098679    0.0594581204351    
0.971043230614    0.0487439991309    0.0277700378688    1    0.893023014069    0.0594581204351    
1.03861418751    0.0286888566366    0.0410252667225    7    9.42374205589    0.0594581204351    
1.02892146177    0.00176357022249    0.0452519786621    5    5.88994979858    0.0594581204351    
1.04743598799    0.0496292034481    0.0561103810779    10    11.166672945    0.0594581204351    
0.989022853317    -0.054887247078    0.0423048434225    4    5.02548503876    0.0594581204351    
1.02899458964    0.0238861041033    0.0325078942361    2    2.24016714096    0.0594581204351    
0.974840313191    0.0244919398794    0.0523008482362    1    1.38415002823    0.0594581204351    
1.02201487754    0.0284463452053    0.0509920552108    2    2.80348610878    0.0594581204351    
1.00919641312    0.0275045461441    0.0297226473773    4    5.15616893768    0.0594581204351    
1.03073478497    0.0580677167231    0.0503346438511    1    0.930569887161    0.0594581204351    
0.967255437439    0.0407884718402    0.030916931261    3    2.62809586525    0.0594581204351    
1.0041101258    0.0271508701116    0.0193285956674    3    3.21419000626    0.0594581204351    
0.990268682926    0.0639884606972    0.033066013107    1    1.6300342083    0.0594581204351    
0.95814228524    -0.0583090153918    0.0568089226906    5    6.81958603859    0.0594581204351    
1.04659688797    -0.0561593166576    0.0534634321861    4    4.68153500557    0.0594581204351    
0.976778913613    0.000576453614301    0.0217581366969    2    2.39454293251    0.0594581204351    
0.985058053992    -0.00404467632777    0.0307642895817    1    1.35598111153    0.0594581204351    
1.00030336672    0.0391877281731    0.0586415146526    7    9.42871117592    0.0594581204351    
0.999252859416    0.0426667889832    0.0137757538977    6    5.23530697823    0.0594581204351    
0.946268364898    0.0773992081343    0.0546777970273    2    1.14586782455    0.0594581204351    
0.974741634148    -0.0351440165091    0.0421305569549    3    0.98733997345    0.0594581204351    
0.948081011872    0.0203739768477    0.0482335144972    1    0.193370103836    0.0594581204351    
1.01580103833    -0.038071751807    0.0464895697834    1    0.188470840454    0.0594581204351    
0.965693654622    -0.0337519222437    0.055383797487    1    0.364051103592    0.0594581204351    
0.966652051627    0.0393954379691    0.0338575506787    7    7.42362713814    0.0594581204351    
0.950398799883    0.0626941914641    0.0543784446848    3    1.99653291702    0.0594581204351    
