a    b    distance0    NDraws    time    dist_threshold1    
0.770985930514    0.0908322422458    0.229514226432    4    4.85081005096    0.45330901815    
1.35252499302    0.30974560762    0.444067675174    7    7.00813508034    0.45330901815    
1.33427680689    -0.0991744014337    0.36890752601    1    1.00630092621    0.45330901815    
0.984318234305    -0.392405385535    0.432912800736    2    1.55977010727    0.45330901815    
1.11041511606    0.211800607349    0.272790892133    2    2.13833093643    0.45330901815    
0.830052660516    -0.0609981288388    0.204491451258    1    1.32277584076    0.45330901815    
0.858559758589    -0.327004483078    0.396738329793    5    7.7041220665    0.45330901815    
1.18146514516    -0.228725335653    0.304694141103    2    1.91625094414    0.45330901815    
1.08582908558    -0.429190578311    0.452734551845    1    0.842811822891    0.45330901815    
1.12773987732    -0.0195985923639    0.131775936162    2    1.69882297516    0.45330901815    
1.25097846915    -0.179188077604    0.321855220655    2    1.9132039547    0.45330901815    
0.817689259069    0.0834168007339    0.205072457624    1    1.10589694977    0.45330901815    
1.22921589598    -0.172076179454    0.288812983279    3    3.43252301216    0.45330901815    
0.58732422044    0.00411969771846    0.421992946021    1    1.22462296486    0.45330901815    
0.61988574395    -0.195804815696    0.431036289507    2    2.27996301651    0.45330901815    
0.948480050266    0.438538001637    0.413073159335    2    1.95530891418    0.45330901815    
1.19009194761    0.329858876285    0.393217718345    2    2.46010184288    0.45330901815    
1.17449768905    -0.25214478606    0.340639081826    1    1.20172405243    0.45330901815    
1.07786717871    0.186355518969    0.213844770628    5    6.792771101    0.45330901815    
1.15889711141    -0.356999198762    0.413064292006    1    1.32066512108    0.45330901815    
0.611298348841    -0.24655004716    0.450520296193    1    1.64558386803    0.45330901815    
0.977400845028    0.0124810925797    0.0200192593183    1    1.18045592308    0.45330901815    
0.961550270824    0.360581591334    0.349132213302    1    0.982516050339    0.45330901815    
1.11241454877    -0.121789594808    0.140341386959    1    1.37962913513    0.45330901815    
1.20451308185    -0.00491383449684    0.217408436259    4    5.03331494331    0.45330901815    
0.791125942664    0.21829491963    0.244998365618    1    1.74424099922    0.45330901815    
1.02653883506    -0.42196178416    0.442328909999    1    1.24367594719    0.45330901815    
0.677648349629    0.277875354284    0.380792146044    1    1.20106697083    0.45330901815    
0.806471156072    0.173822206217    0.255396376546    4    5.33588290215    0.45330901815    
0.947834197161    -0.031674712027    0.049545873504    1    1.77109599113    0.45330901815    
0.803536856234    -0.1646169728    0.246430783962    1    1.54651403427    0.45330901815    
0.642997215624    0.139715018958    0.373921789263    2    2.12019610405    0.45330901815    
1.15772368176    -0.0659474718981    0.170564005193    2    2.217908144    0.45330901815    
0.702698603222    -0.0934697879659    0.310412405933    1    1.14788889885    0.45330901815    
1.02775855012    0.277351092599    0.234589514369    3    4.39862418175    0.45330901815    
1.10348850702    -0.352942962837    0.371002062483    1    1.34432601929    0.45330901815    
1.14239287332    0.14345602859    0.216877533966    1    1.12944984436    0.45330901815    
0.581841390285    0.117162723096    0.42424461547    3    4.29373192787    0.45330901815    
0.760131386837    0.304782987938    0.337322522614    1    1.10278201103    0.45330901815    
0.924476946689    0.402986879796    0.369332776847    2    2.44305205345    0.45330901815    
0.875418781318    -0.312920075058    0.345423658436    2    2.60556387901    0.45330901815    
0.87631785593    -0.211282937658    0.282514747875    1    0.854153156281    0.45330901815    
0.866333831459    -0.317829481574    0.365589132251    1    1.59386515617    0.45330901815    
1.32043983678    -0.0269428363869    0.324133392484    2    2.70524096489    0.45330901815    
1.19311393118    0.18927808392    0.257032784244    1    1.79554510117    0.45330901815    
1.33057636428    -0.20617401071    0.41625893919    2    2.23371315002    0.45330901815    
0.914201781493    0.174599718673    0.146171816802    1    1.40095114708    0.45330901815    
1.32530120991    0.281385775178    0.431840736644    2    2.65885305405    0.45330901815    
0.77624955156    0.233782838338    0.288745227045    2    2.60113787651    0.45330901815    
0.909336078898    -0.135486446031    0.205134283811    1    1.16506910324    0.45330901815    
1.001205401    0.413528606756    0.391015561325    1    0.913707971573    0.45330901815    
1.08439634518    -0.305022253519    0.319342838058    1    1.15897512436    0.45330901815    
1.04018398998    0.375928264737    0.312275336952    2    2.92326903343    0.45330901815    
1.00801297485    -0.242548586673    0.239146615472    1    1.25037503242    0.45330901815    
0.706937746896    -0.0501176719822    0.295424358714    1    1.20147109032    0.45330901815    
0.74523429476    -0.111326197454    0.294043199481    1    0.996798038483    0.45330901815    
1.28738567568    0.315855630358    0.410318762332    2    2.40789699554    0.45330901815    
0.943769179383    0.160070405627    0.19939606241    2    2.8626139164    0.45330901815    
0.673248023811    -0.146890006487    0.357908530167    1    1.43204188347    0.45330901815    
1.16205254988    0.36207299997    0.352327770678    1    1.267537117    0.45330901815    
0.920489670644    0.400223374565    0.384761601209    3    3.60268902779    0.45330901815    
0.92761626055    0.389089234162    0.383552374348    1    1.22778010368    0.45330901815    
0.971599563815    -0.159269281128    0.206510408009    4    6.02297306061    0.45330901815    
1.12759930339    -0.243761075446    0.240605035651    4    4.9990708828    0.45330901815    
1.09423020906    0.217165804717    0.257740804119    3    3.61615490913    0.45330901815    
1.28534476818    0.169240445798    0.335125762026    1    1.41127610207    0.45330901815    
0.790366893331    0.154674220232    0.210352210983    2    3.47703289986    0.45330901815    
1.14956230418    0.363384061074    0.415632984145    2    4.22575902939    0.45330901815    
0.96598796181    -0.206229257977    0.198983809205    1    1.80882501602    0.45330901815    
0.757224203508    0.0999042060121    0.277896376485    1    1.67298817635    0.45330901815    
1.09714926059    -0.178477012489    0.188741330283    1    1.70894289017    0.45330901815    
0.955634206485    0.223335630243    0.244494544904    2    3.90482211113    0.45330901815    
0.796569069919    0.0900928823755    0.208458401756    1    1.87275004387    0.45330901815    
1.16001681476    -0.27985213822    0.309612550591    2    3.16166996956    0.45330901815    
1.39385388918    0.163849958155    0.416648416291    1    1.29128193855    0.45330901815    
0.833919793295    -0.36062670626    0.419920083053    2    2.30470991135    0.45330901815    
0.639147190386    -0.19586759748    0.41084788245    1    1.4716501236    0.45330901815    
1.0154352412    0.143483163553    0.0937924142767    1    1.38336014748    0.45330901815    
0.758484106438    -0.120666306823    0.259303955191    1    1.09659910202    0.45330901815    
1.331992381    -0.138137457702    0.358456579829    2    2.13085007668    0.45330901815    
1.36307848279    0.245354435125    0.407111617815    1    1.01146411896    0.45330901815    
1.20354468544    0.144121582436    0.225924805627    3    4.11536097527    0.45330901815    
1.17015257722    -0.30486760079    0.366123243839    1    1.32980489731    0.45330901815    
1.08822704001    0.217798789913    0.264744453601    1    1.25950479507    0.45330901815    
1.26814757221    0.127423620058    0.275437174625    3    4.76140499115    0.45330901815    
0.62668964734    0.0112611890966    0.370402352853    1    1.46952009201    0.45330901815    
1.30758431363    0.270247364501    0.403265467219    2    1.47964692116    0.45330901815    
1.24928153144    -0.192403579671    0.369844470432    1    0.644623041153    0.45330901815    
0.897513547175    0.309187673005    0.261655496337    5    3.98030495644    0.45330901815    
0.699130667672    -0.188612321843    0.365020102966    1    1.06929683685    0.45330901815    
1.36018653813    -0.0647516925959    0.371703567466    1    0.749820947647    0.45330901815    
0.902230534496    0.0469204010376    0.0997714223831    1    0.826967954636    0.45330901815    
0.985272514081    0.267983273652    0.214176533427    2    3.37900304794    0.45330901815    
0.874104794964    0.106204034939    0.165456305756    2    1.25096392632    0.45330901815    
0.695683092534    -0.292707088046    0.421797148332    1    0.891142129898    0.45330901815    
0.631848080041    0.00274173385342    0.366166382928    4    2.2479031086    0.45330901815    
0.646354096992    -0.144565778358    0.380381754909    3    1.80317687988    0.45330901815    
0.868157041493    0.0465525101207    0.13436937753    2    1.34539699554    0.45330901815    
1.02116266193    -0.114969993633    0.151770471605    1    1.4306268692    0.45330901815    
0.823840951114    0.296068843131    0.376829639863    1    1.57268214226    0.45330901815    
