0.0116595028929
0.00898264825689
0.00922695288431
0.00862930547991
0.010185368992
0.00827696868105
0.0112407746436
0.00941816342401
0.0119533083659
0.0111275338549
0.0101530812135
0.0106907686121
0.0082028170158
0.00874566386016
0.0110856052409
0.0084102357544
0.00959531420152
0.00854903853398
0.0101914307898
0.0104682378524
0.00927309489107
0.0100976390002
0.00897457369871
0.00892254791756
0.00868761826407
0.0105784237248
0.00834944795699
0.0118698137414
0.0082182097735
0.010333117481
0.0120289450324
0.00820293748947
0.0112281584795
0.0100147727118
0.0117123780089
0.0118746699089
0.0124385312706
0.00911340522627
0.00921737715548
0.010096625679
0.00988826593971
0.00887270726247
0.00829406792547
0.0102916148748
0.00970285708408
0.00986121692921
0.00855340078938
0.0113151621622
0.0102599090485
0.0116734005856
0.0114296033372
0.00958221905217
0.0116073415073
0.00880685171594
0.0129073822674
0.00931941663188
0.00977821690613
0.0100108513402
0.0114723891435
0.00959765810298
0.00917937799277
0.0094551616984
0.0102111345718
0.0105825659796
0.00878211927282
0.00934161511977
0.00907821997331
0.00916838290495
0.0103553468673
0.010089812804
0.013643122147
0.00850722547076
0.0094826313297
0.0107248367555
0.0102343056532
0.00917232213399
0.0104251223517
0.0115950893459
0.00840461367201
0.0120935960925
0.00979489924249
0.0114045099672
0.00831939823294
0.0115374632085
0.0085455684964
0.00977885020586
0.00873189865546
0.0126736114149
0.00970706560508
0.0087080796023
0.00819665233392
0.0108255757803
0.00896362526797
0.0108267405511
0.0102492733159
0.00835059274349
0.0114916242624
0.0087511958423
0.0115361897538
0.0098310428131
