0.012384669078
0.0102453918256
0.0105745143986
0.012396298192
0.0114368021727
0.0122725020886
0.0103105166725
0.00826315115547
0.0132319481488
0.00914473188608
0.00895505147878
0.0100901384831
0.0101232928425
0.00804778088149
0.00793581985937
0.00795632911646
0.0129691944959
0.0110352097695
0.00797823965551
0.00951060997084
0.00923970698417
0.00915750442866
0.00948103306076
0.00776133819131
0.0125011295998
0.00821819958479
0.00933596765613
0.0136224808803
0.00857893639736
0.0114722580054
0.00990360311084
0.014314672527
0.00799802996986
0.00891756222534
0.0141371592192
0.00792313899721
0.0109140590865
0.0088861429851
0.00806798860879
0.00962481833501
0.0089454965704
0.012477527032
0.0139184067212
0.00831826361667
0.0117060669751
0.00794445158346
0.00941354443693
0.010020859886
0.00935493954986
0.00998027566674
0.0110377657789
0.0103740472439
0.0116403078502
0.00927615915512
0.00894736310009
0.00969959733319
0.0078331459935
0.00823486480973
0.00901841915983
0.0100419663025
0.0086759711973
0.00955200303759
0.00809678489335
0.0121630032007
0.0110555272319
0.0111865098702
0.0106001022492
0.0129793327898
0.00934113017418
0.00780734608752
0.00998173766892
0.00898604871588
0.0104626536187
0.0100158130352
0.012301891482
0.00820593917782
0.00800160422325
0.00970699334662
0.0130727569691
0.00807449214951
0.013844311575
0.00786185593184
0.0114169944914
0.00979521997983
0.0114384973913
0.0099914129
0.00782713319596
0.00884824163334
0.00876546257578
0.0091439019661
0.0100555551148
0.0079309101702
0.00897969816095
0.00842555296992
0.00937156640036
0.00933032358704
0.0128038235142
0.0129035560165
0.00840052261939
0.00949642789634
