0.0107973584818
0.011638466283
0.00903366539529
0.0105936474501
0.00797261079265
0.011462319408
0.010569018353
0.0105893207313
0.007846287656
0.00957119836917
0.00885660606142
0.0110651756119
0.00850021895194
0.0119294662053
0.00827822120744
0.00875515566442
0.00806703204428
0.0129237105034
0.0116282871827
0.00967768556072
0.00809990588643
0.00922604481162
0.00795604832427
0.0143432180545
0.0115999591602
0.00988652630596
0.00782674258546
0.00950337827576
0.01062018323
0.0120133310628
0.0091898031467
0.00881462641642
0.0108967343442
0.0116203207003
0.0122749273757
0.0123415157973
0.00843614845716
0.00969238930394
0.010237098559
0.0103557231718
0.0120350895905
0.00970003317794
0.00834962424466
0.00890864444017
0.0124174719972
0.0108806172951
0.00937037202709
0.00891607750068
0.00863033937312
0.0108608373884
0.00817182003737
0.00787018651732
0.00800933280748
0.0116899965149
0.00914213836008
0.00892428377226
0.00979316925434
0.0114452245235
0.0106428942933
0.0124783694576
0.0102761409878
0.00938209282473
0.00873907692247
0.00770985137399
0.0105489031262
0.011535031989
0.0087985173214
0.00777685477014
0.00872945050689
0.0101099167448
0.0128843963052
0.0109288557411
0.0100618117027
0.0105860474542
0.00881416253663
0.00994969002499
0.0100218579416
0.00886308090586
0.0109067916178
0.0119869334116
0.0103840992286
0.0124834522467
0.0132477924525
0.00778031565353
0.00915888962269
0.00807031622866
0.00771317152576
0.0084216965041
0.0140474668444
0.0123398631696
0.00831376270562
0.0100145352577
0.0116877925407
0.00910016716331
0.00895766253905
0.0122498260709
0.00836086583795
0.00877410444132
0.00876478691883
0.00859336938269
