0.0112150389002
0.0109279872457
0.0107425607297
0.00926934094226
0.0129248115143
0.0100706563893
0.00903216945358
0.00913164503413
0.00832889180498
0.0153308936742
0.0100930893618
0.0111774069123
0.00893812156689
0.0102471555943
0.00873525766239
0.0114215533662
0.0112894378861
0.00849439250489
0.00883263810321
0.00829102954794
0.0115642807533
0.00784192062467
0.0100668069777
0.00916079166772
0.0101819709525
0.00851757380861
0.00823212263569
0.00911407698487
0.00890630651227
0.0117970935515
0.011360878081
0.00864608313149
0.00868281142416
0.0129117420374
0.0129186027389
0.00817509754821
0.0115611625892
0.00768343615781
0.00810219935938
0.00813276491745
0.01215222474
0.00843487858271
0.00795064061869
0.00813115284349
0.00956685543722
0.00845157136939
0.00928855478387
0.0105045266506
0.0121297416716
0.0104086858118
0.0104120445545
0.0110857771113
0.00915380917397
0.011523723966
0.0112340812564
0.00871823672657
0.0148507485022
0.010380539157
0.0100101438713
0.0110842809023
0.00980015596762
0.00877479998761
0.0135496926961
0.00810679585428
0.00912471829097
0.0124145730311
0.0107477027039
0.0128158644207
0.0117496059216
0.00924560731963
0.00805690999771
0.00770069664011
0.00905793666718
0.00954035740471
0.00845367968607
0.00899037662132
0.0079137820492
0.00962202305676
0.0130668191591
0.0119640452427
0.00855100481848
0.0104780273631
0.0104361618222
0.00999477175827
0.0129812291709
0.0114228372824
0.0125777510083
0.0134456385742
0.00819020681605
0.00811740047728
0.00819270030833
0.00880523124138
0.00873617823686
0.00820970033035
0.0121913620682
0.00967062402814
0.00902378202024
0.00896866464365
0.00782342893664
0.00796313799739
