0.0082539980828
0.00811195279942
0.00828036657109
0.00885282671925
0.00853528228479
0.010833269014
0.00814636499968
0.0121569170366
0.0100845647633
0.00891921050686
0.0119870731705
0.00822881757082
0.0121676098709
0.0122512906319
0.0102333787226
0.00870814073889
0.00960996344561
0.010299899745
0.00841884261275
0.0126478337279
0.00802217350613
0.0081967326013
0.0110702286683
0.0107848613556
0.00815752801686
0.00828000512528
0.0125605651511
0.0127466901006
0.0171925715806
0.0161844164142
0.00839888834792
0.0105663688539
0.00872128825315
0.00892487159029
0.00983189443725
0.00918322692311
0.00891780867028
0.0120057693699
0.00860919716106
0.0107550256195
0.00821813695986
0.00966204178776
0.00788267747106
0.00973119181211
0.00897977308237
0.00892579776923
0.0104132713198
0.00895269330016
0.00936095028217
0.0108185026375
0.0079358429173
0.00986350450041
0.00960576933303
0.00959242801402
0.00786427383419
0.0104927673865
0.00820187564517
0.00849085749087
0.0121974455585
0.00824917185862
0.00930567687506
0.0085052137465
0.00894939402811
0.0113327541454
0.00964179935038
0.0117328160183
0.00814962483423
0.014556202106
0.00854893363303
0.0095383637045
0.00792639453633
0.0101849989816
0.0117856062885
0.00925737912037
0.012948036877
0.0112673783277
0.00989345288881
0.013291109768
0.0127148898357
0.00857611105281
0.0180927109068
0.00835223230535
0.0104116058963
0.0128322189572
0.0143675704155
0.00965689266759
0.00788895749657
0.00829585326838
0.0081428566044
0.00957482696223
0.00806825983237
0.00801395136366
0.0103727612907
0.00855254777381
0.00810568880306
0.0109749260951
0.0116880592589
0.00862720045003
0.00986214183511
0.00873591397692
