a    b    distance0    NDraws    time    dist_threshold1    
1.01717522392    0.026717956671    0.0450109339767    2    2.75005984306    0.0995324383891    
0.981575896676    -0.0244053080948    0.0217564256847    1    1.53002715111    0.0995324383891    
0.985889962555    -0.0368163892109    0.0186742816379    2    2.4840130806    0.0995324383891    
0.951557287344    0.0155536204633    0.0498664126613    1    1.48574495316    0.0995324383891    
0.993453990129    0.00523872034767    0.0835754643955    3    3.71296405792    0.0995324383891    
1.0964928549    0.0104779879838    0.0962884712766    6    7.15722298622    0.0995324383891    
1.00151716585    0.0284326801882    0.00189241719874    1    0.936949968338    0.0995324383891    
0.992075414935    0.0170538429743    0.0817090322688    5    5.60662889481    0.0995324383891    
1.02213757883    0.00546315068784    0.0404919872446    1    1.21069407463    0.0995324383891    
1.09353839439    0.0485331662443    0.0962864911954    1    1.24186491966    0.0995324383891    
1.06560109817    0.0408593687339    0.0836212241662    1    1.15425300598    0.0995324383891    
1.07946214166    -0.0985984956038    0.0854077814417    2    2.20184087753    0.0995324383891    
0.965756563794    -0.0207744652763    0.0358839084276    2    1.88603305817    0.0995324383891    
1.04355079245    0.0764121503527    0.0962144574036    15    16.1235711575    0.0995324383891    
0.96793642255    -0.00696611459189    0.0342894749265    2    2.42030501366    0.0995324383891    
0.996528149588    0.0323106245414    0.0425702822128    5    7.15345191956    0.0995324383891    
1.05318607898    0.0433192511469    0.0954805595149    1    1.11446595192    0.0995324383891    
1.09195714699    -0.0200442698369    0.0928101902448    1    1.20232081413    0.0995324383891    
1.08753379115    -0.0225088094283    0.0924654487561    3    3.28842115402    0.0995324383891    
0.996028603042    0.100408466074    0.0801808469296    7    9.48210096359    0.0995324383891    
0.999166487616    0.0224176979344    0.0724213331321    6    7.65139603615    0.0995324383891    
0.969976297389    0.0490525850964    0.0679620323504    3    3.81391310692    0.0995324383891    
1.04703626014    0.0351852805656    0.093005322121    3    4.523624897    0.0995324383891    
1.01334029882    0.0215249500688    0.0383435766724    1    1.15848612785    0.0995324383891    
1.04286771817    -0.0465912384508    0.0470000267867    2    2.26808786392    0.0995324383891    
1.03808135627    0.0278146994702    0.0969573275965    1    1.19926905632    0.0995324383891    
0.995676605988    0.0242056722313    0.0803125717481    2    2.51980304718    0.0995324383891    
1.0655917352    0.0692500819775    0.0991580050489    5    5.77865290642    0.0995324383891    
0.965341140689    0.00894899477041    0.0476703749076    1    0.887705087662    0.0995324383891    
0.955196750965    -0.00876831432673    0.0459217378185    2    1.97521305084    0.0995324383891    
1.04906389658    -0.0122443591647    0.0511674654385    3    4.52412605286    0.0995324383891    
1.07138860161    -0.0766082509172    0.0756165210474    2    2.64825701714    0.0995324383891    
1.02981118719    0.011142808283    0.035907916965    3    3.21531891823    0.0995324383891    
1.02165202901    0.0115248132617    0.0699505106192    5    5.8847489357    0.0995324383891    
0.969671536112    -0.0488949794473    0.0501232321064    1    1.25239300728    0.0995324383891    
1.05329819244    -0.000627518512269    0.0577830986011    1    1.24110913277    0.0995324383891    
1.08450544227    0.0119481281629    0.0883547394368    1    2.45348286629    0.0995324383891    
1.08287587036    0.0196459660531    0.0856364597444    1    2.16054487228    0.0995324383891    
0.971616925089    -0.033899195862    0.0286252475761    1    1.31650590897    0.0995324383891    
0.958455524088    0.0444118554473    0.0677008480355    1    1.17057919502    0.0995324383891    
1.01698812282    0.021374835767    0.0404675736034    1    0.915984153748    0.0995324383891    
1.07037866661    0.0161187298293    0.0889200129416    2    1.98822903633    0.0995324383891    
0.914770679735    0.0581053861948    0.0974673522439    2    2.97438120842    0.0995324383891    
1.05752127143    0.034152303476    0.0570037238721    1    1.08703589439    0.0995324383891    
1.05968300946    -0.00807211685353    0.0588978704387    3    3.37357902527    0.0995324383891    
1.00079225625    0.0141847659008    0.0344321713239    2    1.72815799713    0.0995324383891    
0.942804190297    -0.0616332929575    0.0723402819798    1    1.19158792496    0.0995324383891    
1.05496249258    0.0230479249129    0.0566333572625    3    3.76485991478    0.0995324383891    
1.05067371225    0.00314490713838    0.0683974884405    2    3.19249200821    0.0995324383891    
1.07561915279    0.061305865127    0.0794024464085    3    4.14985394478    0.0995324383891    
1.025752938    -0.0593291879936    0.0356111470046    1    1.25049805641    0.0995324383891    
0.970318062575    -0.0602343763156    0.082883595529    1    0.892642974854    0.0995324383891    
0.928629008801    -0.0162053763258    0.0822404916385    1    1.03883600235    0.0995324383891    
1.06640188755    -0.0592283101982    0.0779606029019    2    2.17951989174    0.0995324383891    
0.972865430348    -0.122784783525    0.0816593309534    1    1.16621780396    0.0995324383891    
0.942902562264    -0.16826239964    0.0830006811658    1    1.27052211761    0.0995324383891    
0.989266941743    0.080575388062    0.0536414034644    1    1.29727697372    0.0995324383891    
0.941648134342    -0.100530954798    0.0843210813118    5    4.51538705826    0.0995324383891    
1.05876624027    -0.0189814246636    0.0682865207969    3    3.56241297722    0.0995324383891    
1.04168172064    0.0484410936378    0.0811087128057    1    1.21581292152    0.0995324383891    
0.981618631455    0.0508419567263    0.0587808283547    1    1.67628407478    0.0995324383891    
1.03733963297    -0.116036784577    0.0703200886223    1    1.43248391151    0.0995324383891    
1.06109364229    -0.122194624607    0.0822256590111    4    5.49288892746    0.0995324383891    
0.980201368218    -0.0704373109942    0.022936684527    1    1.38368487358    0.0995324383891    
1.07929715946    -0.0270686610681    0.0897304495265    2    3.0324280262    0.0995324383891    
1.07364435412    -0.0818556526481    0.0989067712739    1    1.26450014114    0.0995324383891    
0.950193864314    -0.0335674034902    0.0506644022101    5    5.65699100494    0.0995324383891    
0.995762708295    0.00321401878295    0.0276402123023    2    2.03356313705    0.0995324383891    
0.987598828233    -0.104109739722    0.0829503098934    4    3.92751717567    0.0995324383891    
0.972472798    -0.0592329427493    0.0436476546005    2    2.61442804337    0.0995324383891    
0.970310385039    -0.0353018092279    0.0811734639932    2    2.37254095078    0.0995324383891    
1.02806009287    -0.0341402711976    0.0567859070352    5    5.193171978    0.0995324383891    
1.04356932783    -0.0472369676199    0.0705677441782    3    3.72936797142    0.0995324383891    
1.03564508542    -0.00417791082846    0.0817654604877    8    9.63391590118    0.0995324383891    
1.04211987995    -0.0131465028641    0.05726241024    3    3.03527617455    0.0995324383891    
1.03339949492    -0.0103239297033    0.0467999800021    6    5.14986896515    0.0995324383891    
0.922333314617    -0.0369229676089    0.0788929255824    8    3.80781698227    0.0995324383891    
1.01093635057    -0.0857026782952    0.024515683655    3    4.24859309196    0.0995324383891    
0.995268964619    -0.0815622786531    0.0808673400606    3    3.64665412903    0.0995324383891    
1.00686331443    0.0162260239635    0.0199495271775    2    2.29968905449    0.0995324383891    
1.00958309327    0.062862358424    0.0815262544234    1    1.27294993401    0.0995324383891    
0.966069624096    0.0654580694624    0.0484799408794    1    1.17211604118    0.0995324383891    
1.01231712132    0.0959029312957    0.0957686588429    2    2.22117114067    0.0995324383891    
0.98420311812    0.0678177712372    0.0352210968036    1    1.09657502174    0.0995324383891    
0.946632160202    -0.0315620523597    0.0610948417714    3    3.21258711815    0.0995324383891    
0.986284978515    -0.0891981516679    0.0783097993802    3    3.64156389236    0.0995324383891    
0.985580444713    -0.0745122434241    0.0677475919411    3    3.82082891464    0.0995324383891    
1.07590616779    0.0438472914402    0.0746882256189    3    3.97474908829    0.0995324383891    
1.07619026942    0.070874191439    0.0923921843854    3    3.30331778526    0.0995324383891    
0.901551491014    -0.00527548486215    0.0988201402068    3    2.5154671669    0.0995324383891    
0.931667363001    0.00909817852103    0.0702353150182    1    0.838473081589    0.0995324383891    
0.980737068784    0.0405896955094    0.0925232872214    1    1.04570007324    0.0995324383891    
1.03949705146    -0.0118539213862    0.0400687633853    5    6.89380884171    0.0995324383891    
0.994178911245    -0.0317475957109    0.0563289984693    4    4.29050111771    0.0995324383891    
1.02546260679    0.0292924709309    0.0778888084617    1    0.691140890121    0.0995324383891    
0.944483741252    -0.0279026819442    0.0594761639159    2    1.03402805328    0.0995324383891    
0.988943710982    -0.0419447947511    0.0138271798375    1    0.520391941071    0.0995324383891    
1.03773517532    0.0137548169191    0.0426456079194    3    1.64835906029    0.0995324383891    
1.05990841823    0.00361015904663    0.0627941552149    4    3.68038392067    0.0995324383891    
1.07132833657    -0.0385003070785    0.0715115786674    5    5.00717997551    0.0995324383891    
