0.00854466830794
0.00924957959413
0.0103728290619
0.0121711787212
0.0105005932122
0.00834976845453
0.0125911840736
0.0097263227117
0.00956100766376
0.00991665666846
0.0105060581115
0.00827416355717
0.0118064975603
0.0083236495299
0.00888950355615
0.00870502007625
0.00848097277808
0.010361750779
0.00919893895098
0.00991603141439
0.00870032918194
0.0127087623375
0.00860067083614
0.00817325074995
0.011234978945
0.0124748102116
0.00915000648018
0.00791225369575
0.0114617092205
0.0102655341371
0.0106721449154
0.00850085447913
0.012753012528
0.00821819870313
0.00843318526253
0.00805461236341
0.00863656911516
0.00998305685793
0.0129115830888
0.00785361176013
0.00824483535028
0.00801872688879
0.012600954204
0.00842270376666
0.0136236979093
0.00879573298571
0.00885215560495
0.0110015826501
0.0104459794818
0.0136472870197
0.0100939576113
0.0107576274124
0.0111180500406
0.0142589090998
0.00806254542339
0.0112694421507
0.00933081248082
0.0113488439825
0.00994814200108
0.0105213308953
0.00835706478637
0.00953568581541
0.00997738764612
0.0124844498871
0.00822271452275
0.0085255629196
0.00941204707717
0.00798320062412
0.0100990078388
0.0103608332178
0.0134194403587
0.0137490604399
0.00983361269418
0.00930463820828
0.00902871354379
0.0116986125585
0.0108416838722
0.00820575638107
0.0122440128325
0.00846456480549
0.00922032458399
0.00801266414131
0.00994008953718
0.0107022389048
0.00958890467168
0.00827730084483
0.010032455413
0.0100443873761
0.00810527719702
0.00945299351664
0.0135624524939
0.00942353650944
0.00841451556965
0.0137585930406
0.00997028262367
0.00933381568418
0.0102650409603
0.00984919767497
0.00833321313113
0.00945583948409
