0.00850367610563
0.00859767984248
0.0103711061939
0.0104833436825
0.0084034838456
0.00934085991306
0.010787049847
0.00778274839878
0.00808661488584
0.0108583501508
0.0099885259249
0.0122294094454
0.00844207013829
0.00751261714199
0.00800352754584
0.0122663089696
0.00835507811006
0.00830888772751
0.0115701577696
0.00749224135035
0.0109371046566
0.00880993207908
0.00807550040144
0.00850480848365
0.00850992795905
0.00755753221019
0.0124903368232
0.00864330901548
0.0102468722849
0.00784415632181
0.0130752216131
0.0080645801467
0.0079666577961
0.00803060749648
0.013075624204
0.010952129953
0.00782364411433
0.0129770249084
0.00750701134544
0.0104288069127
0.0129023040257
0.0079347155793
0.0150393562561
0.00922005330219
0.00988466334142
0.00856505500939
0.0111399741466
0.00951116614901
0.00976202587496
0.00859547966494
0.00992531189945
0.00905796452319
0.00822642954763
0.0098940016751
0.00858406301367
0.0099391818922
0.0102222348915
0.0114619556451
0.00822716736473
0.0152663004294
0.00764168575871
0.00827170413553
0.00896224586622
0.0109549819339
0.00899643830297
0.0100310381271
0.0122405661798
0.00900668819511
0.00887515722089
0.0106985822149
0.0125998686535
0.0148526126534
0.00902172621524
0.00964497947975
0.00976644993145
0.0140667156254
0.0125337205888
0.0087963238289
0.00760012129704
0.0104834320961
0.00752873804388
0.0106003661143
0.0129446761896
0.0127383145361
0.014017103315
0.00756666865677
0.011815651295
0.0130513773409
0.0093398193111
0.00930237354876
0.0105328612456
0.0116693211137
0.0117040380705
0.009156242575
0.0109398637576
0.00758652292255
0.0103398593559
0.0116429018992
0.00782676988807
0.0123875625693
