0.00785934888053
0.00883759828123
0.0142041378459
0.0118349816681
0.00901716958395
0.00750895171687
0.00799926434014
0.00997530377821
0.00769404891297
0.00862859452529
0.0108846682615
0.0132743432233
0.0109629087144
0.00887344893406
0.0165169185122
0.00868516006445
0.0111911240316
0.00783689037956
0.0132951309413
0.00963951740778
0.0100095875413
0.00776542713922
0.00772725675154
0.0114458651165
0.0165924404927
0.00812824930803
0.00708812105567
0.00890397887551
0.00923240856085
0.00742017615021
0.00826952323268
0.00759219558645
0.00946390230619
0.00795778212346
0.00753869762011
0.0110749677161
0.0092228538657
0.00823450059886
0.00943458295859
0.00704255419764
0.0106002906446
0.0123987704723
0.00773297874205
0.00730849208456
0.00816442857217
0.0144608824039
0.0167619737625
0.00726206812121
0.00817283354425
0.0176621329681
0.00871217622688
0.00818779582575
0.00806463004414
0.00812836480994
0.00751326243187
0.00825875395444
0.00813685764946
0.00699014311925
0.00777439076285
0.00802198018335
0.0099390775491
0.00996440644979
0.00963271855041
0.0157518940381
0.00865366121259
0.00743128078518
0.00709572917392
0.00976464219825
0.0127819017089
0.0107332676519
0.0121662836538
0.0106450076747
0.00995481854062
0.0108015075958
0.00872337677166
0.0153694155402
0.00846823833533
0.00802967893621
0.00829970753459
0.00855850242155
0.00951932061834
0.0124501167178
0.00807133672008
0.00944633105428
0.0187703011318
0.00869398253724
0.011851005365
0.0100955836481
0.0209973235663
0.0128111751539
0.00872253924036
0.00877969878652
0.0128248540543
0.00852089752207
0.00750200269984
0.012354276083
0.0103745792294
0.0104504884023
0.00839645132671
0.0114248322956
