0.00956464267373
0.0122579819997
0.00958131965105
0.00992385011651
0.012450310133
0.0116824699848
0.0116088939871
0.0107981249571
0.00807577020041
0.00787575224093
0.00876281261872
0.008526700011
0.00767176442401
0.0130476017401
0.009192410148
0.00746159772037
0.00731153289429
0.0127784801142
0.00764119692942
0.0115147198181
0.0133274242378
0.0121942394093
0.00900999858511
0.00992679798068
0.0086787418679
0.00972403346338
0.00864948642171
0.00790155308976
0.0126246160134
0.00891180625594
0.00846389163619
0.0077435151264
0.0119501192779
0.00887544356683
0.00731933014517
0.0161740291864
0.0125212519469
0.0159988830087
0.00956517815259
0.00894177075364
0.00900103436744
0.0081892530608
0.00983857673325
0.0119834893438
0.00899083952602
0.0107664255632
0.0129076140443
0.0162505576267
0.00876833799347
0.00928000440113
0.00715029262485
0.00955403385854
0.014816712111
0.00768073594194
0.00744639668383
0.00786152420848
0.00881962260239
0.0103602541518
0.0145264918068
0.0110878018217
0.0102339158892
0.00994031272682
0.012501829887
0.0138382086102
0.0109007334203
0.00874119288499
0.0102733529096
0.0157897214561
0.0108496443273
0.00903270311181
0.010810097619
0.00863700653409
0.00761532984705
0.0101743668343
0.007901105562
0.0136012660588
0.00806278282078
0.00717319249417
0.00773969058119
0.00795439398598
0.0121681804154
0.00775253384758
0.00745568573893
0.0110861769112
0.00781260088921
0.00723487398563
0.0110094331239
0.0102014518552
0.011221594796
0.00786291733663
0.0080888270926
0.0127804965627
0.00852831454142
0.00972178291937
0.0120591394171
0.00892111880194
0.00785248366726
0.00732902958577
0.00954802720001
0.00808444279165
