0.0122581228707
0.010369982855
0.00994473720535
0.00825687086972
0.0106656662171
0.0082259076474
0.0102972254461
0.00904407848922
0.00878210728103
0.00829321286784
0.0122514761596
0.0127020713531
0.0117834641404
0.0105379924268
0.00963716959439
0.00923765720934
0.00977017665376
0.0101317724716
0.00875398737513
0.00948363650335
0.00827261102604
0.00860997197967
0.0124222919838
0.00881506974905
0.0112845451462
0.0120072432845
0.0110112393504
0.00867865276551
0.00995654931913
0.00894437859298
0.0106246219957
0.00931344544387
0.00825474995046
0.00841390674813
0.00838639426964
0.00978915435952
0.00849383740061
0.00848025809878
0.0108710952218
0.00829470277995
0.00938872446883
0.0085767096565
0.0108055336992
0.00823246264944
0.00878685180398
0.00902932050128
0.00999574687723
0.00808147323323
0.0112677176144
0.00875476185553
0.00938269777513
0.0105791398406
0.0084899703842
0.00992019417796
0.0107691136909
0.0113333131436
0.0104001207826
0.00922738140172
0.0131422130376
0.00968427397885
0.0124598724953
0.0103850710461
0.00800133587855
0.0106619590896
0.0114117907963
0.0111469688547
0.0124031064256
0.00982895621211
0.0108190492518
0.0108512713595
0.0087537430255
0.0101467680655
0.0141703078577
0.0110000810196
0.0104299772594
0.0138312965058
0.00857783447651
0.00806508632609
0.0108224558594
0.0142045804472
0.0122043370804
0.00915773662437
0.00882011500409
0.00830525678961
0.0103672067316
0.00844860580596
0.0106330645466
0.00989350270465
0.00833840573661
0.00865435185718
0.0130213839892
0.0109339390109
0.0089386497692
0.00975512467433
0.00836794458281
0.0108162425045
0.00824884162828
0.010158383565
0.0111387706379
0.00862686882876
