0.0105678558213
0.00857733987365
0.00979014444315
0.00859266354663
0.0102515129792
0.00911088065274
0.00926402917299
0.00972892995496
0.00933317862776
0.00919674129539
0.00880250549598
0.00760683713145
0.00876008501553
0.00943713203302
0.0132346683057
0.0116226736183
0.00953738225532
0.0123387404195
0.0125146651557
0.0138271866824
0.00767420005319
0.00888754784007
0.0127121033865
0.00958553016347
0.00964210811191
0.0141790957818
0.0100028320382
0.0107067723673
0.00912280084628
0.0088643911471
0.00825551973556
0.00917131062608
0.00779580804586
0.0102768932289
0.0102131049669
0.00885076408145
0.00949548401462
0.00825111370928
0.00895596000438
0.00858115745633
0.0091495359558
0.00817886854691
0.00861853851815
0.0130975154395
0.00774963609796
0.0144215696524
0.00961482940801
0.00849489374779
0.0102867652222
0.00926234295427
0.00765176025591
0.0102493256347
0.0129200647915
0.00767446400764
0.00991108466333
0.00773379047038
0.0101671765501
0.00789184405336
0.0128516142337
0.00789854505294
0.00994472403698
0.0140635875285
0.0122104002536
0.0107565724482
0.0096509002075
0.0108713056915
0.0119651848144
0.00791946826651
0.0125117831539
0.0106391467517
0.0102671699236
0.00777344202944
0.0128729247925
0.0098332181011
0.00800085218339
0.00862317129244
0.00897052476536
0.008564123802
0.00894392135014
0.00768712474133
0.010611408758
0.0091787485705
0.00890523901929
0.0107310276946
0.00824629231963
0.0149114702307
0.0112079751751
0.0103312768809
0.0102209597885
0.00953950620078
0.00993885543787
0.0102227001641
0.00761009684511
0.00944327186415
0.00818021535074
0.0103983763657
0.0156920049931
0.0089233577835
0.00857994286868
0.0179139122124
