0.0078982174597
0.00915849378672
0.00834158165766
0.0126384909003
0.00797587686652
0.0100931131736
0.0125108470768
0.0156633158571
0.00882854554679
0.0121551744002
0.0130988414037
0.00872983655441
0.00885576321871
0.00914381995372
0.0105759916635
0.00942733213082
0.0118925752018
0.0101940097494
0.0131110406046
0.012827265439
0.00872701316707
0.0118549457573
0.00783577980082
0.0106833435172
0.0104232038743
0.00861553055205
0.00903654160484
0.00913444466733
0.012167620804
0.00924018564327
0.0108509684214
0.00919624939679
0.00860768454416
0.00949075910633
0.00769132611696
0.00801103671552
0.00987320555629
0.0119724660615
0.0081136634852
0.0121922954927
0.00890921917516
0.0119722064436
0.00949040976337
0.00778836539634
0.011203725631
0.00949392018992
0.00775713220639
0.00955239426687
0.0140405187206
0.0130304160205
0.00931578473715
0.00905725677911
0.00935717014382
0.0109762008967
0.0136721045489
0.00857929615289
0.0106534981516
0.0110301261107
0.00969489283885
0.0115456623844
0.0131413928196
0.0117462622854
0.00798197345184
0.00883480396298
0.00827848286816
0.00787648893263
0.00996466097032
0.0106772896668
0.0093082800881
0.0100892285008
0.00815144355867
0.0113656330948
0.00969739359055
0.00924072261034
0.0114433594748
0.00943185030203
0.0130874852824
0.00945765976551
0.0103744487
0.00779506486552
0.00867652032939
0.00929769963887
0.00905144871754
0.0100237367119
0.0092791033317
0.00902570292983
0.0100068867872
0.0108938671725
0.00798585462826
0.00788895490036
0.0112249557529
0.0093336810141
0.00931892763186
0.00882555968659
0.00988813061287
0.010433616037
0.0103252192897
0.0084166100296
0.0086539827795
0.00954691973881
