0.0122592688084
0.00905677194017
0.00858902792333
0.00839504525067
0.00764148338534
0.00820259762071
0.0078634326519
0.00973246021458
0.0104139497258
0.00770125509909
0.0103661595573
0.0106171859892
0.015731371722
0.00846574231477
0.0088811840616
0.00919543246337
0.00845742142712
0.00745168892275
0.00854105962151
0.00789985229145
0.00980344666421
0.00934998277027
0.00838969272222
0.0149768993879
0.00910439480836
0.00835512020211
0.00834035204719
0.00810486020761
0.0304805538966
0.00828935763708
0.00787085300047
0.00870199001345
0.00906126634734
0.0109726676233
0.0078904805807
0.00842179416426
0.00745590171097
0.00855935728112
0.00926766030033
0.0136000613023
0.00913727401782
0.0155635686266
0.00952528751487
0.010206058036
0.00969593287308
0.0081060431464
0.00966633305914
0.00764588131337
0.0165250266013
0.0166279707746
0.0076368314393
0.0110290933843
0.0077329099662
0.0105759060592
0.0117309723118
0.00725688250068
0.0150082683632
0.00774082873707
0.0101044394789
0.014322994541
0.00738425106868
0.0126659519806
0.0111801633554
0.00728107145559
0.00886775278136
0.00903636754073
0.00889191401022
0.00989409888305
0.0121660780247
0.00817656891928
0.0166522872673
0.00857713281305
0.0126468485366
0.0109501630011
0.00781665794177
0.00997557781714
0.00780437239266
0.00750690685345
0.0137940441477
0.00840406436522
0.00812207179862
0.0100618595774
0.00951621989122
0.0112999705182
0.00860799775441
0.00864021964481
0.00808431297991
0.0104082190271
0.00735147958876
0.00985955052351
0.00979738733636
0.0103627415136
0.00884499833832
0.0107285648807
0.0119168448186
0.00897400759476
0.0107312361253
0.00744820227084
0.00754831523721
0.0137259410214
