0.0089437098777
0.0111487460507
0.0107746968522
0.00996735453497
0.00802787119506
0.00935428723545
0.00815692722619
0.0103986834075
0.00799790834379
0.00803675824229
0.0106562063658
0.00813732573993
0.010189368386
0.00914307846259
0.00838787991688
0.00886345316455
0.00743052962872
0.00980439601447
0.00834794518467
0.011231353618
0.0100581482484
0.0082066293165
0.00814817657118
0.00740786938765
0.0131041744098
0.00745771721921
0.02495565759
0.00932503507186
0.00809970716305
0.00940216251847
0.0101794617882
0.0119496686874
0.00796926536812
0.00910940576811
0.00941848182226
0.0085459443886
0.00904489354271
0.00741408495254
0.00782991796334
0.0111026103886
0.00934469801345
0.0086639667286
0.00835377341226
0.00901251674618
0.0192409332261
0.00974927278604
0.00867257023985
0.0112730051744
0.00965305590326
0.0121994034026
0.0108684915326
0.0118491366505
0.00897906056557
0.0109776070266
0.007683403426
0.0128920167126
0.0083395561236
0.00936283497108
0.00912627980902
0.00984506708137
0.0108740662195
0.00910323893846
0.0108512081707
0.0113424628943
0.0118837095563
0.00820968361055
0.00970158294369
0.0102689769196
0.010049783666
0.00921130385967
0.00999592487407
0.00951582581683
0.00776838979812
0.0104847736077
0.00847338009363
0.0084785841059
0.00963285167576
0.00769647184815
0.0125045125187
0.0083843706682
0.0139490085351
0.0216816086378
0.00767146070335
0.00823230061605
0.00904686882826
0.0132061994357
0.0118146273059
0.00848094313942
0.00950759302437
0.0227095090113
0.00854024389832
0.00796052924071
0.0110966055315
0.00822030283394
0.0076498032211
0.00804130136189
0.00774516876057
0.00953514465919
0.0111065966525
0.0095589416719
