0.00983397553309
0.00724234561112
0.00928948467494
0.00823825637926
0.00807310684075
0.00739733637729
0.00883470787824
0.00714467001138
0.00699997506379
0.00699734514074
0.0219064037642
0.00990306542339
0.025118337707
0.00893650110318
0.0101232551995
0.00735715209087
0.00720374562602
0.0105706728183
0.00907792337174
0.00762735061681
0.0104235947014
0.00772577438258
0.0101554506464
0.00892147677871
0.00903703742578
0.00856746153446
0.00763578008535
0.00820737906533
0.00762288117911
0.013383015051
0.00725079394232
0.00931054429141
0.0100063636679
0.00742790201575
0.00698067621953
0.00726454593243
0.00865201635353
0.010513568762
0.0125216006543
0.0226872580097
0.00746831840373
0.0103861785336
0.00992210961448
0.0114386407787
0.01072883886
0.00749567755088
0.0100707905385
0.0120649562949
0.0100307183915
0.00749003397887
0.00934903475476
0.00941170974523
0.00708962282241
0.0110951118505
0.00913654351792
0.00937467176379
0.0133984578876
0.00827692026948
0.00809897033271
0.00897688881983
0.0109977682201
0.00779206175414
0.00872499723423
0.00725344388141
0.00704151987454
0.00909853888756
0.00755064099912
0.00721390991343
0.0445988108087
0.00752653539952
0.00786997233634
0.00768018464957
0.00891647009183
0.0159059359298
0.00717029735246
0.00715234405359
0.00832174542821
0.0112565619284
0.00792680181684
0.00846113738535
0.0123813950924
0.0106909176742
0.00716583314272
0.00818853188592
0.00848826216207
0.00969430423886
0.0206846753261
0.0174908959932
0.00727261611707
0.00946731708803
0.00729515011119
0.0112152379969
0.0108522871691
0.00748440311439
0.00944321400396
0.0115046660413
0.00702268938449
0.0102556344855
0.0116365000901
0.00983086429755
