0.00852900621121
0.0105131463737
0.00901307732205
0.00871340760176
0.00865762017681
0.0100977589164
0.00844318799205
0.00829064760579
0.0124386524629
0.00986786595234
0.0108877728184
0.0116985341385
0.014451631228
0.0087360430973
0.0126095497132
0.0113378674053
0.0109139277264
0.0132010470066
0.0080875109804
0.0092201252789
0.00942420665997
0.00893116541467
0.0108475377502
0.00826386493704
0.00956116803126
0.00969141086578
0.0117485618653
0.00815827142202
0.00815147246275
0.0107366964354
0.00888284021969
0.00946101239621
0.00966698965651
0.00995217441797
0.00831701648755
0.0118257725418
0.0128910695981
0.0140316249307
0.0125760492554
0.0104718002144
0.00946212482761
0.00851974654108
0.0108185035547
0.00848537687202
0.0121235255532
0.00938787443947
0.0084884996471
0.0126847372466
0.00826327489319
0.00884168729085
0.00874394077801
0.00826417523708
0.00940480097089
0.0081205799776
0.00834498314221
0.01176967227
0.00962920042898
0.0113023175427
0.00848558472287
0.0115046257252
0.0087550040035
0.00836872159208
0.00854608262229
0.0110179897652
0.0103964835066
0.00854507175339
0.00975365972949
0.00948325220263
0.00962426520113
0.0102612818776
0.0115769307098
0.00983128679584
0.0087720343066
0.00845535504817
0.00839364539645
0.00853775163292
0.0115642014193
0.0106916827141
0.0100085890531
0.00995518972308
0.0103028327748
0.0103161862362
0.0118653843231
0.00830270700605
0.00862168953616
0.0126781241929
0.00876610587314
0.00850855045001
0.00881540450124
0.00895845008165
0.00880577455979
0.00818373057835
0.0111510847325
0.0104264608696
0.00882917561551
0.0113636152337
0.0130603347761
0.0132760012604
0.014442234808
0.00884335630537
