0.00794686986749
0.00941584504747
0.00782370587152
0.00831762585834
0.00955100983158
0.0106041713092
0.00976294675205
0.0117602142685
0.0109005735276
0.00840836059096
0.00949644512493
0.0108898576578
0.0111428121917
0.0123841013032
0.0092815851921
0.0135966188051
0.00923642786445
0.00821928780766
0.0080625145614
0.00763454471617
0.0139952984858
0.00943606144852
0.00787771847052
0.00940785447433
0.0113346692251
0.00796795565547
0.0112995509076
0.0089674269466
0.00885516297682
0.0205650490948
0.0115699973844
0.00950851142439
0.0126251947288
0.0103059360972
0.0105000624207
0.00748947350701
0.0118757117075
0.0103431452743
0.0117725097645
0.0116242776413
0.0122722329544
0.00841268181246
0.00784103650398
0.00904906560026
0.00745658769219
0.00745953536445
0.0110630747655
0.0112261040133
0.0131177231678
0.00748295452093
0.0126372174896
0.00860938459444
0.00764258238979
0.0122974295068
0.00849513545644
0.0096128113076
0.00807132235149
0.00813751475779
0.0086190652799
0.00970511528928
0.00848668456225
0.00817677632548
0.0134138991588
0.0101940924938
0.0157479678598
0.00948776101185
0.0088938878013
0.00906739417636
0.00838105436372
0.00905405726229
0.0110455821655
0.00928627901557
0.00767549050844
0.0138568160643
0.0121955445559
0.00898325539064
0.00792416989473
0.00998965583468
0.0112210340052
0.00868368387466
0.00905758054454
0.00958450971233
0.0102211955885
0.00912235120815
0.0107302868728
0.010137414045
0.0104033929714
0.0135102650507
0.00972666620193
0.0080922037003
0.0102939669619
0.00945328761991
0.00783186575189
0.00943035787029
0.0076265841012
0.0132185699034
0.00853633516203
0.0103689961222
0.0102694938071
0.00965392987608
