0.0115676208447
0.011637901551
0.00839181862386
0.00939981574958
0.00821926044004
0.00952123014792
0.0117098349361
0.00867195613862
0.0082013811147
0.00850811741541
0.00816160994818
0.0121313378141
0.0083194037251
0.00875246909238
0.0114216503587
0.0104159939242
0.00820471359471
0.0086224504119
0.0126714875376
0.00905745466865
0.0099100284697
0.00891462682408
0.0121224672243
0.0125214721333
0.0104405244324
0.0117643906723
0.00991259679944
0.0121118265822
0.00903623824904
0.00885112358849
0.00984780914812
0.0103338124413
0.0139076511531
0.0115472748262
0.0110715039889
0.00877246855582
0.0104959631437
0.00810971874531
0.00956291140564
0.0115084138511
0.0103345658351
0.00840312692623
0.00992719598538
0.00963511953836
0.00869487201264
0.00901895727855
0.00907478222714
0.00902246400868
0.00869913288508
0.0119169497329
0.0105591696721
0.0129065704479
0.0104722441607
0.00950270316525
0.014234550322
0.00862080866955
0.0106287239291
0.0113821291715
0.00845058557081
0.0098513919796
0.0109615057432
0.00822508799509
0.00858145488357
0.00897499549318
0.0118106662611
0.00967156004664
0.00857161469351
0.0102124309975
0.00838730872374
0.0104680067251
0.0109079727941
0.0088622734875
0.00866476911494
0.00996239338595
0.00875998888873
0.00945306816419
0.0116299193631
0.00819269690018
0.0118031150973
0.00908130068135
0.00957285160625
0.00815753778225
0.00971358697811
0.00925757762022
0.0106248448694
0.0103393857546
0.00823346511501
0.00880664040245
0.00823868287664
0.0105466367495
0.00945944908543
0.0116341258603
0.00866435217785
0.0131162543209
0.00976219564641
0.00864625702167
0.0118910740589
0.0124471384162
0.0105216941141
0.0115177463134
