0.00852653876343
0.012677661153
0.00907170694293
0.0125932943236
0.0122161280341
0.0124631375466
0.00844347663059
0.0082130871415
0.00892775445957
0.00842576332021
0.00888621489675
0.0102237671087
0.0092481157303
0.00765760386503
0.00758252125763
0.00850770100543
0.00968494286121
0.0101014039819
0.0153102359274
0.00797581665573
0.0121371417354
0.00892103252026
0.00785592673961
0.00946889622174
0.0128264298588
0.00859506598839
0.0138114645793
0.0108413925288
0.00894709228092
0.00965048043533
0.00838196754892
0.0105675786199
0.00898017318196
0.0127425408881
0.0081140004738
0.00919055209922
0.0105742996085
0.0128058923577
0.008201671201
0.00803577904942
0.0128410318315
0.0122142194711
0.00938916831969
0.0128043260458
0.0107653102919
0.00753005499275
0.0136278878551
0.0083119972763
0.00910367047666
0.00991378866483
0.00798018892248
0.0111442090557
0.00944553582462
0.0113895413001
0.00855841819278
0.0113010296806
0.00803376273647
0.00998974689729
0.0114840682237
0.0132039960291
0.00874859873477
0.0113940239863
0.00917149768731
0.0106659353684
0.0112984440721
0.0088728752296
0.00749577445133
0.0102472410429
0.0116705232498
0.00891152499553
0.00869387647563
0.00866733810972
0.013262335246
0.00847325587076
0.00891368613047
0.00871145061386
0.0117571879853
0.00864875619774
0.0102341901376
0.00974610440762
0.0108373526411
0.0110074566745
0.00980514788753
0.0100440379941
0.00973386850362
0.00989121419441
0.00939935849995
0.0112561679438
0.00935423624065
0.00752085635062
0.0132977936895
0.0110966363623
0.0106006191946
0.00795459074551
0.0100478982272
0.0100699171414
0.009715633566
0.00973764240329
0.00859500302562
0.00803174711071
