0.0130639911655
0.0101755222402
0.0107836957575
0.012771571398
0.00851594652727
0.0116583816251
0.00884871119227
0.00928609678312
0.0085266426134
0.0094059164109
0.00877979812488
0.0109048156285
0.00795096259525
0.0115114415992
0.0113360326149
0.00954753440163
0.00919790474281
0.0102161383181
0.00812676887122
0.0124318594269
0.0119001467896
0.00854901326187
0.00837046791671
0.00853990462476
0.0082567191858
0.00964261574682
0.00859068216101
0.00797441115107
0.0116906664644
0.0138491132143
0.0108489874185
0.0081903300386
0.00904955792783
0.0105228475194
0.00919644473107
0.00803640334001
0.00851249565264
0.0104534631921
0.0109454968612
0.0118946166836
0.00923501234312
0.00972435373988
0.0128477276066
0.0098292378429
0.00850860712813
0.00874844914553
0.00869311434921
0.00828441865417
0.011205483866
0.00823672731481
0.00808714854864
0.00934853691096
0.011286176985
0.00954561668328
0.00981446298085
0.00822436349437
0.00854513562676
0.00956541406124
0.0114925348337
0.0119288514542
0.0084633081936
0.0117218316718
0.00832745329859
0.00881366815139
0.010382799954
0.00908205250225
0.00883996690936
0.0121773920352
0.00961433662374
0.0113506140755
0.0146348630674
0.00895950381002
0.0123855302434
0.00879464240749
0.0105602238609
0.0113389685184
0.00862697078664
0.00838140222563
0.0103509187969
0.0111796272892
0.00805181713652
0.0112304738415
0.00977460181451
0.00909121373388
0.00835301402777
0.00887019089836
0.00969204646508
0.00871337710563
0.00946831840648
0.00872499799919
0.00935814267566
0.0114247504127
0.0136393573735
0.00853032445574
0.0145473886367
0.00867686391469
0.0201948946718
0.00807879764191
0.00920015288552
0.00918771199413
