0.0095194671811
0.0115269397059
0.0126295709018
0.0126893103483
0.00828341851335
0.00916512427816
0.00975700977677
0.00843888986538
0.00909215800511
0.00942329085835
0.0100838927904
0.00953490412593
0.0120702908357
0.0109068339807
0.00932003963031
0.010157928715
0.00856525410235
0.00930247851417
0.00858969688381
0.00915940929458
0.00824461168005
0.00850942539611
0.00825250990674
0.00822588253373
0.00971165098902
0.0100940776796
0.00864854357265
0.00972874948564
0.0139186458785
0.00886679189753
0.008665900922
0.00910593217514
0.00899410187672
0.0117191737226
0.0111350874638
0.0108713051985
0.0106457212279
0.0100032087231
0.00995912675467
0.00849826117685
0.00872510485642
0.0130071925144
0.00864524728581
0.00952303478057
0.0131860644529
0.00819998811272
0.0081568291934
0.013254318025
0.0100647357284
0.00978741873933
0.0140959518944
0.0102556858047
0.00819462976843
0.00894248883127
0.0138263947722
0.00833005839582
0.00983336978407
0.0109395636027
0.00812215501899
0.00854801643873
0.00839921753451
0.0106498426699
0.0117967757025
0.0107525815683
0.00827499266537
0.0133118688754
0.0112235162201
0.0102787568059
0.00913829010029
0.00935160909826
0.0130953626515
0.0104671363007
0.00814159986107
0.00897049681153
0.00913137692414
0.00907002123531
0.00933974159349
0.00929992634739
0.00918323019006
0.00967782051484
0.00970913374958
0.0115573100183
0.00931776933336
0.0100814232594
0.00998786038953
0.0102346346742
0.00921593975507
0.00812830790999
0.0113862000782
0.00864512215533
0.0103872234543
0.00973003126012
0.0102958087682
0.0114642103213
0.0108698973535
0.0087829140639
0.00860060795884
0.0133682707013
0.00982606569593
0.0132042408605
