a    b    distance0    NDraws    time    dist_threshold1    
0.99659985763    0.0122422047407    0.00438212004766    1    1.91689300537    0.0371433673039    
0.988481099081    0.0291054374689    0.0165829766305    3    6.03777909279    0.0371433673039    
1.01126127418    0.0697366772677    0.0144073197228    9    12.2695510387    0.0371433673039    
0.999565888933    0.0419177619589    0.0330108501218    3    4.85863399506    0.0371433673039    
1.00286892055    0.0542707380802    0.0324949094568    5    6.92324495316    0.0371433673039    
1.01664803602    0.0462720321998    0.0249638638182    7    13.7150728703    0.0371433673039    
1.01208809178    0.0383420850241    0.0112467731232    2    1.97603702545    0.0371433673039    
1.02448626589    0.0148118167417    0.0252248326196    2    2.74227690697    0.0371433673039    
0.985866290764    0.0119117472227    0.0308996909264    1    1.31378507614    0.0371433673039    
1.0298954485    0.122887075957    0.0307763556181    1    1.84098815918    0.0371433673039    
1.01227767168    0.0105456805374    0.0151871386827    2    3.51721215248    0.0371433673039    
1.00196413111    0.0239995194966    0.0326362327105    1    1.6368188858    0.0371433673039    
1.02631257445    -0.0258673619484    0.0349675368765    3    5.26522493362    0.0371433673039    
0.984593395219    0.0547572889451    0.0288942641982    2    3.56192088127    0.0371433673039    
0.987924032296    -0.02713642766    0.0250720664112    8    14.8227961063    0.0371433673039    
0.97822184474    0.0738441291131    0.0298959327884    1    1.7556707859    0.0371433673039    
1.00704069468    0.00777502521624    0.026693779862    8    14.0312740803    0.0371433673039    
1.01436326219    -0.0316067254481    0.0181999887045    4    6.63851714134    0.0371433673039    
0.994652620234    0.0900035555784    0.0269895791247    1    1.74076008797    0.0371433673039    
1.02554454551    0.00010572505492    0.0365499715456    6    9.81207585335    0.0371433673039    
0.981726558868    0.0220963974705    0.0260542057081    15    22.2160589695    0.0371433673039    
1.00456023934    0.0176624423391    0.00588751115388    4    5.1690158844    0.0371433673039    
0.966573787441    0.00265607589686    0.0345681467171    4    5.5545539856    0.0371433673039    
1.00507116373    0.00324834677699    0.0196146225218    4    5.79012513161    0.0371433673039    
0.996534425928    0.0509100948872    0.00820934834974    5    6.54027485847    0.0371433673039    
1.0205504304    0.0527565309909    0.0326833418241    5    9.2487308979    0.0371433673039    
0.973673807217    0.0223082498138    0.037058542315    5    8.74432396889    0.0371433673039    
1.02854713268    0.0366746294036    0.0299823167174    5    7.8707511425    0.0371433673039    
0.984188298037    0.0374316562552    0.0156401158051    8    12.3080310822    0.0371433673039    
1.0261831071    -0.0245671595418    0.0294949712445    6    9.08286380768    0.0371433673039    
0.995993235252    0.0425990059722    0.0176317331296    2    2.54093599319    0.0371433673039    
0.978357174996    -0.00319850665336    0.032339605604    1    1.44498109818    0.0371433673039    
0.974472466365    0.0077362527154    0.0252949813633    1    1.07505989075    0.0371433673039    
0.990506113734    0.017198692114    0.00927465673338    3    4.02195191383    0.0371433673039    
0.966744822996    0.0189310397711    0.0330384442975    1    1.40829014778    0.0371433673039    
0.982308860052    0.0415343679036    0.0206627825436    2    2.54687190056    0.0371433673039    
1.01549515355    -0.00108497022122    0.026601874793    6    8.5479888916    0.0371433673039    
0.977883204913    -0.0158830382104    0.0251521453127    5    6.07384300232    0.0371433673039    
1.02592662141    0.0249819246178    0.0350392226579    3    4.29636001587    0.0371433673039    
0.983505428125    -0.000601262293881    0.0248598001373    1    1.55911493301    0.0371433673039    
1.02133146015    0.0598180885474    0.0239190879475    2    2.9477288723    0.0371433673039    
0.997267039011    0.0839515098322    0.036193933978    8    12.4927389622    0.0371433673039    
1.02736645007    -0.0297755361542    0.0343362994741    3    3.86228489876    0.0371433673039    
1.0189415825    -0.0159934266357    0.0352896138473    3    3.15862989426    0.0371433673039    
0.999030595563    0.0694998533937    0.00191812646204    10    14.6786251068    0.0371433673039    
0.995589566319    0.0713501614834    0.0285087200367    12    16.5014967918    0.0371433673039    
0.977724100553    -0.0398148730189    0.0287925964745    5    7.15467119217    0.0371433673039    
0.982444387667    0.00832383666512    0.023343838972    11    17.7162182331    0.0371433673039    
0.973282583862    0.0209176651404    0.0292031252087    15    20.9507191181    0.0371433673039    
1.02937706466    0.0535426465808    0.0307308286349    8    13.3666250706    0.0371433673039    
1.00218565735    -0.0427478132888    0.00799267425747    8    13.2092528343    0.0371433673039    
1.0246698448    0.0801233805829    0.0321626719419    3    4.60659599304    0.0371433673039    
0.999318269897    0.0377766113253    0.0082568030157    5    6.8944580555    0.0371433673039    
1.01246354459    0.0211559312512    0.0324196536716    1    1.41054797173    0.0371433673039    
1.02826863421    -0.00990141986099    0.0353590841384    3    3.57485389709    0.0371433673039    
1.00478019871    0.00207940944763    0.0231970132058    5    5.59116983414    0.0371433673039    
1.01283976456    0.0328436983031    0.0156587072027    2    2.69775605202    0.0371433673039    
1.01309858515    0.0201420205059    0.0148679903071    2    3.13162708282    0.0371433673039    
1.00309081326    0.0164912991964    0.0229328756175    4    6.05792713165    0.0371433673039    
1.03664092868    0.00531068593283    0.0357020565879    3    5.9912250042    0.0371433673039    
1.01350816105    0.0288272404314    0.0269930727487    2    3.35238599777    0.0371433673039    
1.0221344281    0.0400067133592    0.0353294232138    3    5.55437207222    0.0371433673039    
0.988793574188    0.0250772118239    0.0131075231014    2    3.29422807693    0.0371433673039    
0.984614051253    0.0166917742625    0.0156179731136    8    15.0082871914    0.0371433673039    
0.994163296054    -0.0390251387748    0.0256449268215    2    3.64416193962    0.0371433673039    
1.01561147124    0.0244151127552    0.0219986925758    2    3.89959096909    0.0371433673039    
1.00440041246    0.0575456446336    0.0269806229188    4    5.47732281685    0.0371433673039    
0.988472101899    0.0729965466981    0.0300262051089    4    6.63820409775    0.0371433673039    
1.01708245099    0.0589864970597    0.0166820957053    4    6.86245703697    0.0371433673039    
1.02075678922    0.0445592341364    0.0256281229866    4    6.26613211632    0.0371433673039    
1.01400684789    -0.00624832990502    0.0165996068265    6    8.35718822479    0.0371433673039    
0.968358379772    0.0703381925241    0.0317810016792    1    1.30048394203    0.0371433673039    
0.999496190929    0.0296592776663    0.0238420279539    8    13.8580169678    0.0371433673039    
1.00963340899    0.069622888013    0.0244337521054    10    13.1649889946    0.0371433673039    
0.993541918193    -0.0221346361312    0.0307479052665    2    2.02928209305    0.0371433673039    
1.02674282298    0.0241825358354    0.0361275358421    1    2.02217316628    0.0371433673039    
0.986565888991    -0.0348168101049    0.0134844849776    3    5.73882198334    0.0371433673039    
1.00914424844    0.0129977192019    0.0134990743418    6    10.6252028942    0.0371433673039    
1.02515477732    0.0734746404563    0.0284229363803    6    9.11590981483    0.0371433673039    
1.01795713191    0.014623346305    0.0279227500934    8    12.1950190067    0.0371433673039    
0.977546228095    0.012808304117    0.0245100879067    3    4.09495210648    0.0371433673039    
1.00052555282    0.00585808277757    0.0261620336241    4    8.3422100544    0.0371433673039    
0.998539977232    0.0928174589962    0.0335241810801    2    3.617841959    0.0371433673039    
1.03159908257    0.0504128766105    0.0325724197507    18    13.6926729679    0.0371433673039    
0.969741577467    0.120841326601    0.0362770581127    3    5.02571606636    0.0371433673039    
1.03499461926    0.0126222845223    0.0347569230219    3    5.24912714958    0.0371433673039    
1.01048319718    0.0427530378009    0.0144756226139    3    5.05399513245    0.0371433673039    
0.986623602404    0.0405326710016    0.0224005047956    2    3.36171507835    0.0371433673039    
0.9944402667    0.0277344634529    0.0123417990474    1    1.78908610344    0.0371433673039    
0.987195009215    0.048587621428    0.0149062949187    2    2.14841389656    0.0371433673039    
1.0135864863    0.0469431259092    0.0167254707858    1    0.857829093933    0.0371433673039    
0.97268201034    0.00966178175687    0.0280556667416    1    1.17886090279    0.0371433673039    
0.984851184366    -0.00454972001505    0.0156450860568    3    4.25691390038    0.0371433673039    
0.977992054973    0.0337436410952    0.0331639116125    2    4.11776089668    0.0371433673039    
1.02879846967    -0.00970471226803    0.029794424501    2    3.32698988914    0.0371433673039    
0.987533006635    0.0126561201485    0.0240678858266    1    1.99603700638    0.0371433673039    
0.98632760432    -0.0121471478394    0.0168693101427    4    5.59088802338    0.0371433673039    
0.99031725003    0.087875261933    0.0322435383749    1    1.32852005959    0.0371433673039    
1.03027666213    0.0172068088463    0.0335345363058    3    4.25688195229    0.0371433673039    
0.979181309732    0.0194006131457    0.0194885252707    1    1.48552513123    0.0371433673039    
