0.0131262779292
0.00879857917423
0.0112043180258
0.010722977185
0.0101341795236
0.00815223302145
0.00851079976191
0.00945801091519
0.0123965144775
0.0112602535842
0.0130757169356
0.0101341874895
0.0105428709384
0.00875961262254
0.00845802571581
0.0150096392369
0.00807267499474
0.00982921594493
0.0114823861656
0.0087268259571
0.0106895379998
0.00825687477919
0.00899850233299
0.0107560044852
0.00815131482287
0.00846317964209
0.0129732419739
0.012991610938
0.00804497323494
0.0113429643663
0.00966176457144
0.011804672715
0.00847526884639
0.0111698485591
0.00928263378934
0.00899229350063
0.0115146776956
0.0112363756204
0.00917962269526
0.00961710318012
0.00876156705855
0.00803831314095
0.0114783857386
0.0127200114969
0.00922645512581
0.00851911470598
0.0102000996253
0.0124906280127
0.0100370113902
0.00973312246663
0.00937349360639
0.00939523414658
0.011275862546
0.0114968471063
0.00977640032324
0.00829568085914
0.00931923557319
0.00883161086605
0.0134595865652
0.0091265529759
0.0126733930445
0.00896160484993
0.00899003613417
0.00845731649532
0.00874009114825
0.00972240385176
0.00800938578289
0.01196773905
0.0103279725518
0.00822569820429
0.00817728168707
0.0103711917844
0.0121651961423
0.00830602532291
0.00830849395584
0.00981756005842
0.00825217451893
0.0114637188405
0.00841739558209
0.00834069184735
0.00884870834831
0.00817430745749
0.0104128569454
0.00922800712053
0.0134221705682
0.00802774322709
0.0127367549295
0.00830865054046
0.00942119970353
0.00983743129651
0.0104721673064
0.0102708981639
0.00922978762944
0.00827998720382
0.008690078098
0.0122164979553
0.00965040223751
0.0115478531877
0.0112809393395
0.00923520921094
