0.00973305759363
0.00969259887933
0.00854838067939
0.00795960856701
0.0105430476619
0.00893790059012
0.0109912856704
0.0105420323944
0.00904501334519
0.00973148788948
0.00849344979541
0.00984187873133
0.0095060666489
0.0100858430956
0.0104097474593
0.0079442602726
0.00825604181521
0.00820626250849
0.0120952482006
0.00863635286367
0.00905744792922
0.00997504577047
0.00881146691625
0.0106940500205
0.00854928199244
0.0110158113933
0.0127233737441
0.0109362424873
0.0125156369277
0.00904548707375
0.0170508752063
0.0100870608221
0.0088184932407
0.00803570751241
0.010260389858
0.0114066108745
0.0105071615028
0.010619219963
0.00911112073056
0.00911996506486
0.0109420886759
0.00996944002452
0.00793244529213
0.00804051796399
0.00834917421459
0.00971229291689
0.00818188054359
0.00857386040529
0.0134147556112
0.00824083370596
0.0124709218199
0.00833087923436
0.0133134684666
0.0095807684225
0.00929749502178
0.0106351920996
0.00948281330403
0.0101125383643
0.0103112318467
0.0103320066619
0.0170848476914
0.0109086114731
0.00797483436627
0.00804818306959
0.0106411624698
0.00949415758984
0.00837149430344
0.00848622186496
0.00825753218526
0.0114034907616
0.00991701108254
0.00783349824293
0.00916586090608
0.00805269765051
0.008195746012
0.00804977371299
0.00953456189277
0.00835487564699
0.00967439227797
0.00814137951458
0.016905809222
0.0112680293759
0.00837439846528
0.00830755077567
0.00793893789042
0.0107327451539
0.0106872420045
0.0147683981131
0.00816668296753
0.0110921628325
0.00810825659889
0.0140717318567
0.00877935447748
0.0169429562893
0.00890554453731
0.00905393542846
0.0114017228928
0.0111411552581
0.00898107510972
0.0120173597478
