0.0144035369943
0.0112618269768
0.0164671731172
0.00863050036822
0.00941932981114
0.00768276002352
0.0105426476068
0.0115119471711
0.0154302493721
0.0105086367294
0.0113002616708
0.00935602067879
0.00787063013142
0.00887402369812
0.00850705481892
0.0113994411812
0.00942147503281
0.0124790614365
0.0136717972807
0.0102058694674
0.0143706275245
0.00766844934786
0.00840966915197
0.00821941039244
0.00862541820821
0.0101448478317
0.011731441002
0.00787199429351
0.00834674362914
0.0108343265819
0.0103615428969
0.00847178941528
0.0113934909386
0.011951561495
0.00963112049379
0.00772703060174
0.00798998956981
0.011275646257
0.00792773004396
0.00821376051149
0.0102686357004
0.0102132560584
0.00954250785306
0.0125957915961
0.00820640610637
0.00799548626944
0.0103199150723
0.00818236578241
0.00798173038287
0.00834179924946
0.0104938154296
0.0092497293999
0.00926978118389
0.00836778537138
0.00921121261231
0.0124313090545
0.00978400359841
0.00790009046976
0.0111477146449
0.0114812832523
0.00987200080022
0.0114324868448
0.0101685877538
0.0127057122546
0.0135329268011
0.00842601778836
0.0111780895032
0.0087884290202
0.00882908144606
0.00849842154467
0.0109842986228
0.00871275759639
0.0118139295264
0.0122444795314
0.00951548958631
0.00880456714949
0.00778428209855
0.00902906695751
0.00961636736569
0.0122017924817
0.0113075492797
0.0107917632903
0.00805510127554
0.00910849273544
0.0101929595345
0.00958096694516
0.00884658289874
0.0105075798818
0.00770473485742
0.0087683070261
0.00937461389561
0.00842905148454
0.00943583820903
0.00869652682404
0.0116716011429
0.00892836908746
0.0101579192598
0.0135498444638
0.00999381071542
0.00766414967753
