0.00829653898049
0.00955638512189
0.00935039060061
0.00904295045446
0.0145794589675
0.0093500040499
0.00768627481464
0.0131975199753
0.0102549913559
0.0122557640601
0.00827024911472
0.00952490194596
0.0146824387539
0.00985148733166
0.00801381907187
0.00895004549679
0.0147688463864
0.0078600862852
0.0104877008795
0.00780441956351
0.00872347682149
0.00762632874345
0.00932901602092
0.014405591025
0.0096278174642
0.0105931606874
0.0104629102162
0.0104191691993
0.00811985189252
0.0126862316965
0.00795003784857
0.0122609525875
0.00850106205763
0.00921500693337
0.0100691999265
0.0124486185078
0.0132146493381
0.00830750193056
0.00806179638812
0.0102220800659
0.00811571718957
0.00805236629784
0.00905892692754
0.00904760545269
0.00926229638001
0.00864758250533
0.00783678849817
0.00823414292293
0.00781842165653
0.0182556578717
0.0124417194538
0.0078259482081
0.0111216507492
0.0148127811957
0.008271324095
0.0101112728751
0.0105680000739
0.0152609496979
0.00896033078052
0.0136461683283
0.00918198192034
0.0152211216281
0.00873108704736
0.00909589354513
0.0095069970452
0.00968102480848
0.0096882465617
0.00878611323499
0.0105084830233
0.00795210432647
0.0106577274969
0.00787391305713
0.0117645782902
0.00801990438258
0.0103463274885
0.00757642905568
0.00871123991742
0.00799422735705
0.0114568550746
0.0107285474221
0.00818933799811
0.00783408003327
0.010245796177
0.00765986451363
0.00789594862853
0.0126570351369
0.00787565430704
0.0144280119587
0.00955335557468
0.0100742760971
0.00788261852825
0.009671272486
0.00825413012189
0.0079223080844
0.00812079800855
0.00872528799403
0.014184477817
0.0105379854316
0.0101208610049
0.011305713694
