0.00863953838614
0.00986830398052
0.0106509122119
0.0121182388893
0.0101830058179
0.00976475735647
0.0103405134571
0.0105764787443
0.0081169575939
0.00927117340438
0.0108533349195
0.0110309997486
0.0123387158467
0.00870447259124
0.00805027705476
0.00943464109366
0.0100813540729
0.012595798901
0.0103270087695
0.0100890893341
0.00979369657964
0.0097454886322
0.00980740798242
0.0107941190833
0.0105451335486
0.009560671625
0.00808317472913
0.00857733349112
0.00966949422152
0.0109027476267
0.00974023323821
0.00922851052413
0.00893209490159
0.0102030939587
0.0113616185574
0.00885115935089
0.0119633952731
0.00814236480815
0.0104259707235
0.0096539731059
0.00879769481677
0.0114380991435
0.00851841925732
0.011711891743
0.00836443315562
0.0124342408419
0.00919305474626
0.0105490597599
0.0081190413964
0.0144553515257
0.0102882497516
0.0101847816718
0.00955996048766
0.00901743889668
0.0111999908007
0.00841210743049
0.00849996511579
0.0104083647968
0.0115594092855
0.00819978770084
0.00982518005837
0.00923632875878
0.00918761472486
0.0106037028317
0.00824837781033
0.010737619897
0.00853678813058
0.00905410393917
0.0117900205666
0.00841782014314
0.0116763541077
0.00803631514331
0.0108271984797
0.00902966670677
0.00888932514642
0.00889803620784
0.0117890551357
0.0130055629866
0.00951040689349
0.00958039515051
0.0125615222664
0.0125162627194
0.0114272721334
0.00844898552318
0.00908192357283
0.0091283544853
0.00969043049239
0.0110788462292
0.00844551082728
0.00809234974006
0.00914874793968
0.011652648796
0.00890854510526
0.0105719046791
0.00844282621472
0.0108478260806
0.00994782628153
0.0113375979053
0.0131513994019
0.0087107503285
