a    b    distance0    NDraws    time    dist_threshold1    
1.10780150048    -0.0363393817693    0.109599057714    2    3.63550400734    0.12902365478    
0.909277864318    0.0360039179159    0.0929988358855    10    19.1554589272    0.12902365478    
0.95126085097    0.0925757397536    0.0513257708156    1    2.04829096794    0.12902365478    
1.0670316578    0.0341392753139    0.0675817781193    2    3.10860610008    0.12902365478    
1.08009075955    0.178026934597    0.111599817568    4    7.31063508987    0.12902365478    
0.928747427417    0.0574637646233    0.074104422508    2    3.9291870594    0.12902365478    
0.959541441402    0.0921873226514    0.0829739982132    1    1.56439900398    0.12902365478    
0.932702317909    0.202604602295    0.108638277253    3    2.86698913574    0.12902365478    
1.10085293751    0.0635532382047    0.108209454832    1    1.23172688484    0.12902365478    
1.02177228819    -0.0556042706424    0.106205646692    2    3.37871599197    0.12902365478    
0.929340135634    -0.0144899663316    0.0827983187555    1    1.35016798973    0.12902365478    
0.978203231292    -0.0149619065005    0.0263344674575    1    1.31566691399    0.12902365478    
0.95621184298    0.18738220456    0.0806543182873    1    1.41948604584    0.12902365478    
0.99197360573    -0.0485343654991    0.0263652563495    3    5.21394515038    0.12902365478    
0.988646932415    -0.00338231342667    0.0169492885083    2    3.11715102196    0.12902365478    
0.954200118956    0.0636153292811    0.056986669628    2    2.79882311821    0.12902365478    
0.947912738217    -0.0115725064203    0.0625162088947    7    12.4211530685    0.12902365478    
1.0067072283    -0.0035306932594    0.0322839214592    5    8.90675520897    0.12902365478    
0.879453616707    0.020284740861    0.127297739431    6    9.81232213974    0.12902365478    
0.932364250361    -0.0105755338815    0.0767108191847    3    5.70103406906    0.12902365478    
1.04228066366    0.0167069339962    0.041006889057    2    2.31321191788    0.12902365478    
1.11394357539    0.0392109593203    0.121680269033    2    2.45008087158    0.12902365478    
1.04231951233    0.162969129676    0.113328019829    1    1.1791331768    0.12902365478    
1.00097831882    0.103028573868    0.12894022615    1    1.03678703308    0.12902365478    
1.05243658071    -0.0908169824533    0.0901298913163    2    2.21851110458    0.12902365478    
0.944488157005    0.0460811785079    0.0602761798137    2    3.58745002747    0.12902365478    
1.02871605728    -0.00206553904227    0.126126268738    1    2.60982108116    0.12902365478    
1.03430794078    0.129113338768    0.111455418683    4    7.81487011909    0.12902365478    
0.984864835866    0.0432905642891    0.0157089121267    3    4.30563402176    0.12902365478    
1.05730710243    -0.0299521134787    0.0584206461299    3    4.22678804398    0.12902365478    
0.984249711534    -0.0637975211264    0.0787347644691    2    2.21820306778    0.12902365478    
0.944674167463    0.128529273037    0.0822854169986    3    4.63964009285    0.12902365478    
1.04130167546    0.0796236175359    0.0406430599917    2    2.51253294945    0.12902365478    
0.998703757541    -0.0372158573164    0.0906561668299    5    5.6967189312    0.12902365478    
0.907203584436    -0.00112585194306    0.11223913922    5    5.68442988396    0.12902365478    
0.931524755214    0.0556426956291    0.0802622098116    1    1.36890220642    0.12902365478    
1.00744274946    -0.0368751249037    0.0425405923721    2    2.02955102921    0.12902365478    
1.04159377547    0.0472468152607    0.0426865565871    1    1.30878901482    0.12902365478    
0.997325485105    0.0169618642672    0.0258694090706    1    1.37557888031    0.12902365478    
1.05178527656    -0.0925864042932    0.126225373569    3    4.35941314697    0.12902365478    
0.951315907262    0.0350056609607    0.0511269629769    5    7.74805521965    0.12902365478    
0.909545430391    0.0517449795109    0.0917187366631    1    1.58675909042    0.12902365478    
1.02700636544    0.0120991520268    0.0294772671878    2    3.06313800812    0.12902365478    
0.965834546707    0.153076854296    0.118827519318    1    1.35611200333    0.12902365478    
0.898543386832    0.0128703719145    0.104819293892    1    1.39417791367    0.12902365478    
0.994285662816    -0.0150449994928    0.072771406441    2    3.60080480576    0.12902365478    
0.903824074398    0.0862811120409    0.102165560563    1    2.10687398911    0.12902365478    
1.07536032419    0.0618846626487    0.0776887849854    1    2.22875595093    0.12902365478    
0.933500124779    -0.0250917925152    0.0827832236865    4    4.3564388752    0.12902365478    
1.0363354049    -0.0258752994042    0.0878070973582    1    1.38643193245    0.12902365478    
1.05521853429    0.141848844824    0.117734119988    12    18.547219038    0.12902365478    
0.971255962931    -0.067161747009    0.0971659980542    2    2.69847106934    0.12902365478    
1.00434138754    0.132191267843    0.0765906901979    2    3.53885984421    0.12902365478    
1.07336568039    0.0100341819927    0.0901603940888    2    3.04141902924    0.12902365478    
1.07017498065    0.0278590758601    0.085089553227    4    6.99572491646    0.12902365478    
0.979129517772    0.0599429195967    0.0587460944622    2    2.78837585449    0.12902365478    
0.937376072791    0.1030118154    0.0712764006158    1    1.832447052    0.12902365478    
1.06205730257    -0.0215078000516    0.0714883841843    2    2.89234399796    0.12902365478    
0.891215223135    -0.0578133799872    0.125810738957    1    1.40565681458    0.12902365478    
0.960043745227    0.045594150682    0.0396793805851    1    1.4347679615    0.12902365478    
0.898685639501    0.0746474202201    0.121260023355    2    2.60658979416    0.12902365478    
1.12922860159    0.0337243129585    0.12857010916    4    5.89478898048    0.12902365478    
1.11882935959    -0.0150923972512    0.119138871373    2    4.44563102722    0.12902365478    
1.00640088452    0.0432306620935    0.0697239079758    2    2.15809583664    0.12902365478    
0.927402295142    -0.0179167443458    0.0992445780838    2    3.1731710434    0.12902365478    
1.0534676732    0.0234440804813    0.0729522422112    1    2.04590797424    0.12902365478    
1.00556643357    0.144455487065    0.121234756195    1    2.19693589211    0.12902365478    
1.08829597558    -0.0548779671634    0.106391737087    8    13.761590004    0.12902365478    
1.03335228927    0.147563431983    0.100766173077    1    1.70602488518    0.12902365478    
0.891869345334    0.0673424579663    0.119031903025    1    1.9560918808    0.12902365478    
0.878093896649    -0.0422407603253    0.125180980665    1    1.41039705276    0.12902365478    
0.990716248347    0.051513971035    0.0318138358789    3    4.7934551239    0.12902365478    
1.01709758841    0.135428629479    0.0843407580827    1    1.33898615837    0.12902365478    
1.02967183664    0.111850042758    0.0959637428345    1    1.22309494019    0.12902365478    
0.958197321289    0.0970032937121    0.0712770595944    1    1.2927570343    0.12902365478    
0.974624854239    0.0292075045408    0.0323406026281    4    5.52037096024    0.12902365478    
0.93210844251    0.00344302098171    0.107359903643    7    9.05745100975    0.12902365478    
1.08162601798    -0.0363902754288    0.111858564245    1    1.82116985321    0.12902365478    
1.01163902076    -0.00126839698092    0.0960983026189    3    5.2320420742    0.12902365478    
0.999885019776    0.0055736887097    0.0264900285684    1    1.362637043    0.12902365478    
0.946901981345    0.129411549197    0.0877870445933    3    4.96786403656    0.12902365478    
0.900311547076    0.0399659800331    0.0990242766784    1    2.39954996109    0.12902365478    
0.994886384167    0.0475197928822    0.0212895658567    2    3.0275452137    0.12902365478    
0.928535538934    0.097382640867    0.128589130369    2    3.61247897148    0.12902365478    
1.00386343767    -0.0599425817921    0.0548331945854    1    1.50525403023    0.12902365478    
0.964468573258    0.0251406065771    0.0750901058835    1    1.51978492737    0.12902365478    
1.01407624162    0.114819843657    0.121477324129    3    4.3627409935    0.12902365478    
0.964485297316    -0.0298092328075    0.0664976382186    2    2.86929392815    0.12902365478    
0.934042383335    0.13957818889    0.114317859557    4    4.66587305069    0.12902365478    
1.04077251614    0.091774988101    0.0604634793453    1    1.31126999855    0.12902365478    
1.04897581973    -0.0454872987566    0.0731177476069    1    0.998644113541    0.12902365478    
1.01159705903    -0.026394826025    0.126516676129    1    1.66834497452    0.12902365478    
0.983916104189    -0.11523757793    0.105916348255    3    4.31296992302    0.12902365478    
0.944731121485    0.0640437766583    0.0556892809738    1    1.13432478905    0.12902365478    
1.09948276432    0.0255613427105    0.101095695019    2    1.55357098579    0.12902365478    
1.04413780472    -0.09335258494    0.0826706723091    3    1.80703401566    0.12902365478    
0.947506595935    0.0386374338653    0.0727210564807    1    0.524756908417    0.12902365478    
1.05589012049    -0.0425037985587    0.0836990086214    1    0.342940092087    0.12902365478    
1.04751054765    0.0441417751697    0.0585681673822    1    1.52267503738    0.12902365478    
0.924008644734    0.0814707303344    0.0846739108108    1    1.23517298698    0.12902365478    
