a    b    distance0    NDraws    time    dist_threshold1    
0.608099688284    0.99062506009    0.996372046888    1    2.16601991653    1.19048845299    
1.86448554626    -0.469403249554    1.01451421696    1    1.09794998169    1.19048845299    
1.16454327924    1.03428577127    0.981504458287    1    1.15567302704    1.19048845299    
-0.036850454384    -0.376897918346    1.11038982272    1    1.14522814751    1.19048845299    
1.47280883715    -0.367989436954    0.579299016096    1    1.38812398911    1.19048845299    
0.152128638282    -0.603021028585    1.05186676282    2    2.69839715958    1.19048845299    
0.440061734365    0.0218783408293    0.558544524061    1    1.55096387863    1.19048845299    
1.7754550768    0.0722937735644    0.779584725763    4    4.22920012474    1.19048845299    
0.690467835784    -0.266665966102    0.417191729819    3    5.54898190498    1.19048845299    
1.53648748308    0.383586221711    0.630840735653    1    1.61981201172    1.19048845299    
0.643648768665    0.975208151048    0.983611778886    2    2.55704784393    1.19048845299    
0.803788796698    1.08835856682    1.03785044829    1    1.1284160614    1.19048845299    
1.38839635242    -0.757112300165    0.90154588472    4    6.33161306381    1.19048845299    
1.1826545269    -0.661922992452    0.709828543279    1    1.36475396156    1.19048845299    
1.54751547063    -0.889204505643    1.10234278665    1    2.00980496407    1.19048845299    
2.06722911195    -0.138731060926    1.08026823129    1    2.38708305359    1.19048845299    
0.575783846136    0.346336169477    0.549706464875    1    1.56415605545    1.19048845299    
0.590149416633    1.11634176335    1.18972420907    1    1.30749893188    1.19048845299    
-0.015613869398    -0.0917842090513    1.02408326664    2    3.66550898552    1.19048845299    
1.04564177671    0.528037445113    0.502680247526    3    3.88550901413    1.19048845299    
0.783051523968    -0.381327392397    0.446549792316    1    1.24794888496    1.19048845299    
0.794955944299    0.46324623161    0.529219012041    1    1.42080879211    1.19048845299    
0.709649147627    0.212512741825    0.384476241322    1    1.61224603653    1.19048845299    
1.76708432744    0.518521488171    0.911094432046    2    3.55166101456    1.19048845299    
0.769292321935    -0.653234705346    0.724247755417    1    1.47979402542    1.19048845299    
1.67715670135    -0.461222281853    0.882643677254    1    1.08257699013    1.19048845299    
-0.064143945086    -0.0303786526473    1.06695067152    1    1.50191497803    1.19048845299    
1.41541477509    0.362954518309    0.543136341786    4    5.87050294876    1.19048845299    
0.147644744554    -0.209101961648    0.886605440632    8    11.4868249893    1.19048845299    
1.89292865347    -0.108591639236    0.912651339076    1    1.58141803741    1.19048845299    
0.658438722648    -0.933386389716    0.99235920351    3    5.56558299065    1.19048845299    
1.00359364628    1.1904035862    1.17789248834    1    1.57466483116    1.19048845299    
1.48300102211    -0.831411431022    1.01970644546    1    1.50699186325    1.19048845299    
2.10166979666    0.158218577176    1.11083209189    4    5.99606084824    1.19048845299    
1.36160251948    0.248360346225    0.454524015612    1    1.19534611702    1.19048845299    
-0.0350355734606    -0.0622534167765    1.03571680057    1    1.2816889286    1.19048845299    
0.749761760972    -0.181212712503    0.279153119089    1    1.1636838913    1.19048845299    
0.816453828337    0.614797321382    0.627931094315    1    1.50627708435    1.19048845299    
1.04945127636    0.422177698637    0.407728113366    2    3.07982587814    1.19048845299    
0.27816716859    0.490933455053    0.845335278972    2    2.71923494339    1.19048845299    
1.60770705836    0.171960220845    0.618281868921    3    3.62152385712    1.19048845299    
2.01824921997    -0.173819357448    1.03585839634    1    0.93209695816    1.19048845299    
1.097748642    0.0514633108439    0.107362510925    1    2.0332660675    1.19048845299    
0.323878723692    0.0391208756556    0.675483615411    2    3.28532886505    1.19048845299    
1.72650974751    0.301964112255    0.777808259069    4    5.53821897507    1.19048845299    
2.07790181831    0.00405457215563    1.07940445474    1    1.21850204468    1.19048845299    
-0.00648160610179    -0.311378110059    1.0481363457    2    2.36586117744    1.19048845299    
-0.000920981661876    0.121027572388    1.00880309979    1    2.07518792152    1.19048845299    
1.53538357204    0.94727654447    1.0707455822    2    2.56771993637    1.19048845299    
0.320029426516    0.220671533777    0.724564905114    1    1.32848596573    1.19048845299    
0.342460288315    -0.604156018393    0.889389931827    1    1.76459217072    1.19048845299    
0.852206061962    -0.39063404991    0.456403077274    2    3.27025985718    1.19048845299    
0.619647518046    0.301980943243    0.47478324123    1    1.99388289452    1.19048845299    
0.776427799966    -0.491654167017    0.61601710683    1    1.99320006371    1.19048845299    
1.1898500277    0.369754769834    0.414299553148    1    1.71674704552    1.19048845299    
0.4191574535    -0.152600368783    0.611070316928    1    1.30980205536    1.19048845299    
1.02197694235    0.865767776283    0.811140860481    1    1.09628415108    1.19048845299    
1.96860068438    0.209005042504    0.99827001125    1    1.90715193748    1.19048845299    
1.44323649846    -0.364619447759    0.593460846471    1    2.22665309906    1.19048845299    
1.32570113805    1.00910106028    0.971018860309    2    2.48347902298    1.19048845299    
0.991428739548    1.19500508246    1.15973616857    2    2.34810185432    1.19048845299    
1.51684014821    0.960958711579    1.05323281911    1    1.64766407013    1.19048845299    
0.088433228719    0.0641504007154    0.914456882116    1    1.61929893494    1.19048845299    
1.60792484715    -0.530502984231    0.826023038775    1    2.29528617859    1.19048845299    
0.478204937624    0.602419261011    0.77075897191    2    3.56816196442    1.19048845299    
1.54850186906    -0.309266164547    0.649382629779    2    2.27987504005    1.19048845299    
1.98893049939    0.513203774016    1.08531381309    1    1.50759315491    1.19048845299    
1.34555941681    -0.00509817009645    0.349521670489    3    4.70263910294    1.19048845299    
1.35761653168    -0.64398638613    0.785927933733    2    3.1954638958    1.19048845299    
0.885695774359    -0.058876486217    0.14449514792    5    8.41115283966    1.19048845299    
0.627277493446    1.07043528538    1.10934553424    1    1.78164196014    1.19048845299    
0.4422638897    0.232815345656    0.644751882313    1    1.27213788033    1.19048845299    
1.60437004017    -0.800781536228    1.06081360891    3    5.52930402756    1.19048845299    
1.06482699659    0.701903718053    0.65313927329    3    6.02201199532    1.19048845299    
0.232007926937    0.526359966928    0.904095938589    2    4.280189991    1.19048845299    
1.96862767624    -0.39673043061    1.05379004794    2    4.00604200363    1.19048845299    
0.61725171652    -0.178401976747    0.443696665278    1    1.68508696556    1.19048845299    
1.68541479375    0.0864731774202    0.690564790025    1    1.41744208336    1.19048845299    
1.97821067971    -0.548531745467    1.12483817452    3    5.32543802261    1.19048845299    
1.76193993184    -0.0123256933888    0.764529258157    1    1.60073184967    1.19048845299    
0.95038396468    -0.828142060996    0.852650472123    1    1.86689090729    1.19048845299    
1.92447823833    -0.0243139919053    0.92530991901    1    1.60667610168    1.19048845299    
1.58663456886    -0.857888496934    1.11536523716    1    2.35607600212    1.19048845299    
1.23012089696    -0.510662421371    0.64230168448    3    5.49193191528    1.19048845299    
0.531650951928    0.309668771696    0.558134584251    1    1.59945106506    1.19048845299    
1.95205624439    -0.391086005743    1.05632890901    2    2.73433494568    1.19048845299    
2.15933345178    -0.0848115515616    1.16582792752    2    2.65706515312    1.19048845299    
1.85123135788    0.418811784923    0.940905953016    1    1.79519701004    1.19048845299    
0.18377472182    0.280494676601    0.847115546911    1    2.03028011322    1.19048845299    
0.971169271797    -0.176909367996    0.217548185504    1    2.11752700806    1.19048845299    
1.51191894451    0.313267550272    0.605853150347    1    1.60473704338    1.19048845299    
0.100652366734    -0.62099178598    1.13683409481    1    1.86585712433    1.19048845299    
1.54580494295    0.683067069616    0.808599792516    2    1.94542098045    1.19048845299    
0.449553005354    -0.400663482285    0.683694330762    3    1.62484407425    1.19048845299    
2.04847546519    -0.0519740429075    1.0521162355    1    0.532580852509    1.19048845299    
0.455802921393    0.626691475157    0.79748523057    1    0.516959905624    1.19048845299    
0.376184209057    0.0123605184033    0.628333209637    3    1.30663895607    1.19048845299    
1.84978172478    -0.546868799569    1.03115629729    2    0.954883098602    1.19048845299    
1.62366427592    0.69027431437    0.899848556775    1    1.78606104851    1.19048845299    
1.26755498216    -0.898529915988    0.892938754829    2    1.44846010208    1.19048845299    
