0.0115533742607
0.00975074217328
0.0105908427745
0.008390259247
0.00941865617852
0.0105731655196
0.00960705475057
0.0107350288096
0.00938652817897
0.0124226323597
0.00752479787914
0.0163997410095
0.00789691024418
0.00882575945062
0.0120731629582
0.0133777894475
0.00809075065488
0.0121223449592
0.0100163559669
0.00982380742796
0.0170069018989
0.00778916448481
0.00752189049003
0.00811019398276
0.00845405636086
0.010531508565
0.00904641506822
0.00859314176417
0.0106078135285
0.010327049607
0.00913724374467
0.0132078935885
0.00757100150066
0.00771632135851
0.0131144515482
0.00844983486421
0.0109054772526
0.00891967289388
0.0076009786314
0.00812125326941
0.00998378163121
0.00871383586808
0.0122832554167
0.00963737994763
0.0103513511693
0.00786257646979
0.0141187557181
0.0110148939957
0.00965655846797
0.00787901175567
0.0105794553089
0.0146419736323
0.00857316174382
0.00977227145955
0.00760122734804
0.0127792584045
0.00983012848495
0.00775866527235
0.0148742864649
0.00776389701245
0.00851189008854
0.00845008414253
0.00759213035231
0.0123502922549
0.0116188934453
0.011776412555
0.00962533856092
0.0078912391049
0.0100765523321
0.0101812997191
0.0119386357923
0.00907896456997
0.00837024560374
0.0140193008742
0.00796379524582
0.0102336987682
0.00840183242079
0.00936547915771
0.011529850131
0.00836593146865
0.00901322873979
0.00801026518615
0.00882557404792
0.00909381976742
0.0126224688534
0.0100082106363
0.0107189083496
0.0126917378158
0.00768074817859
0.0104878055238
0.00938705634815
0.011759724199
0.00770320077687
0.00939680798228
0.00920313876229
0.00834168737972
0.00989519264895
0.00930402106548
0.011226559835
0.0103002830907
