0.0137684756302
0.0103012580854
0.00955738926475
0.0131677234985
0.00837248139087
0.00947490599446
0.00901603973711
0.0117647263591
0.00981524434096
0.0101798495096
0.0109574272926
0.0103816010303
0.0119453575244
0.011473814211
0.0100213355528
0.00977482604847
0.0122280895175
0.00824149285074
0.0140949850159
0.00933082000801
0.00993887039206
0.0104604852197
0.0116407424301
0.00840652489015
0.00852902452494
0.00831116103599
0.00836348311206
0.0113688155423
0.00872233643561
0.00890249513869
0.0129264450501
0.00827264839669
0.0140385595413
0.00887140843318
0.0103186221751
0.00925439317849
0.00849794963635
0.0088705817477
0.00840512126429
0.00841905720376
0.00880527058216
0.0111902765685
0.0103027105095
0.00888391215501
0.00936703134915
0.0104390495866
0.00951017535113
0.00873160000355
0.00878823290737
0.00955710690477
0.00867681657827
0.0091197774311
0.00823972286531
0.00875326386735
0.00951149020416
0.00840910204256
0.0101788218278
0.0119021540656
0.0127280578158
0.00961993094059
0.0128700337805
0.0101981043842
0.0133785540464
0.00940842182087
0.0103660363131
0.0086826498534
0.0138352971724
0.0107207532284
0.0116438574795
0.00933343107313
0.0106123348648
0.009161345297
0.00935016552778
0.0104282864366
0.0103211543174
0.00824068283951
0.00889654691148
0.00885050339521
0.0101725426149
0.00892471825816
0.00883109393508
0.00844115069928
0.0106282304067
0.00900954914446
0.0114874074268
0.0154037828194
0.00861951058722
0.00825211773798
0.00980919414033
0.0105014919755
0.00837706771124
0.00836702385336
0.00889630549952
0.0104110042925
0.00922527468354
0.0107735704283
0.0122757526037
0.00895746806439
0.00877931313398
0.00845719947439
