a    b    distance0    NDraws    time    dist_threshold1    
0.992863456976    0.161072819634    0.0903006208005    2    2.38828897476    0.396810641888    
1.18356710216    0.199486454096    0.215345500279    1    1.34536314011    0.396810641888    
1.07596994164    0.0614696167786    0.0872774165158    3    3.76555085182    0.396810641888    
1.24709943266    0.0130897066662    0.314992266151    2    2.13284707069    0.396810641888    
0.971236591708    0.390856653557    0.272600542398    1    0.991930007935    0.396810641888    
1.14214923164    0.0137061993287    0.195244751525    1    0.899340867996    0.396810641888    
0.822366194659    0.38375030426    0.303005043143    3    3.24045205116    0.396810641888    
0.956477950635    0.0212041287401    0.130428841325    1    0.966476917267    0.396810641888    
1.28443224984    -0.0288330685235    0.329200609113    5    4.81110405922    0.396810641888    
0.961203072546    -0.224701413142    0.30331598316    1    1.02900409698    0.396810641888    
1.0602481767    0.0238483262828    0.0887340199031    1    0.949800014496    0.396810641888    
1.19302367039    0.18159961818    0.211853998885    8    7.67988204956    0.396810641888    
0.922829908689    -0.0241090355084    0.14277687533    1    1.3246049881    0.396810641888    
0.977705241559    0.424126326674    0.310598206007    1    1.6955499649    0.396810641888    
1.18080638734    0.325422636401    0.255474732031    3    3.92655801773    0.396810641888    
1.01005494448    -0.152187517587    0.240148458586    1    1.38557600975    0.396810641888    
0.775332111199    0.235960947942    0.223738401545    1    1.20994400978    0.396810641888    
1.2467730357    -0.012053904979    0.281950428084    1    1.31263709068    0.396810641888    
1.2447720955    0.157746952604    0.270811618892    2    2.10776209831    0.396810641888    
1.22360995161    0.152734912443    0.2387359651    1    0.978250026703    0.396810641888    
1.34370952546    0.229778815774    0.385953439475    1    1.00494408607    0.396810641888    
1.19700221947    0.298061307956    0.293765274303    1    1.07198500633    0.396810641888    
0.863963054029    -0.130891962267    0.236921056716    1    0.952130794525    0.396810641888    
0.718680732318    0.0902419488996    0.265639189404    1    1.1047270298    0.396810641888    
0.754935441835    -0.0740148475943    0.321404722294    1    1.04303598404    0.396810641888    
1.06205508649    0.286546287257    0.179993092712    2    2.51557588577    0.396810641888    
0.885938245736    -0.211637469017    0.340892165854    1    1.25598692894    0.396810641888    
0.7689278215    -0.160295316264    0.325280630905    2    2.69237613678    0.396810641888    
0.84856263449    0.0343882198522    0.162638742721    1    1.00512099266    0.396810641888    
1.03354331454    -0.205012123945    0.294785929056    4    4.29139900208    0.396810641888    
1.25266902591    0.0441852735314    0.276912492355    2    2.92288208008    0.396810641888    
1.14320177557    0.0671677186632    0.160365385824    1    1.55940103531    0.396810641888    
1.19010936505    -0.0324698574895    0.249266938352    1    1.52619791031    0.396810641888    
1.15247169837    0.234986870066    0.225802928983    3    4.10340309143    0.396810641888    
0.686639522754    0.170728319963    0.312828130717    1    1.02769303322    0.396810641888    
1.12775756949    0.268867860742    0.241659381653    2    2.77406597137    0.396810641888    
1.18204861354    0.015418444129    0.218716499086    1    1.54310297966    0.396810641888    
0.799932485709    0.107210539487    0.192564586353    2    2.72884011269    0.396810641888    
1.21730983744    0.296485175804    0.331206249434    1    1.18683815002    0.396810641888    
0.715736114072    0.0814675757652    0.269381960435    1    1.47699308395    0.396810641888    
0.890192032125    0.249347757215    0.175573783103    3    4.67295885086    0.396810641888    
0.673525485701    0.288598861882    0.366029663044    1    1.5638859272    0.396810641888    
1.24155320515    -0.137767815068    0.30228659077    2    1.75450491905    0.396810641888    
1.14920220475    -0.178129091293    0.308174032407    1    0.917137145996    0.396810641888    
0.756003488364    0.430156260474    0.394614348022    8    9.31991291046    0.396810641888    
0.748227883525    -0.122167848616    0.323901775332    1    1.20837306976    0.396810641888    
0.836979318266    -0.186261034079    0.318909488502    1    1.43621206284    0.396810641888    
1.02817195154    -0.05963810229    0.165053399378    1    1.36340808868    0.396810641888    
0.74243378129    0.158397913488    0.24478933517    1    1.51622700691    0.396810641888    
0.870766155555    -0.100648558562    0.192582866891    1    1.4651529789    0.396810641888    
1.30008680034    -0.0145608433553    0.337215419468    2    2.74041295052    0.396810641888    
0.769348693432    0.347702699262    0.325698399717    1    1.10293602943    0.396810641888    
0.996582578455    -0.110849177576    0.177988854919    1    0.936872959137    0.396810641888    
0.905256645747    0.499165411906    0.391959208715    1    1.06107616425    0.396810641888    
0.652114953614    -0.039544218385    0.391480391739    1    1.19009900093    0.396810641888    
0.726680300279    -0.00572477607302    0.282961475902    1    1.10642719269    0.396810641888    
0.984323250993    -0.0573225593392    0.2185459219    2    2.06212496758    0.396810641888    
0.931908673101    0.37739330373    0.292799682721    1    1.07857990265    0.396810641888    
1.14789377939    -0.118789972191    0.332763086315    6    5.81167888641    0.396810641888    
1.32242726224    0.17667280013    0.343249717361    1    1.06525087357    0.396810641888    
1.00929788573    0.242833088504    0.182299848241    1    1.05181407928    0.396810641888    
0.886044210598    0.463242885081    0.318808675172    1    1.18273019791    0.396810641888    
1.01826190407    0.464184605979    0.346330346389    3    3.78226804733    0.396810641888    
1.37379473749    0.0455967560749    0.390156993846    2    3.20376300812    0.396810641888    
0.670312700232    -0.035043176798    0.374613954459    7    8.57731699944    0.396810641888    
1.21188562154    0.021417781961    0.23447785251    2    2.01867103577    0.396810641888    
0.707534397177    0.0888894581986    0.283992733875    1    0.966090917587    0.396810641888    
1.01480715069    0.16368759701    0.0282315990538    5    5.86079406738    0.396810641888    
1.06728143148    0.110173144372    0.125415173908    4    5.06141901016    0.396810641888    
0.737740594194    -0.0744542845441    0.311666503239    1    1.54997491837    0.396810641888    
1.23630867338    -0.0289388406801    0.314387859313    2    2.55170798302    0.396810641888    
0.951773609458    0.227152088987    0.111143084109    2    2.65368819237    0.396810641888    
0.812687770515    0.105320235243    0.180747326114    1    1.30528497696    0.396810641888    
0.99841122431    -0.253486552235    0.356887490735    2    3.35285496712    0.396810641888    
0.939053128467    0.101599654143    0.0529806343315    6    7.47935914993    0.396810641888    
0.670506150519    -0.0063018696099    0.32238751541    1    1.45133209229    0.396810641888    
1.1001148725    0.42119382534    0.372668832847    1    1.25015807152    0.396810641888    
1.20900543612    -0.147600338725    0.318447837353    2    2.52904582024    0.396810641888    
1.00199090274    -0.174499169939    0.247244065954    1    0.93617105484    0.396810641888    
0.802572796852    -0.0444608218494    0.241637761177    1    1.18217778206    0.396810641888    
0.823182159439    -0.015712233495    0.197955353902    1    1.27871012688    0.396810641888    
0.984533393873    0.312333494933    0.277130182053    2    2.19583320618    0.396810641888    
0.972268798331    0.331200137282    0.207015024556    1    1.22188997269    0.396810641888    
0.869063013493    0.038660521433    0.128513182179    10    12.2438049316    0.396810641888    
0.826558304843    0.210810193432    0.185978904019    1    1.18834018707    0.396810641888    
0.890625480944    0.278552261404    0.20672068768    3    3.89781093597    0.396810641888    
0.943611307987    0.450209015768    0.369677121058    2    2.11398983002    0.396810641888    
1.25663084401    0.113203090686    0.270923446425    1    1.13006806374    0.396810641888    
0.952595552414    -0.111161184839    0.249335289347    1    1.17986679077    0.396810641888    
1.14692800037    0.0296596858801    0.157379011978    1    1.06515002251    0.396810641888    
1.08763035576    0.515389803083    0.38859907193    1    1.26307201385    0.396810641888    
1.02797653411    -0.15624435415    0.299878944234    3    4.09639596939    0.396810641888    
0.980653244133    -0.241751626719    0.354366410443    1    1.54784417152    0.396810641888    
1.25269872146    -0.067346658522    0.285520299955    3    2.32335209846    0.396810641888    
0.716495642294    0.263803008616    0.337684594104    1    0.444802999496    0.396810641888    
0.978231578142    -0.0355360475522    0.07770995173    3    0.63051700592    0.396810641888    
0.944974087701    0.139852081484    0.0801287260561    1    0.211800098419    0.396810641888    
0.858497300079    0.184330452221    0.152227957745    1    0.209406852722    0.396810641888    
1.15146681278    -0.27214364232    0.391034270683    2    1.77869701385    0.396810641888    
0.76174266354    -0.1068094352    0.322690258584    2    0.864966869354    0.396810641888    
