0.0097267313772
0.0117661221935
0.00883925783342
0.0090944087185
0.010941458968
0.0124304012965
0.0147718561027
0.0132234054854
0.0137277598648
0.0097762913471
0.0102282918321
0.00895934798129
0.0100993146374
0.00881128489266
0.0122032233601
0.0110022795179
0.00760695582356
0.00950714904228
0.0101185440856
0.00841030906501
0.01004742319
0.0088010912294
0.00929897359459
0.0114276606489
0.00828181994544
0.00847389233102
0.00827852137707
0.0120735216794
0.0127752848048
0.0105386867233
0.00760465471476
0.00991414943425
0.013030147246
0.00781445635031
0.0115720050242
0.0138599916409
0.00894923497681
0.00849287153731
0.0121102349927
0.00904725206766
0.00842293150917
0.00944372410926
0.00771364607802
0.0108059752049
0.010286371668
0.00981482203912
0.00778000908436
0.00886564479528
0.0105711602858
0.00807966209458
0.00819576879424
0.0124450449449
0.0101065672726
0.010783014823
0.0122671996706
0.00894409943149
0.010644161758
0.00986981323709
0.010547436139
0.00998612226667
0.00781717463737
0.00931829197695
0.00774538170282
0.0112419943256
0.0095020808735
0.00893966818371
0.0121554618039
0.0105911648585
0.00762273259698
0.00773575467523
0.00839656884996
0.0152900552703
0.0079983507662
0.00825254740819
0.0105093711911
0.00847330776993
0.0126073266329
0.00898161792764
0.00901053766359
0.00807229459087
0.00805986931602
0.00798073883871
0.0115964660777
0.0147536963278
0.0096227022562
0.00895826899118
0.0121507887967
0.0081316790784
0.00849023969908
0.00873900239597
0.00975862232446
0.0102092982772
0.00861441097276
0.010083144515
0.00972786868051
0.0102050470612
0.00846081125078
0.0132718603583
0.008977838938
0.0127365199992
