0.0125967143242
0.0116043274712
0.00793655083389
0.0107384438784
0.0118783592105
0.00783472380117
0.00817029971933
0.0108491734895
0.00793016506884
0.0115977821837
0.0162657602185
0.00914013267549
0.00769662303134
0.00871952135064
0.0122921397055
0.00829697916456
0.0109718374313
0.00987210219251
0.00905385645619
0.0122446292268
0.00956014942119
0.0098130340756
0.011123465076
0.0094847650716
0.0103831204754
0.0137590733461
0.0117922449918
0.00834345176652
0.00821299088473
0.0105927023942
0.00781053699828
0.010070726923
0.00829705183052
0.0123914229303
0.012023413732
0.0165125617356
0.00922482417005
0.0104031751694
0.00902498218006
0.00805252269816
0.00806708261721
0.00913641489843
0.0081574386184
0.01037345831
0.00771232770005
0.00854402622263
0.00932521873563
0.0102060231136
0.00841912908012
0.0108910158102
0.00784448573907
0.00773966137846
0.0146285914132
0.0111208777429
0.00933002523103
0.0104306951649
0.00795002803252
0.00764118127657
0.0106587195792
0.0121193311544
0.00762734334186
0.00907086820529
0.00808537893356
0.00791776690119
0.00840397483162
0.00796167486126
0.0104119401378
0.00863504084287
0.00916418975969
0.00918195714391
0.00845108137298
0.00940972208338
0.00789770471946
0.00830568934691
0.0172230088152
0.00769487730687
0.00891761491185
0.00845524872092
0.00884337063188
0.0109812895067
0.00872064232905
0.00968018420556
0.00797642431176
0.0107664145437
0.0119900639848
0.00859795970845
0.0104441739117
0.00979965283112
0.0084643913133
0.00875097133176
0.0159737144683
0.0109452069392
0.0107065679556
0.0104462399724
0.00854850996507
0.00836874229272
0.0161037997207
0.0121533590045
0.017321668171
0.00873950154163
