0.0129250006116
0.0129739722178
0.0103915831339
0.0091978228559
0.00889550911117
0.00780889405435
0.00730882725715
0.0108287348466
0.00760100062649
0.00936577572448
0.00792744779063
0.00827616827597
0.00793141681445
0.0104942875274
0.0110616091583
0.0105943882781
0.00806175610701
0.0216996910236
0.0107913833579
0.0113306384255
0.00771993753729
0.00769193064777
0.00843183578626
0.00759775160196
0.0108350377989
0.00799218742339
0.00877245418418
0.011611305678
0.00752276888901
0.0111763854806
0.0112838145328
0.00820414151971
0.00833258362539
0.0076425255663
0.00756685229614
0.0100359415922
0.00857388195242
0.00873464055917
0.00807051411025
0.0144497527042
0.00928451953834
0.00829886733476
0.00964521782207
0.0117608458299
0.0104504351866
0.00888702080691
0.00768813242357
0.00748192647434
0.00995178196395
0.0149024683726
0.00801068213504
0.00971293066623
0.00948587508597
0.0075155437305
0.00893911816159
0.00808720939619
0.0230140525616
0.0124755467559
0.0102632722206
0.0148758960011
0.00968499009184
0.0100231282507
0.0101361502222
0.0104355967359
0.0111174362597
0.0114430791395
0.0108897299304
0.00943030341274
0.0166941197139
0.00897425466943
0.00746512703912
0.00917745213379
0.0128115650529
0.00823458762498
0.010733001788
0.00910129672055
0.0113737608456
0.00741538087552
0.00816810049908
0.0124530191798
0.0085862390057
0.00850786973184
0.0109401598585
0.00968834313866
0.00901112703024
0.00987462962729
0.00874998646441
0.0145689906258
0.0126499563209
0.00740567321142
0.00908589029066
0.00853045196265
0.0074265531427
0.00819520494655
0.0102431145208
0.0136967698616
0.00842311542618
0.00974104417339
0.0111504516205
0.00931885570265
