0.00782619328784
0.00933420490492
0.0101745215659
0.00969374547685
0.00997861842117
0.0114676810222
0.0114593538248
0.00893482991126
0.00743036927399
0.0132263186117
0.00832414373876
0.0105135886492
0.0132958322978
0.0081924651049
0.00752473624948
0.00955997803487
0.0181552119983
0.0116241011305
0.00772639131869
0.00853236008413
0.00762347262078
0.0272773983533
0.00901245894403
0.00787171472188
0.00914095664668
0.00807204041112
0.00789928607739
0.00782973815362
0.0106696253647
0.00749331168692
0.0102831527597
0.00822455534566
0.00978166205539
0.0100663771912
0.00806085373736
0.00760726448931
0.00742193494523
0.0106460780659
0.0088017476831
0.0093112548826
0.0131771441504
0.0187771311545
0.00952618341962
0.01000388608
0.00823745460846
0.0175834360525
0.00856250039807
0.00745274177749
0.0108910237363
0.00942430875731
0.00947767295621
0.0100568858266
0.0179913014055
0.00767215349342
0.0128827880725
0.00851777779591
0.00997190587045
0.0111583600194
0.0074030381518
0.013647812317
0.00746020347122
0.0075928190558
0.00824097490939
0.0104404535089
0.00793060676382
0.00844065763745
0.010374738369
0.0107240661585
0.00894178101279
0.00966160664488
0.01007104371
0.00791574601147
0.0119003555783
0.00770181073502
0.0104696394859
0.00928156866711
0.00775645815639
0.013006618532
0.00842966267369
0.00780692003323
0.00872684140217
0.0131909591635
0.00937043372068
0.0110156283254
0.00848633385581
0.00999961448774
0.00835443334339
0.00959879953922
0.0103964892562
0.00887622088687
0.00891974633664
0.0110277835511
0.00819040244546
0.00961007939629
0.0102734743736
0.0140375658694
0.00796759975869
0.0101737235827
0.00810332376846
0.0110477807357
