0.010452288322
0.0129283652165
0.00878253127306
0.0095888800958
0.00813776042729
0.0107125664892
0.00963472621738
0.0126398803747
0.00983233727472
0.00836128461437
0.00856945007114
0.00943569003091
0.00922593222981
0.0122468301068
0.00890670920443
0.00839709919187
0.0103922104593
0.0102384590742
0.00837589844775
0.011570985376
0.0120975012737
0.00952803476043
0.00938123941768
0.00907544352055
0.00822500739844
0.010894755408
0.0106551340404
0.00888740958378
0.00907067496825
0.0122963968511
0.00830238057933
0.00977212522735
0.00936750373603
0.00801111320685
0.00805269964594
0.0136532808817
0.00974769303873
0.00879944083173
0.010022795587
0.0111973472372
0.0109266455103
0.0118110694816
0.0088918818129
0.00803461852886
0.00919095955959
0.00818568488191
0.0108176814823
0.00939801498439
0.01039165599
0.0106056602149
0.00993820676212
0.00911962044455
0.0110023220287
0.00947817745027
0.00980813190763
0.008805687222
0.00839906578134
0.0115966257341
0.0087332807265
0.00829682829424
0.0091196783289
0.0106298109522
0.00892128116096
0.00806883292476
0.0117735784085
0.00944996470637
0.00984127399488
0.0101409759744
0.00848803495892
0.00824356500281
0.00927838363847
0.0108116841036
0.011076636125
0.00830556327811
0.0110881452246
0.0118817622602
0.010962865958
0.0139869425819
0.0103745716765
0.0127939224037
0.0124029006749
0.0205046201756
0.0104868103329
0.00904607731002
0.00954619250866
0.00950092415655
0.0104837171697
0.00867145967406
0.00891614175596
0.0109294773499
0.00810700452064
0.0100331208275
0.00867051274027
0.0105824718825
0.0103205307947
0.0106745227423
0.0105228804116
0.00867037016456
0.00948874003527
0.00830437061995
