0.00923516970722
0.00933158749505
0.0126559425762
0.00956141749762
0.0101649644386
0.0138178145026
0.00780029496558
0.00930262795874
0.0114669960268
0.00830469381368
0.0100444820731
0.0150040676093
0.0083693552526
0.00883795791234
0.00876857502779
0.00876862570853
0.0111164832726
0.0159178590194
0.00957504480766
0.013711028019
0.00841808574652
0.00814218750863
0.00775941162534
0.0131580646519
0.00771662021767
0.00945340548255
0.0117824945702
0.0106007192131
0.00834374781862
0.00760975200422
0.0109404114123
0.0123279243341
0.0132256905645
0.00869163066358
0.00943497481265
0.00945538947682
0.00743639366468
0.0105107346143
0.00992725393991
0.0101558355601
0.00952074340713
0.0112545053647
0.010228271883
0.010759990379
0.008791819295
0.0127900648748
0.00779169655077
0.00781676803763
0.00793365441966
0.0101691539967
0.00848932648692
0.00806258345471
0.008672573366
0.00822277385221
0.00949723419516
0.00921282982308
0.0081671753812
0.014088769933
0.0108789125323
0.00905535889597
0.0132901507142
0.0109495912794
0.0184554486251
0.0099747919181
0.0104921361241
0.00846703612362
0.00753658507272
0.00771703049486
0.0117640516379
0.00783371448774
0.00915322697486
0.00973731475845
0.00819597211682
0.00824783338413
0.00892508159023
0.00901349494236
0.00772559935847
0.0112140193387
0.00915487627721
0.0119475357163
0.0111589431354
0.00969602996804
0.0119212291733
0.00840091482992
0.00928988617478
0.00851502029811
0.0076282850473
0.00794393421265
0.00757524707062
0.0124016161957
0.012217851405
0.00881903266459
0.0135142502258
0.0131194411408
0.0074104100872
0.0105064427399
0.0113082443696
0.0110397198717
0.00959695252742
0.00989113623166
