0.00969215879267
0.0109989556348
0.00875775354284
0.00855940548763
0.0104114516084
0.00846040465052
0.00826283415747
0.0115948406877
0.00916295085593
0.00895484891083
0.0102378582661
0.0102403499644
0.0112834605176
0.00798610601314
0.0124431400203
0.00816986204811
0.00815220490683
0.00900824259586
0.009178018115
0.0101686979596
0.0131746983037
0.00867469719932
0.00982185600663
0.0100808487471
0.011948128934
0.00812607921734
0.0093756591201
0.00834411484444
0.00917709711013
0.0126248041423
0.0082522884218
0.0103411348211
0.0127018563727
0.0108918858557
0.0104313863197
0.00935930467731
0.00910398063235
0.0125394685111
0.0094003816491
0.00815836152506
0.0100659390911
0.00865118161305
0.0134503152375
0.0087404903014
0.008374096125
0.00853693821709
0.0121543801547
0.0138040275404
0.00825042560887
0.00977901620596
0.00894970754643
0.013548190499
0.0125970583645
0.00936415801422
0.0107374382309
0.00920819714772
0.011800309234
0.00821148156117
0.00896779124863
0.0125499050319
0.0104948399076
0.00995257957049
0.0113656301513
0.0131334134474
0.0101403843129
0.0107453199938
0.00840926644137
0.0117496214509
0.00801597833382
0.00878672262957
0.0140916236344
0.00921716638447
0.0112524039328
0.00955939739793
0.0140790247524
0.0117771652892
0.0105783226068
0.00920656741735
0.0086627844407
0.00866440907191
0.00993230430622
0.00803301398096
0.00807482468748
0.0119092673888
0.00935831713802
0.00950352673002
0.00838762346173
0.0101185602792
0.00899002273103
0.0106239914667
0.0110471226361
0.0084861047495
0.00818384132827
0.00958054320483
0.00867826052941
0.00995552661085
0.010681266431
0.0080164234193
0.0089490290948
0.0096151845386
