a    b    distance0    NDraws    time    dist_threshold1    
1.59646702293    -0.658282846246    0.843117645073    1    0.853901863098    0.933241173419    
0.913691278464    0.297031096818    0.401270127928    1    0.754065990448    0.933241173419    
0.859825982692    -0.344535240239    0.298260369268    4    3.51774692535    0.933241173419    
0.795893149961    0.129680312347    0.268969287706    4    4.99251484871    0.933241173419    
0.739366589804    0.288688756648    0.484533774397    2    2.44715189934    0.933241173419    
0.388361915274    -0.0496033286189    0.611328672106    1    1.26848816872    0.933241173419    
0.58954504476    -0.0840347636187    0.410185757219    4    4.51126217842    0.933241173419    
1.81632007029    0.168004996263    0.851289289237    1    0.700362920761    0.933241173419    
1.49153481324    0.277701254602    0.578916422474    3    2.50888609886    0.933241173419    
0.11602402421    0.0670453094286    0.902878214299    1    0.790798902512    0.933241173419    
1.60578271313    0.248128751327    0.68811417237    5    3.71907496452    0.933241173419    
0.888405751499    -0.105534378121    0.11258141966    1    0.739398002625    0.933241173419    
0.999518643216    -0.00939876940598    0.0567187423949    3    2.30106902122    0.933241173419    
1.02506915583    -0.541777171932    0.375275395116    7    7.40631198883    0.933241173419    
0.77221866438    -0.248325460956    0.313098578185    1    0.977984905243    0.933241173419    
0.58279740165    -0.463710412323    0.595298675859    3    3.37012696266    0.933241173419    
0.782933296092    0.298993095108    0.42416329167    2    2.26486206055    0.933241173419    
0.816871547322    -0.695460128236    0.592905060024    1    1.18299794197    0.933241173419    
0.767911560849    0.237130430015    0.423959134904    1    1.2870619297    0.933241173419    
1.54184684195    0.128613392062    0.57887561901    1    0.995726823807    0.933241173419    
1.48783253004    -0.380449999067    0.555561915712    5    6.18791913986    0.933241173419    
0.709102083642    -0.842777384459    0.767098699431    3    3.25018000603    0.933241173419    
1.12303243415    -0.834941494587    0.749566484428    1    1.0316400528    0.933241173419    
0.943924152128    -0.38791607483    0.286917425618    1    0.854570150375    0.933241173419    
0.938150225398    0.341433431354    0.502175547693    2    2.18045496941    0.933241173419    
1.19172278381    0.370792613205    0.483552565213    3    2.76946783066    0.933241173419    
1.00232489121    0.0440893750287    0.168566354632    1    1.02083516121    0.933241173419    
0.819047067607    -0.986683811268    0.932691170593    1    1.32535099983    0.933241173419    
1.53666471291    0.531022372728    0.826230402254    1    1.1854929924    0.933241173419    
1.04719334755    0.310930061948    0.424711717729    3    3.42972993851    0.933241173419    
0.53828579872    -0.146462502576    0.469903221746    4    4.17837691307    0.933241173419    
1.2574648537    0.509419633485    0.670209784243    1    0.906147956848    0.933241173419    
1.71133787437    0.51861283786    0.911145618974    1    1.40822601318    0.933241173419    
0.504814040916    -0.378565831294    0.579841301184    3    3.04056215286    0.933241173419    
0.709510378522    -0.672139821713    0.637650811754    2    1.62312483788    0.933241173419    
1.29639039192    0.217611545662    0.434729216039    3    2.67002105713    0.933241173419    
1.86115194877    -0.426841847391    0.909081335954    2    1.82316589355    0.933241173419    
1.31841444338    0.590538710807    0.736923322334    1    0.731611013412    0.933241173419    
0.912991976485    0.443872832169    0.520958084368    1    0.925679922104    0.933241173419    
0.776612730907    -0.634265283155    0.567264327173    1    0.733262062073    0.933241173419    
0.616263610403    0.121599390077    0.426620599198    1    0.948019981384    0.933241173419    
1.30426701064    -0.849906851103    0.821854217602    1    1.13303995132    0.933241173419    
1.46204952126    0.505742299797    0.747455129319    1    1.07316684723    0.933241173419    
1.55563721073    -0.38911339541    0.67062783432    4    3.56127381325    0.933241173419    
0.0859326129485    -0.156132276567    0.918086294853    3    3.05478692055    0.933241173419    
0.299373956252    -0.20279944553    0.706424197585    3    3.07093715668    0.933241173419    
0.979710051384    0.00745010113877    0.163326743311    1    0.926708936691    0.933241173419    
1.23059319653    0.519850635721    0.699087714674    1    0.96764421463    0.933241173419    
0.603444036498    -0.0248488358699    0.397465674186    2    2.49906587601    0.933241173419    
0.889428221448    0.0940155517655    0.268248158402    2    1.9188170433    0.933241173419    
0.768015147598    -0.0200213930626    0.23125071996    1    1.06183505058    0.933241173419    
0.324738923371    -0.0844521451786    0.674633909671    1    0.893266916275    0.933241173419    
1.49937078992    0.118644614499    0.546745171165    3    3.01757884026    0.933241173419    
0.729228706752    0.159978585904    0.342007039731    1    0.995322942734    0.933241173419    
0.078279435797    0.0586610355811    0.925609154263    2    2.06411600113    0.933241173419    
1.08582946674    -0.78014004829    0.737189899386    2    2.34168505669    0.933241173419    
0.836232244674    0.829832633936    0.931864146928    3    3.30910396576    0.933241173419    
1.39673149315    0.628289300867    0.846522390624    3    3.18537998199    0.933241173419    
0.633873193714    -0.228120112577    0.388002616736    8    9.46686720848    0.933241173419    
0.770516471392    0.182030909643    0.320115626875    1    1.00972104073    0.933241173419    
0.963814941383    0.31105654299    0.42670512989    1    1.00361394882    0.933241173419    
1.85938601229    -0.390432965898    0.916962126319    1    1.12402892113    0.933241173419    
1.18239449673    -0.721202558337    0.651507083141    1    1.14755988121    0.933241173419    
0.994467716889    -0.432523287849    0.385461297022    2    1.968064785    0.933241173419    
1.15946426705    0.0441265790629    0.206163413574    2    3.05684995651    0.933241173419    
1.59907674014    -0.0241109957994    0.609556689012    1    1.17441678047    0.933241173419    
0.827644596512    0.139102636459    0.317544806527    1    1.25368714333    0.933241173419    
1.57558012835    0.0833984246548    0.585801551662    3    3.27609109879    0.933241173419    
1.30121768684    -0.370418463993    0.414498973494    3    3.14744710922    0.933241173419    
0.512164708845    -0.782175520994    0.835382706258    1    1.29316592216    0.933241173419    
1.80297099633    -0.215537186297    0.815485464023    1    1.21564602852    0.933241173419    
1.60389885375    -0.0328309916223    0.604754604566    1    1.1806409359    0.933241173419    
1.13183188055    -0.259424904591    0.18997553599    1    1.18939995766    0.933241173419    
0.634823421452    -0.477947638443    0.564588350264    4    5.07303595543    0.933241173419    
0.500531458795    0.493245346184    0.758179701927    2    1.83005595207    0.933241173419    
1.77078268036    -0.118169622466    0.772266820743    3    3.1213080883    0.933241173419    
1.2868846702    0.314186701511    0.531458854591    1    1.25442481041    0.933241173419    
1.15739013946    -0.357835212769    0.265672638615    2    2.78878688812    0.933241173419    
0.694569072481    -0.241367645157    0.31330387319    1    1.14414596558    0.933241173419    
0.694223279803    -0.155238425525    0.316942565679    1    0.759894132614    0.933241173419    
0.507920061705    -0.423971714074    0.61155260726    1    1.06256604195    0.933241173419    
0.649458879371    -0.63488463303    0.632301684742    1    1.55478978157    0.933241173419    
1.60619104562    0.134083377197    0.644363534358    1    1.24121403694    0.933241173419    
0.862929676778    -0.840478814687    0.780172878574    3    3.27238607407    0.933241173419    
0.396852086742    -0.272080437686    0.629709826897    2    2.34767699242    0.933241173419    
1.32211896454    0.756981330414    0.868391129727    2    1.56141400337    0.933241173419    
1.28435168118    -0.307182865274    0.324223518623    3    1.79955101013    0.933241173419    
0.878386876971    -0.494421419937    0.430128602204    2    0.851423978806    0.933241173419    
0.677361121596    -0.435454965928    0.432287709899    5    1.72805118561    0.933241173419    
0.992697449183    0.266243292197    0.358218277507    3    0.512447118759    0.933241173419    
1.11220909069    0.770025638764    0.873166849197    2    0.365268945694    0.933241173419    
1.53703622682    -0.447718458339    0.638969697574    1    0.841589927673    0.933241173419    
0.937332859346    -0.0638668240026    0.0829626566276    2    1.65187096596    0.933241173419    
0.9496663676    0.474839330937    0.629737771329    1    0.57886505127    0.933241173419    
0.459570947136    -0.616755265936    0.781554086472    1    0.668540000916    0.933241173419    
1.63102355555    0.182662617278    0.679087728045    1    0.33708691597    0.933241173419    
1.24099024614    0.192530919726    0.417889844311    2    0.888000011444    0.933241173419    
0.358298990676    -0.379574741781    0.680442066759    2    0.9737200737    0.933241173419    
1.80123439807    -0.386099638151    0.83835140025    2    1.31883907318    0.933241173419    
1.55264251483    -0.675585469104    0.821496698444    1    1.0043129921    0.933241173419    
