a    b    distance0    NDraws    time    dist_threshold1    
0.93176073213    -0.0808342732864    0.0845508424601    1    1.78307294846    0.114868071991    
1.02146773605    -0.160248920806    0.0788368387098    1    1.1077170372    0.114868071991    
0.974162569598    -0.13754808723    0.0553020411842    3    3.88572883606    0.114868071991    
0.895517236371    -0.0198236835103    0.114647794607    1    1.37317299843    0.114868071991    
1.04101469339    -0.155186758376    0.043081603425    2    2.14454007149    0.114868071991    
0.998667548638    -0.103581032271    0.00436018613221    6    5.91864204407    0.114868071991    
1.01716090106    0.0233867540166    0.111217493727    1    0.974179029465    0.114868071991    
1.08674942595    -0.149930695498    0.0893303228696    1    1.19466090202    0.114868071991    
1.04490327656    0.0078169216562    0.0519819235716    1    0.986042976379    0.114868071991    
0.930148210057    -0.0683769130679    0.0775287151133    1    0.979828119278    0.114868071991    
0.937915861622    -0.18591248401    0.104722081808    3    3.57428002357    0.114868071991    
0.9794625874    -0.147452329533    0.0947322850075    3    2.79407596588    0.114868071991    
0.888447884943    -0.0645489586142    0.109112202999    1    0.882691144943    0.114868071991    
1.02707329635    -0.0333782387906    0.0316780371205    2    1.61668896675    0.114868071991    
0.980024049599    -0.104262669061    0.0607481635171    1    1.35620594025    0.114868071991    
0.997739645558    -0.0901994531152    0.0352785448338    1    0.968093156815    0.114868071991    
1.0954761594    -0.129034685885    0.103435433702    4    6.57275795937    0.114868071991    
0.984624501657    -0.00616523873841    0.075359810036    2    2.39956903458    0.114868071991    
1.04231786447    -0.125285650563    0.0793070990334    2    2.23000693321    0.114868071991    
1.05551693336    -0.159635486461    0.0701958212025    1    0.853392124176    0.114868071991    
0.968137218765    -0.0576975182208    0.0297504193281    4    4.22727608681    0.114868071991    
1.04373068475    -0.00661215098762    0.0599060652347    2    3.21994709969    0.114868071991    
0.968266650444    -0.190968297953    0.0893450034008    1    1.61383605003    0.114868071991    
1.02186417252    0.0158648391799    0.10632077487    1    1.58196806908    0.114868071991    
0.949740632596    -0.124453840169    0.0526215961784    2    2.55962300301    0.114868071991    
0.986240238355    0.00755577774119    0.100768272762    1    1.04576396942    0.114868071991    
0.997561602781    -0.0316054541504    0.070840630211    1    0.772910118103    0.114868071991    
1.01726950004    0.065352594721    0.107064952385    3    2.59790015221    0.114868071991    
0.946591748158    -0.15396050064    0.0597577733581    3    2.42247104645    0.114868071991    
0.924794567998    -0.0883724672632    0.073045756061    1    1.0929441452    0.114868071991    
0.971192637835    -0.101212993617    0.0289959080899    3    3.12249279022    0.114868071991    
1.04206708917    -0.113874757201    0.046964655509    4    3.88682413101    0.114868071991    
1.09157670538    -0.133754436427    0.0944594702725    2    2.14182305336    0.114868071991    
0.939826489073    -0.0859236440928    0.0672197230919    1    1.00016283989    0.114868071991    
1.00093683726    -0.205140447372    0.0940669340288    1    0.952414035797    0.114868071991    
0.919073589022    -0.041789590287    0.10100913323    1    0.898053884506    0.114868071991    
0.985321011896    -0.0893570884454    0.0254279116924    1    0.944704055786    0.114868071991    
1.08655975291    -0.0559278623338    0.0893335146305    3    3.1487891674    0.114868071991    
0.955318677312    -0.0496415576815    0.0433415083774    1    0.954617023468    0.114868071991    
0.997992960486    -0.151674708965    0.083950321028    1    0.958974838257    0.114868071991    
0.952124297763    -0.0705427218517    0.0907608203483    8    7.08603906631    0.114868071991    
1.07023998723    -0.0865224390287    0.0741730026124    1    0.838745117188    0.114868071991    
0.971799824443    -0.143069105292    0.0893463202145    1    0.774110078812    0.114868071991    
0.954472353173    -0.154307653875    0.0790195400578    3    2.42786002159    0.114868071991    
0.976496816127    -0.0739400118093    0.0340882304637    2    1.53988099098    0.114868071991    
0.895858316955    -0.0803328274283    0.102941013913    3    2.5744330883    0.114868071991    
0.918841250578    -0.0796681286612    0.101751800391    1    0.947161912918    0.114868071991    
0.935744031033    -0.15970112726    0.0846431368995    1    1.04124903679    0.114868071991    
0.972545376737    -0.145357324414    0.0281547424429    2    2.26096701622    0.114868071991    
0.962128036616    -0.0167109076214    0.0734182622316    1    1.14627218246    0.114868071991    
1.06570775532    -0.0341903165866    0.10222256587    3    3.21140909195    0.114868071991    
1.01400922509    -0.067779146499    0.0337515519285    8    9.45352888107    0.114868071991    
0.923946656294    -0.106098803931    0.076625716404    1    0.864285945892    0.114868071991    
0.996329871641    -0.107230900654    0.00852889455722    1    0.952591896057    0.114868071991    
1.02706257063    -0.0707224080562    0.0548033449997    2    1.88294911385    0.114868071991    
0.977664214738    -0.113148424836    0.0212936447646    1    0.995202064514    0.114868071991    
1.06653700126    -0.085172890883    0.0734778937573    3    3.37590813637    0.114868071991    
0.962532896803    -0.0870460679103    0.0443576862136    1    1.35416102409    0.114868071991    
1.03740023272    -0.112417291691    0.0755897946051    2    2.13663196564    0.114868071991    
0.940830521416    -0.203332815037    0.101181032489    2    1.83041787148    0.114868071991    
1.03197470536    -0.0653882804345    0.0470540665471    1    0.903715133667    0.114868071991    
1.00639678617    -0.155262587643    0.0593022536816    6    4.76439499855    0.114868071991    
1.06879761357    -0.0819449689542    0.0714585110865    1    0.910039901733    0.114868071991    
1.06311189422    -0.00121209966766    0.10956801949    3    2.54832005501    0.114868071991    
0.972336715363    -0.216470440314    0.107767697301    5    4.2095489502    0.114868071991    
0.967547722797    -0.170462516527    0.0680034475139    1    0.7872838974    0.114868071991    
0.998997071278    -0.145962835901    0.0641991447792    1    0.693023920059    0.114868071991    
0.916473125616    -0.128765400586    0.0840314148241    1    0.707748174667    0.114868071991    
0.900064878848    -0.135283296419    0.0980953943336    2    1.78001093864    0.114868071991    
1.015984175    -0.0878420813724    0.0304614759901    1    0.872185945511    0.114868071991    
1.01106791413    -0.196088929623    0.0774164627188    1    1.1586329937    0.114868071991    
0.918947105267    -0.0357887977122    0.0870843838478    1    1.28513908386    0.114868071991    
1.09025200092    -0.107629008601    0.102393728324    5    4.27605414391    0.114868071991    
1.0462087301    -0.133241487339    0.0896917566818    1    0.922441005707    0.114868071991    
1.03429409702    0.0165580133863    0.0934621136975    1    0.898490905762    0.114868071991    
1.0074278427    -0.206037661496    0.0907148328173    4    3.65600204468    0.114868071991    
1.02764858037    0.0671495208637    0.111730185773    1    0.765798807144    0.114868071991    
0.986225880625    -0.0459981234445    0.0194430679044    3    3.17855000496    0.114868071991    
0.972785980233    -0.0658564725053    0.0258566954043    2    2.32133984566    0.114868071991    
1.04420859727    0.00331064186863    0.0910682830929    1    0.993614912033    0.114868071991    
1.04084864273    -0.0962916003489    0.0453411556614    7    5.84157204628    0.114868071991    
1.02377206391    -0.170029083558    0.0923614492063    3    1.66409015656    0.114868071991    
1.06784490193    -0.118197689443    0.0981983370029    1    0.520500183105    0.114868071991    
1.00719010957    0.0258173339832    0.069803233506    1    0.345972061157    0.114868071991    
0.960096231648    -0.206756243581    0.0864886346455    2    1.84850096703    0.114868071991    
0.995275144721    -0.0061682232832    0.0776056165624    3    2.26919007301    0.114868071991    
0.956805520424    -0.125525375551    0.0995368034192    1    0.879718065262    0.114868071991    
1.02839647359    -0.0574274024613    0.0519549470924    1    0.89589214325    0.114868071991    
1.01647939686    -0.0712189026826    0.0324921304875    3    2.23778104782    0.114868071991    
1.07516525413    -0.225353205947    0.108163729047    2    1.26804494858    0.114868071991    
1.00987827225    -0.106452685632    0.0196035371589    2    1.2679810524    0.114868071991    
1.03619982431    -0.221278308079    0.0928964283182    1    0.857621192932    0.114868071991    
0.995469282087    -0.0233177224258    0.0719215967537    2    1.88252210617    0.114868071991    
1.00858123118    -0.0805243916881    0.0129246997578    2    1.85289597511    0.114868071991    
0.911880783606    -0.0974513778788    0.0946255422847    3    2.18552589417    0.114868071991    
0.904422473616    -0.128209940035    0.114762023728    2    1.14486908913    0.114868071991    
1.09031170578    -0.0498715123029    0.0931446948984    3    1.57954001427    0.114868071991    
1.05769896505    -0.064794099684    0.10454804309    3    1.18385505676    0.114868071991    
1.07286535062    -0.184608895165    0.0998467877913    3    2.98386383057    0.114868071991    
1.07941179135    -0.147538403968    0.113861591344    3    2.72841000557    0.114868071991    
