0.0138644086471
0.0100101150644
0.00800039737663
0.00819044902786
0.011998214961
0.00864346384014
0.0114348262073
0.00783359010203
0.0079828601891
0.0082010971345
0.00817432424587
0.00805384602771
0.0121699740696
0.00865057353546
0.0103207505174
0.0114619247631
0.0114591573146
0.00816888803514
0.00754301389581
0.00991710140716
0.0100571559855
0.0129188296297
0.0115721302015
0.00817692058335
0.00763141867538
0.00880742947988
0.0081061052763
0.00843079669785
0.00747029486175
0.0120402906422
0.00768203333606
0.00823476884954
0.00852155297866
0.00752284636351
0.0123231749013
0.0110341114202
0.0112546192474
0.0116591575185
0.00781229066242
0.0103204423507
0.0125732838234
0.00866447130242
0.0157085202561
0.010191181264
0.0101331267432
0.00972599342888
0.00782816789815
0.00959449824938
0.00740077693836
0.0138562475307
0.0123747274838
0.00966122703064
0.0096701611323
0.0106153014084
0.00813951047635
0.00862794176474
0.00838199496604
0.0157598685841
0.00771513654776
0.00788023008734
0.00902526858404
0.0112186063635
0.0127462136495
0.00993983836748
0.00909933134248
0.00957702764999
0.00849404109787
0.0129289933001
0.0146653212105
0.00783946990735
0.00819116780544
0.0075719763415
0.013924557274
0.0149556870814
0.00878062378394
0.00983339004858
0.0126922970739
0.00829377586548
0.00785414601679
0.0120199631073
0.00739777831173
0.0143149419697
0.00892546827148
0.00787205640957
0.00970331156249
0.0130705796743
0.0133991421931
0.011921718534
0.0150507128595
0.0102745412724
0.0088915844344
0.0105772377604
0.0110003841606
0.00937418673898
0.00808097754782
0.00790261270205
0.00900289749299
0.00769265463078
0.0089192769128
0.00881852774982
