0.0153499257435
0.0135224792497
0.00770328793126
0.00760609787328
0.00828335210496
0.00814700860325
0.00760188662045
0.00817260975859
0.00886641281257
0.00883104634097
0.014951675993
0.00996988668083
0.00802588860869
0.0086376602162
0.00883559667285
0.00746703607233
0.0101927166858
0.00970342395696
0.0106096181914
0.0134170019445
0.00748112215721
0.00830341954307
0.0107513151363
0.00908330733084
0.00954894523523
0.00956705710773
0.0103256518833
0.0155106294713
0.00778676344166
0.0116479050178
0.0109086738613
0.00890327153117
0.00839912445371
0.0078874605352
0.0101707328271
0.0156262841399
0.0101674157266
0.00751660830595
0.00974138604361
0.00977679134323
0.0155100131265
0.0077809951392
0.0141943732482
0.0148481803091
0.00779895954826
0.00768730317157
0.00885674913045
0.00992825350519
0.00873894136716
0.00915779568771
0.00976848231575
0.00964330157341
0.0136454434101
0.0132191409043
0.00763298505284
0.00936516405904
0.00965924074608
0.00902783273464
0.00790666760845
0.0123883098869
0.00816498825391
0.00852653716717
0.0102002155152
0.0130188555235
0.00998667323623
0.0135070801803
0.0101310926108
0.0100011166532
0.00918859542184
0.0114946075541
0.00816957100932
0.00930576429436
0.00979388506397
0.00910110326699
0.00808711481045
0.00944210601159
0.0132106502365
0.0121128316498
0.00844997832339
0.0106048540911
0.0114089374973
0.00873851557643
0.0113338703051
0.00763222698914
0.00930229022885
0.0100146744208
0.0105555140802
0.0140108890751
0.0128088745961
0.00751399407899
0.00910224489914
0.0141295041579
0.00868926412894
0.00847922246557
0.00960511817509
0.00880407468434
0.00801140575671
0.00842538315624
0.00784057210957
0.00933919306684
