a    b    distance0    NDraws    time    dist_threshold1    
1.02223436528    -0.0554717975568    0.0397182336687    2    1.56320905685    0.077368146681    
0.977250662497    -0.162035202001    0.0493818882997    1    0.834743022919    0.077368146681    
1.01367574527    -0.109689569698    0.0425511560736    1    1.33864712715    0.077368146681    
1.00129738882    -0.0819962622446    0.0409520711902    5    5.81973004341    0.077368146681    
0.931088372423    -0.122640552205    0.0768504670863    1    1.0570101738    0.077368146681    
1.02117095292    -0.166884633331    0.0569910321256    3    2.91927814484    0.077368146681    
0.972572591057    -0.0521313432869    0.0267625595983    1    1.54710698128    0.077368146681    
0.986017357351    -0.0582236065927    0.0645113971626    4    5.51052808762    0.077368146681    
0.975474510903    -0.0948302783583    0.0503767277966    2    2.58291196823    0.077368146681    
0.987686409115    -0.125525220731    0.0730542987498    2    2.49210500717    0.077368146681    
1.03352076252    -0.0249474490012    0.0467855079833    1    1.2640068531    0.077368146681    
0.988777045306    -0.07409591277    0.0180311033614    5    6.41401100159    0.077368146681    
1.02780889215    -0.0346194559694    0.0671450422541    4    4.50784993172    0.077368146681    
0.959139671588    -0.0302412354316    0.0428139034276    2    2.5058631897    0.077368146681    
1.01316409116    -0.0977104255556    0.0250550566168    4    3.44306302071    0.077368146681    
0.935862419905    -0.0806909613841    0.0612288721421    3    2.82837295532    0.077368146681    
0.949825978599    -0.138240020718    0.0751229618584    1    0.693338155746    0.077368146681    
1.05652107819    -0.0311031124706    0.0753294614389    3    2.83300876617    0.077368146681    
0.941299394941    -0.131280259337    0.0668775898738    1    1.1038711071    0.077368146681    
0.928231684605    -0.0441537928627    0.0718358436462    5    6.06290102005    0.077368146681    
1.0568529861    -0.11896910836    0.0591323516126    6    7.43638086319    0.077368146681    
1.05768391544    -0.14251508647    0.0706999785038    1    1.24460101128    0.077368146681    
0.990227558498    -0.136068084756    0.0196435463705    1    0.799321174622    0.077368146681    
0.935977910089    -0.172612152197    0.0751013521615    2    2.06371307373    0.077368146681    
0.92668966691    -0.167545171416    0.0747559861516    1    0.764791965485    0.077368146681    
0.987016000661    0.00760081782528    0.0728050695559    1    0.969558000565    0.077368146681    
0.995888391408    -0.0493728687249    0.0742608504478    1    1.34819293022    0.077368146681    
0.998045672636    -0.0822433468737    0.0555468121344    2    1.97903490067    0.077368146681    
1.00916576939    -0.0736973132994    0.0104593598608    3    2.95361208916    0.077368146681    
1.02993726283    -0.0693011744782    0.0387557128679    1    1.30702590942    0.077368146681    
0.942326500789    -0.121034375149    0.0666471810588    1    1.63897490501    0.077368146681    
1.03273776002    -0.101369083472    0.0351238373043    1    1.63087701797    0.077368146681    
0.974478843869    -0.0961093668565    0.0316793275615    1    1.18266582489    0.077368146681    
0.961832826899    0.0343388199761    0.0771330725853    2    2.35684609413    0.077368146681    
1.04100794144    -0.0946988391341    0.0736559424773    2    2.23716115952    0.077368146681    
0.956174858684    -0.035202136229    0.0554147842775    1    1.01800894737    0.077368146681    
1.01872572453    -0.0727045720888    0.0529202145061    6    6.31995105743    0.077368146681    
0.959171884112    -0.102947481974    0.040324399317    1    0.894101142883    0.077368146681    
0.98567923998    -0.051164184786    0.0222337207605    2    2.51657414436    0.077368146681    
0.957407355046    -0.105616518698    0.0404346404033    1    0.944424152374    0.077368146681    
1.06247851063    -0.0419236325973    0.0642257844023    4    3.38640499115    0.077368146681    
0.977438254645    -0.153819739933    0.0289729461723    1    0.811779022217    0.077368146681    
0.940754424466    -0.0162286933991    0.0730049089036    4    4.52936005592    0.077368146681    
0.954520783293    -0.116152053453    0.0523555081693    3    2.96857690811    0.077368146681    
0.966740377818    -0.108566654191    0.0358195250051    3    2.22311401367    0.077368146681    
1.05293603808    -0.148083999182    0.0613495254621    3    3.10009813309    0.077368146681    
1.03412314641    -0.149935225149    0.0601969442527    1    1.12605905533    0.077368146681    
1.0310760177    -0.0804572851413    0.0353523363553    5    4.63824892044    0.077368146681    
0.944708765651    -0.0974858408288    0.0544297118611    1    0.729488134384    0.077368146681    
0.961613035672    -0.0113932244576    0.0605326932954    1    1.02959513664    0.077368146681    
1.0111958391    -0.066701194174    0.0603748375388    3    2.84976387024    0.077368146681    
0.997542331144    -0.0626151510628    0.0436910476692    5    3.90074205399    0.077368146681    
0.985816454725    -0.176274526034    0.0648476585802    1    1.12949180603    0.077368146681    
0.976475517547    -0.0696949461779    0.0485233170895    2    2.16389513016    0.077368146681    
0.926714824161    -0.0844868301096    0.0751947153082    1    1.08771896362    0.077368146681    
0.973350312461    -0.0170416178763    0.0577420327597    3    3.15650296211    0.077368146681    
1.04248514292    -0.0658196685802    0.0514756138873    3    2.99287199974    0.077368146681    
0.969136348351    -0.0779209806852    0.0643131605681    1    1.00846910477    0.077368146681    
1.04657793706    -0.00834659728739    0.0599659427166    5    5.18356704712    0.077368146681    
0.992574804002    -0.128158085666    0.0288907507405    1    1.12884306908    0.077368146681    
1.05332819874    -0.109279408325    0.0589642386812    3    3.29315018654    0.077368146681    
1.05376656215    -0.114949959815    0.059475011392    1    1.04291915894    0.077368146681    
0.93822161151    -0.0820420908793    0.0753192093021    2    1.87419390678    0.077368146681    
0.9746978688    -0.0880076780324    0.0477012575626    2    1.83359003067    0.077368146681    
1.0291313058    -0.108961820453    0.035668120879    2    2.14738202095    0.077368146681    
1.01662013135    -0.11215857532    0.0583830846974    1    1.01175808907    0.077368146681    
0.936875861534    -0.0842525382534    0.0629704076401    2    2.22964096069    0.077368146681    
0.981832397494    -0.0265174217464    0.035481385236    1    1.30878210068    0.077368146681    
0.940654795885    -0.10799387142    0.0569596232881    2    1.96524906158    0.077368146681    
0.981107583465    -0.0803845513659    0.0261723219942    5    5.49401593208    0.077368146681    
1.00674362027    -0.157708196641    0.0184257842628    3    3.3042049408    0.077368146681    
0.979427806775    -0.178780707318    0.0714208061939    1    1.17568182945    0.077368146681    
0.988510115003    -0.0443759459435    0.0212835210264    2    2.38260197639    0.077368146681    
0.987335721613    -0.0257930726034    0.0679796958876    1    0.952685117722    0.077368146681    
0.994328957926    -0.0490006763522    0.037104582524    1    1.26659107208    0.077368146681    
1.04259666219    -0.0817857559452    0.0492483764821    2    2.32416677475    0.077368146681    
0.94818994595    -0.0391408562824    0.0705154166076    1    1.01632213593    0.077368146681    
1.04477012063    -0.0849985521743    0.0471535064313    3    2.88011813164    0.077368146681    
0.957246778905    -0.052729326351    0.0726089927871    4    5.59506297112    0.077368146681    
0.978443162079    -0.0960710201923    0.0533875417168    3    3.14276599884    0.077368146681    
1.0246537068    -0.0815917253927    0.0448204626625    6    5.04774188995    0.077368146681    
0.960603689084    -0.100102321712    0.0607352536881    1    0.612574100494    0.077368146681    
0.953955454374    -0.0615665814798    0.0464528140328    2    0.791673898697    0.077368146681    
1.05996038536    -0.163353390627    0.0760508404692    2    0.627416133881    0.077368146681    
0.995305981661    -0.123929011476    0.0391166580857    8    8.36294102669    0.077368146681    
1.06399882699    -0.137883065082    0.0755607713686    5    5.28540110588    0.077368146681    
1.00560357478    -0.115689573507    0.0454442856989    4    3.13615107536    0.077368146681    
1.03513857709    -0.0610287338326    0.0418400160773    9    2.43253993988    0.077368146681    
0.991375306444    -0.0317633041074    0.0234927134457    1    0.159021139145    0.077368146681    
0.954325911294    -0.111230721765    0.0535129999475    4    0.633876085281    0.077368146681    
0.925719685731    -0.0865499172399    0.0738480757641    2    0.320786952972    0.077368146681    
1.02434460011    -0.084023368465    0.0500804254165    1    0.981111049652    0.077368146681    
0.982589602768    -0.0644795080781    0.0298177812983    4    5.44877505302    0.077368146681    
0.97790394654    -0.0428459713001    0.0217600863302    1    0.963334083557    0.077368146681    
0.988716504629    -0.0486648021591    0.0292747712077    1    0.944277048111    0.077368146681    
1.07007590726    -0.131811370414    0.0748404068344    1    0.800367116928    0.077368146681    
0.969601334461    -0.124741815751    0.0356960062962    1    0.788310050964    0.077368146681    
0.980352890795    -0.104055860806    0.0390921526059    1    0.853792905807    0.077368146681    
1.00860131381    -0.105467984929    0.0469405314    1    0.905894041061    0.077368146681    
1.05564900565    -0.0846674791652    0.0712006173093    7    6.14512205124    0.077368146681    
