a    b    distance0    NDraws    time    dist_threshold1    
0.609422166338    -0.313437500371    0.431528254097    3    3.25557494164    0.537844661063    
1.18011647033    -0.0501775232506    0.191485299831    5    5.75805616379    0.537844661063    
0.93898937763    -0.0126227036913    0.0866603268516    6    5.4275970459    0.537844661063    
0.669614329233    -0.0639813271264    0.337843751249    5    3.80929589272    0.537844661063    
1.34651404716    -0.0929417582022    0.348109783664    2    1.77381801605    0.537844661063    
1.15402313355    -0.581753230255    0.501454949081    2    2.59217190742    0.537844661063    
0.720430313752    -0.406733798183    0.403537090095    1    0.98965382576    0.537844661063    
0.75400647648    0.126339288491    0.339520728995    1    1.05444693565    0.537844661063    
1.14603399732    -0.12858861283    0.165577454962    3    2.96559786797    0.537844661063    
0.691254694433    0.311759909548    0.50085651543    1    1.26480102539    0.537844661063    
1.00079962985    -0.0646643856723    0.0454560545357    1    1.35056781769    0.537844661063    
1.42557147008    -0.252281164462    0.461084137451    2    2.51072907448    0.537844661063    
0.959267238208    -0.0786737724463    0.0462670242408    3    3.1747341156    0.537844661063    
0.891493049044    -0.353461790949    0.282591074218    1    0.929605007172    0.537844661063    
1.25769395653    -0.286969714932    0.338445336408    2    1.77841997147    0.537844661063    
1.1108463955    0.347702569392    0.508444501455    1    0.979181051254    0.537844661063    
1.09982987175    -0.106418336297    0.103046146538    1    0.828315019608    0.537844661063    
0.81377953066    0.051282887515    0.235123847598    2    1.8587949276    0.537844661063    
0.86048382926    -0.459280542395    0.392336630236    1    0.922867059708    0.537844661063    
0.57270739704    -0.161304577775    0.42729010325    1    0.908585071564    0.537844661063    
0.976871137385    -0.0285146113327    0.0454783299997    1    0.729377031326    0.537844661063    
0.657033164867    0.0653873605791    0.360032214064    7    7.20119905472    0.537844661063    
1.05907089363    -0.110069169746    0.076681376871    2    1.78037905693    0.537844661063    
0.647149525763    0.170360415674    0.433032832192    2    1.69300484657    0.537844661063    
1.08928663135    0.0235922295067    0.140078174931    2    1.7983109951    0.537844661063    
0.634265532153    -0.532934591741    0.513269735482    4    4.34519815445    0.537844661063    
1.1450653622    -0.292722659289    0.257008784094    5    5.48571801186    0.537844661063    
0.955516676505    -0.0436429922476    0.0419616942777    1    1.17607808113    0.537844661063    
0.793975862096    -0.0229290630868    0.22428023708    2    1.37371706963    0.537844661063    
0.803351871771    -0.429627895465    0.350570320605    1    0.642002820969    0.537844661063    
0.846413199954    -0.106336237048    0.151776887449    2    1.32642316818    0.537844661063    
0.816214516941    0.142572709718    0.242381780004    1    0.659963130951    0.537844661063    
1.23194987783    0.222126328265    0.424893017019    2    1.42647790909    0.537844661063    
1.00947483956    0.259930424345    0.346924360921    1    0.819139957428    0.537844661063    
1.01461217105    -0.241577663339    0.165154640116    2    1.76963305473    0.537844661063    
0.572407389524    0.0327387317842    0.433232702009    1    0.965544939041    0.537844661063    
0.891780938562    0.00223047273847    0.135047249366    1    0.838365077972    0.537844661063    
1.47645151836    0.117585353289    0.522004501291    1    0.898537874222    0.537844661063    
0.714570512579    -0.487922907725    0.5050121003    1    1.06086206436    0.537844661063    
0.725784563982    -0.470543749591    0.497797837619    1    0.900619983673    0.537844661063    
0.998732414077    0.134718498069    0.243568890101    3    2.85734605789    0.537844661063    
1.33813626961    0.278040402318    0.51188546921    2    1.82620000839    0.537844661063    
1.36898665781    0.254751851844    0.486353821682    9    7.71089291573    0.537844661063    
1.03043631448    0.347947452854    0.449907782746    1    0.693808078766    0.537844661063    
0.908931552217    -0.31636261647    0.267979966911    1    0.83629822731    0.537844661063    
1.48044997156    -0.224407040212    0.501477748636    1    0.928171157837    0.537844661063    
0.930987117591    -0.550120608063    0.445062524624    1    0.859825134277    0.537844661063    
0.902180010503    -0.377674451255    0.295825107708    1    1.00659894943    0.537844661063    
1.09815661571    -0.564472807499    0.434568777955    2    2.20342993736    0.537844661063    
0.956356445381    0.132102072174    0.26501387381    2    1.88947486877    0.537844661063    
1.43888116632    -0.265294875056    0.468353721937    3    2.8577671051    0.537844661063    
1.09984700555    -0.18036505391    0.124657681683    2    1.97203493118    0.537844661063    
1.15459186208    -0.503804435411    0.426117394381    2    2.36975288391    0.537844661063    
0.873365944301    -0.138151341735    0.156447860045    2    2.23114800453    0.537844661063    
1.23616914688    -0.599379109042    0.52612079079    3    3.68701887131    0.537844661063    
1.273175834    0.133463791597    0.328125128036    1    1.0490000248    0.537844661063    
0.754006711466    -0.194542505406    0.2661945754    4    3.96469807625    0.537844661063    
0.809488777954    0.265356485554    0.370061470033    1    1.03750610352    0.537844661063    
1.45600900616    0.154372421585    0.506175610363    1    1.30957007408    0.537844661063    
1.00484489513    -0.157134102297    0.0779075933402    3    2.63248515129    0.537844661063    
0.944904975157    -0.35906551188    0.263159810444    3    2.94281411171    0.537844661063    
1.28793010675    0.238649211595    0.446945492411    1    0.813712120056    0.537844661063    
0.654128710435    -0.22634254321    0.358919317069    1    0.831120014191    0.537844661063    
1.35339426783    -0.0766579541621    0.35656990716    4    3.95441007614    0.537844661063    
1.32907328914    0.0150964416172    0.350331751547    2    1.79825997353    0.537844661063    
0.952462941138    -0.53863812594    0.438324811396    2    1.94670915604    0.537844661063    
1.47198367119    -0.148693036398    0.481451301407    1    0.850523948669    0.537844661063    
0.857595769714    -0.217396272237    0.206010556549    3    3.08047103882    0.537844661063    
1.27356389851    -0.314573403013    0.397762547137    4    3.57503199577    0.537844661063    
1.20674345574    -0.330553540013    0.309201633411    2    1.93907809258    0.537844661063    
1.3752907755    0.27341247864    0.524286848161    4    3.55617690086    0.537844661063    
0.748132494429    0.124159829823    0.345856053953    1    1.1981959343    0.537844661063    
1.33989133605    -0.148987751452    0.357438683489    1    0.898462057114    0.537844661063    
1.27136990512    -0.379247636856    0.370143909285    2    1.5886991024    0.537844661063    
0.900566774951    -0.306064301477    0.187076709277    1    0.766888856888    0.537844661063    
1.18203240569    -0.578140511349    0.508993865394    1    0.772799015045    0.537844661063    
1.00323750998    -0.230266523804    0.14112877145    7    7.27744984627    0.537844661063    
0.97602865764    -0.526402470231    0.49782002117    1    0.903226137161    0.537844661063    
0.813414381659    0.126877662819    0.304264833978    1    0.841896057129    0.537844661063    
1.14710186085    -0.17713562486    0.176834638035    1    0.918626070023    0.537844661063    
0.574827496662    -0.105929068434    0.423694057981    2    2.74709391594    0.537844661063    
0.917627663988    0.413030520259    0.500818075044    1    1.36598515511    0.537844661063    
1.47609310367    -0.126336028685    0.477538701564    1    0.975679159164    0.537844661063    
1.20091612314    -0.345841403059    0.308388379854    3    3.24310088158    0.537844661063    
1.0526181658    0.151453431539    0.28129559581    1    0.98178601265    0.537844661063    
0.599102083776    0.220998738939    0.516800039463    2    2.75256586075    0.537844661063    
1.04012413112    -0.286040669243    0.167565953969    3    3.56131982803    0.537844661063    
0.866708958458    -0.0940738050701    0.156925859427    4    3.70088195801    0.537844661063    
0.99363879356    -0.40095861411    0.238415690803    1    0.633180141449    0.537844661063    
1.1111318441    0.346816675123    0.427815309294    1    0.40789103508    0.537844661063    
1.08290229954    0.0632878187579    0.168713644707    1    0.573305130005    0.537844661063    
1.11241386469    0.0115125393895    0.118589123351    2    2.35748195648    0.537844661063    
0.899661930737    0.118145323616    0.254804980985    1    0.941845178604    0.537844661063    
0.868941927467    0.0829806236877    0.172257967489    1    1.10198497772    0.537844661063    
0.605056288046    -0.169302260902    0.397774139945    1    1.21555900574    0.537844661063    
0.526818238817    -0.251800214415    0.4968613869    2    1.99235296249    0.537844661063    
0.832707019251    -0.421166582528    0.415934996793    2    1.33664393425    0.537844661063    
1.2466390762    0.410441817274    0.510795758414    4    1.76195693016    0.537844661063    
1.40448955021    -0.0912611903577    0.40836672216    3    2.58232903481    0.537844661063    
0.760268851068    0.024730936201    0.252587358293    2    1.25585889816    0.537844661063    
