0.00905235343347
0.0086687520759
0.00810728108839
0.0100114210644
0.0106104657793
0.00952041853908
0.00795822808931
0.00987620170811
0.00795422270863
0.0136258574427
0.01297026019
0.0103495219832
0.0106189980506
0.0116580879773
0.011071786561
0.0121382250346
0.00806705960479
0.0110627599661
0.00773971474249
0.00858599989544
0.00991236124686
0.0128390951957
0.0087187684586
0.0078827528895
0.00757837937802
0.00991324514999
0.00816930536336
0.00921850668818
0.00897860664295
0.0118555783279
0.0112554647195
0.0118726480125
0.00958284580497
0.00983287736033
0.00937949227892
0.01057314809
0.008794608277
0.0124219284353
0.00915138054507
0.0100181419248
0.00875164931001
0.00977681990223
0.0113216431611
0.00850512292943
0.00786291179091
0.0106372265223
0.0124690720624
0.00875557347032
0.00842014833412
0.00915738597201
0.00825915954282
0.012365085575
0.00903213387993
0.00971723339088
0.0103520613882
0.0107003076915
0.0133296600372
0.00799050064013
0.0091375547501
0.0086653408221
0.0132027545902
0.0087813783552
0.00769915583327
0.00765544618522
0.0103499708866
0.0116701470342
0.00819249486889
0.0108012390562
0.013153461379
0.013541471218
0.00938135469972
0.00964611492715
0.00857848566162
0.00939899368168
0.0115640735554
0.00817070338376
0.0127442174951
0.0106759736828
0.0137447251137
0.0114485351687
0.00991063064239
0.00905544831863
0.00820462057044
0.008022123718
0.0101053962329
0.0117504141549
0.00947450323118
0.00879950118143
0.0103565931823
0.00846607805022
0.0086303998071
0.00960683776936
0.0105081352841
0.0156344813629
0.0114414408423
0.0102353276532
0.00769466975647
0.00813642980439
0.0127834749013
0.0079794548631
