0.00797688854895
0.0106211614951
0.0115405432701
0.01201825485
0.0100137792592
0.00832320751708
0.0099117904532
0.00839033992689
0.00881578570226
0.00864551665368
0.0103466894054
0.00817440760938
0.0117890583098
0.0103485594172
0.00982710259596
0.00831999819511
0.0118974116948
0.0119094813611
0.00842711444448
0.0121392260822
0.00976444942526
0.00816268710326
0.00994987771947
0.00952079199875
0.00922956327218
0.00831132061771
0.00994584671493
0.00803551684445
0.00945493155247
0.0116571160323
0.00863725322198
0.00859798691108
0.0113761574817
0.011692861727
0.00859526131374
0.0115353603436
0.0100048051303
0.00842765466179
0.0118677316954
0.00814068204988
0.0137747832521
0.00986718954245
0.0086571406346
0.00816086419835
0.00828925704912
0.0111204137256
0.00932352685953
0.00810886996113
0.0078947168914
0.0106672326264
0.00989687669551
0.00954826493903
0.00971233054055
0.0132004688975
0.00973395761689
0.0129809773846
0.0101660175143
0.00987243239423
0.00925079350031
0.00828218307253
0.0115688079135
0.00972847506276
0.00961008273375
0.00829833220432
0.0127530904405
0.00880912620743
0.00971992273199
0.00799414472111
0.0118218716461
0.0171570896982
0.0101423205965
0.00798561619653
0.00926817060074
0.00921398465548
0.00892397409059
0.00937078461647
0.00937068575044
0.00989888981331
0.010357504258
0.00837880761093
0.0145999937563
0.0106100666297
0.00891616741955
0.00999508813257
0.0118023524081
0.00797243315147
0.00990800125562
0.00916980095643
0.0109339819763
0.00786130456903
0.0138494466376
0.0141590329319
0.010717982861
0.0133286560244
0.00934368598404
0.0104810977596
0.00782053043545
0.00863070700369
0.00873847731021
0.00993704134301
