0.00986682175002
0.00961882243713
0.00987984989178
0.00930160327282
0.00782202375634
0.0108294061091
0.0114921370832
0.00841924073219
0.00895076957876
0.00785197771099
0.00891907388576
0.00952173902852
0.00780924703001
0.0112716111658
0.00771606395931
0.0100868470016
0.00847445000057
0.00848919786609
0.00978195452691
0.0101069114505
0.00932175491804
0.0176239329013
0.0111107786985
0.0109606260796
0.0117881171125
0.0132525217541
0.00754013078359
0.00820670956814
0.0122933909713
0.00908570034676
0.00924627101841
0.00915351749331
0.0122307541423
0.0102578031497
0.00820717369719
0.00779008928194
0.0121153422012
0.012447888897
0.00907028321558
0.00959817626444
0.010490811238
0.00964690806392
0.00838539548729
0.0121452638689
0.0115586782067
0.00953355318461
0.00941788353035
0.00977505951934
0.00905065226096
0.0101726863206
0.0123912850822
0.0100849997774
0.00883666440328
0.0133825235875
0.0115787370181
0.00756370098266
0.00980283900995
0.0137711788684
0.00878980207205
0.0113006165865
0.0146153300366
0.00768536299784
0.00757409239606
0.00925818749999
0.00985055449991
0.00909325062363
0.0112936511685
0.00814912032766
0.00784022840594
0.0106294742251
0.00919564197204
0.00808228366566
0.00955458729824
0.0085115353802
0.0102398756362
0.010686163192
0.0117899978354
0.0137018866731
0.0100850980715
0.00917378858509
0.010399272612
0.0106887818145
0.0124522891914
0.0108150755174
0.00801993145182
0.0134079422506
0.0101183827789
0.00882967694122
0.00843137751626
0.00806050462487
0.00800483293428
0.0106425317225
0.00897574706819
0.00890500112517
0.0113604216547
0.0106203055142
0.0102854443319
0.0122518449609
0.00783593475842
0.00769464093888
