0.00958364658046
0.00791416133419
0.0115948400363
0.0111261467589
0.0128625016767
0.00783554738531
0.00852422512222
0.0117805907801
0.0102869609126
0.00817137404395
0.00886993913689
0.00958638198902
0.0122784085108
0.00917742633084
0.00791915103456
0.00859450949024
0.0151699149254
0.0110315956864
0.0094426195548
0.00775994768721
0.0184065235186
0.0142926426767
0.0139496380389
0.0107826299824
0.008870834657
0.00819994577816
0.0128493233991
0.00926632873036
0.00860984267713
0.00911390632325
0.00792192670453
0.0114170179145
0.00832761598622
0.00926114812202
0.00928609877655
0.012224888217
0.00818717324129
0.0112482074597
0.0083336709487
0.0101518521888
0.00783788406676
0.00823325230015
0.00827115730857
0.0112430683251
0.0112805729621
0.00946403005429
0.0100389425226
0.00828454266198
0.00784405973114
0.0103814680746
0.00997382552003
0.011298670126
0.00918657193237
0.00798088081453
0.0103571313629
0.0138204776756
0.00834658560976
0.0078793149163
0.00775845750075
0.0129063607823
0.0104407877231
0.00807632007829
0.012694221128
0.0116450395959
0.00985018681882
0.00812021693952
0.00829731284859
0.013559913076
0.0101189550919
0.0127805601774
0.0102638992188
0.0110055621774
0.0095335138169
0.00999310878755
0.0081056664157
0.00936884782053
0.00898783343741
0.00789149375665
0.00894881419466
0.00820576619991
0.0101106738038
0.0086116075505
0.00819472254135
0.0190167186005
0.00805578134218
0.0109825039772
0.0115313510596
0.0107077513673
0.0119768815973
0.0114951053482
0.00875402150596
0.00815495677967
0.00783213391787
0.00920615195175
0.00872736410972
0.010176444607
0.00795384929706
0.00791309599137
0.0101340899631
0.00997841681997
