a    b    distance0    NDraws    time    dist_threshold1    
0.99548118453    -0.150087656616    0.00725363049491    1    1.07130718231    0.0186161306144    
0.998677139652    -0.120768213225    0.00266611014018    2    2.27886390686    0.0186161306144    
1.00532988906    -0.129511580004    0.0170785266194    4    4.39137291908    0.0186161306144    
0.991134517941    -0.102979975857    0.0163093804271    6    6.30588698387    0.0186161306144    
0.98678619829    -0.0566405835443    0.011502037855    7    8.61580085754    0.0186161306144    
1.00110532572    -0.152639845007    0.00629687926484    1    1.17662191391    0.0186161306144    
1.01535344156    -0.139779996561    0.018043376598    8    8.45127797127    0.0186161306144    
0.989865237249    -0.0948368937155    0.0141198519602    4    3.96625614166    0.0186161306144    
1.00403757996    -0.129412461076    0.0148606922056    5    5.02590799332    0.0186161306144    
0.998771730837    -0.105601991928    0.0132812940703    2    1.88799715042    0.0186161306144    
0.992277893447    -0.121536977238    0.00932500720817    6    5.80535507202    0.0186161306144    
0.996799218426    -0.0964081204455    0.0151777881561    21    25.2432019711    0.0186161306144    
0.983349286195    -0.102116743563    0.0180196248345    11    13.9665019512    0.0186161306144    
1.00286164303    -0.0808219863048    0.0112558793037    6    6.27344894409    0.0186161306144    
0.987806036074    -0.0730462891121    0.0151447356719    5    5.24161911011    0.0186161306144    
1.00890989648    -0.0768446411548    0.0179790851988    2    2.25490808487    0.0186161306144    
0.98703203596    -0.0682943179233    0.0177403097228    3    2.98459911346    0.0186161306144    
0.998378798305    -0.0780779613655    0.00992137239374    6    7.67309498787    0.0186161306144    
0.989620815797    -0.0881616761592    0.0108143906377    7    8.61913108826    0.0186161306144    
0.992833953206    -0.0473653804386    0.00579153197747    1    0.906269073486    0.0186161306144    
0.986825109297    -0.10771629459    0.0122268942479    3    2.8190767765    0.0186161306144    
0.98147536734    -0.107872814594    0.0177089482944    6    5.5149409771    0.0186161306144    
0.987063461095    -0.113737464591    0.0134222370649    6    4.94271397591    0.0186161306144    
0.984852255222    -0.108761826526    0.0125449350056    2    1.81432700157    0.0186161306144    
0.982201270661    -0.113528611107    0.0165553470942    29    31.1854801178    0.0186161306144    
0.995020186161    -0.108466804288    0.016303850745    2    2.48415899277    0.0186161306144    
0.990738156844    -0.0911166837208    0.0181398274745    1    1.00996208191    0.0186161306144    
1.00812674507    -0.0888186394785    0.0144692477508    1    1.21235704422    0.0186161306144    
0.99946795952    -0.0258292381888    0.00443111898946    9    11.6815960407    0.0186161306144    
1.00619394669    -0.0843211589851    0.0108906393329    7    7.39051222801    0.0186161306144    
0.99372474153    -0.0636859289856    0.0185252293417    1    1.16427993774    0.0186161306144    
0.992343459767    -0.0670176148231    0.0171596591242    9    8.62503600121    0.0186161306144    
1.00227296567    -0.154818509746    0.012326248412    2    2.12087893486    0.0186161306144    
1.01351286641    -0.0971652973055    0.0170572605932    1    1.21969795227    0.0186161306144    
1.00170186538    -0.117291165416    0.00608967087185    1    1.03385996819    0.0186161306144    
0.996393528666    -0.0537705469065    0.0149780454716    6    6.55629014969    0.0186161306144    
0.999499234573    -0.120476692301    0.00490059430592    6    6.76278686523    0.0186161306144    
0.979674781354    -0.113357689349    0.017959810258    3    3.48335981369    0.0186161306144    
1.00913993091    -0.0405647745108    0.0113968450771    5    5.25573205948    0.0186161306144    
0.989085138279    -0.121791845907    0.0173274368767    12    14.2220089436    0.0186161306144    
0.987538601168    -0.0726344027817    0.0180693764279    3    3.91708803177    0.0186161306144    
1.00178660939    -0.100529948439    0.0110519126003    9    10.2122819424    0.0186161306144    
0.988995325109    -0.119614734797    0.0093460563971    2    2.59468817711    0.0186161306144    
0.998618757182    -0.111747238378    0.00132209829836    5    5.71940779686    0.0186161306144    
0.988373258077    -0.097634157794    0.0125376688704    9    10.543833971    0.0186161306144    
0.996234241741    -0.0875679548588    0.0124502295502    3    3.15106320381    0.0186161306144    
1.01399919651    -0.107428349628    0.0162758901232    9    9.87653613091    0.0186161306144    
0.987603789536    -0.0826947393205    0.0120565584762    23    27.4554300308    0.0186161306144    
1.00226753024    -0.079837479419    0.00628560111023    16    18.9151098728    0.0186161306144    
1.00334809105    -0.111190479401    0.0174258422442    2    2.13021016121    0.0186161306144    
0.991523158787    -0.0960709297722    0.0103913346348    8    7.79960608482    0.0186161306144    
0.997733236547    -0.101598738918    0.00806194425753    25    27.9779090881    0.0186161306144    
1.015435615    -0.0816232788331    0.0182866105298    3    3.94520306587    0.0186161306144    
0.99680864237    -0.123377958836    0.0173177515541    2    2.78425788879    0.0186161306144    
1.00894208884    -0.0822786806962    0.0118200070544    6    8.70794916153    0.0186161306144    
1.00065357382    -0.0966847931919    0.0161400637633    2    2.6170539856    0.0186161306144    
0.996219913892    -0.0372708146706    0.00371641736694    13    15.3561520576    0.0186161306144    
1.00709525282    -0.0775372104263    0.00896495375867    1    0.977766036987    0.0186161306144    
1.01132501238    -0.148596812766    0.0134826353687    5    5.83520793915    0.0186161306144    
1.00293705955    -0.100959374516    0.0103911608834    24    23.0728399754    0.0186161306144    
1.00974967609    -0.0496380205922    0.0178275659076    8    8.28170919418    0.0186161306144    
0.999317100087    -0.0594082333552    0.00664536730393    8    7.56024599075    0.0186161306144    
1.00474657354    -0.0786287760946    0.00872266476775    1    0.945680856705    0.0186161306144    
1.00734073179    -0.135029757357    0.0128481560259    4    4.69976401329    0.0186161306144    
1.00205506717    -0.0736091880205    0.0055739605919    6    6.62794494629    0.0186161306144    
0.986883432162    -0.078247260101    0.0120162307749    4    4.62823390961    0.0186161306144    
1.00086081506    -0.0946956738665    0.00895108635718    3    2.91705489159    0.0186161306144    
1.00730071509    -0.126885209392    0.0153226719305    3    3.05610799789    0.0186161306144    
0.999894131274    -0.137660888282    0.0102127480741    23    26.5144782066    0.0186161306144    
1.00645777012    -0.127951207535    0.00994338533106    2    1.8939371109    0.0186161306144    
0.984879881937    -0.107034955399    0.0129256577238    4    4.40796804428    0.0186161306144    
0.999817366754    -0.116009586057    0.00626104145754    5    5.88970780373    0.0186161306144    
1.00656365826    -0.101257771157    0.0155620395353    6    6.10061597824    0.0186161306144    
0.988946880743    -0.123502940542    0.0166711220526    7    6.13271999359    0.0186161306144    
0.990675860015    -0.125585883053    0.00598281779311    7    8.29629087448    0.0186161306144    
0.991166410656    -0.111555752902    0.0156680964853    23    21.8258941174    0.0186161306144    
1.00891586589    -0.0736517685561    0.0112027301151    4    3.77853512764    0.0186161306144    
1.00409339981    -0.0806835274723    0.0174764828462    2    3.05999588966    0.0186161306144    
1.00145807639    -0.125841481075    0.0077910736734    10    12.8090298176    0.0186161306144    
0.990229781803    -0.0749134355082    0.00729719868308    1    1.05837988853    0.0186161306144    
0.999223680549    -0.134579362374    0.0168642290706    14    15.0257849693    0.0186161306144    
0.998737172867    -0.0858112832703    0.0082402236043    5    5.78917694092    0.0186161306144    
0.998426816536    -0.0744682174606    0.0116542652959    4    5.96247816086    0.0186161306144    
1.00198938564    -0.0932167880151    0.00816445836604    12    12.8136959076    0.0186161306144    
1.0028546662    -0.068233864175    0.00506277837084    8    9.23986577988    0.0186161306144    
0.993308592128    -0.124038847217    0.00475936773216    2    2.52905297279    0.0186161306144    
0.983642049176    -0.0253733633713    0.0166931350544    8    9.38212680817    0.0186161306144    
0.985827756801    -0.133471794901    0.0163018457472    3    3.34840393066    0.0186161306144    
1.00002203749    -0.0977833660506    0.00257692998782    9    9.58773207664    0.0186161306144    
0.998723225304    -0.107256664433    0.00383747818484    3    3.51560711861    0.0186161306144    
1.01038194827    -0.0742871707261    0.0178053496882    3    3.37762117386    0.0186161306144    
1.00609072437    -0.14741099583    0.00781501274659    3    2.62563586235    0.0186161306144    
0.997995592854    -0.0817894082463    0.00582104052697    8    8.15043997765    0.0186161306144    
1.00005128058    -0.0276104411386    0.0170190324986    3    2.96311807632    0.0186161306144    
1.00913197265    -0.0863398819481    0.013158718295    22    25.1206679344    0.0186161306144    
1.00440755772    -0.113863680885    0.00934462762177    1    1.02011299133    0.0186161306144    
0.985810566302    -0.0922939999611    0.0120446254646    13    9.60958218575    0.0186161306144    
1.00678146233    -0.0966721013249    0.0155429448853    1    0.190237998962    0.0186161306144    
0.989944479186    -0.106655240442    0.0151573728553    12    10.3441560268    0.0186161306144    
1.0007207067    -0.139056620213    0.0175521309534    6    4.48406982422    0.0186161306144    
