0.0143420401421
0.012932093707
0.00810717938344
0.00851596774379
0.00886208816332
0.00930572758614
0.00988531856224
0.00823855127337
0.00933183877476
0.0105064457648
0.0109754553821
0.0102800176473
0.0129506453116
0.0115526542099
0.0111397263451
0.0098900553568
0.00905352114081
0.00813331609988
0.0108240672092
0.00897110042038
0.00961852071735
0.00847170929737
0.0113580272295
0.00964957892131
0.00819278438468
0.00839277890723
0.00911002085256
0.00889533223195
0.0104411602177
0.0107954607149
0.00824170994281
0.0118956882579
0.00914133402681
0.0120663620762
0.011070898625
0.00827195454747
0.0105817720795
0.00861319968838
0.00987475224746
0.00865936609353
0.00946171738866
0.00917631937351
0.0104101268488
0.00909024990403
0.00836247292119
0.00908587729727
0.00936517923509
0.0105288593852
0.0125674080272
0.0102269573423
0.00869407294527
0.0122871560294
0.00912209619115
0.0103665060939
0.00941619928244
0.00915016973824
0.00846908370482
0.00849729048708
0.00945229240766
0.0112449390097
0.0106039004336
0.00930775746282
0.00982390690371
0.012068338692
0.0131200450075
0.00872119864079
0.00945119275585
0.00877744240799
0.0107961401658
0.00869587658832
0.0102410898869
0.00813824846919
0.011227277658
0.00844603308478
0.00984344461759
0.0145391088048
0.0099726943671
0.00837575078626
0.0124289077233
0.009544649172
0.010136138549
0.0134760630832
0.010657686262
0.00888790241143
0.0164101051527
0.00872164026519
0.0100156050226
0.01071569355
0.00931936584714
0.00890225668783
0.00843427120572
0.008534241579
0.00954608192098
0.0100910681641
0.0101831008539
0.00853726618138
0.0113591179132
0.0102638884084
0.0102240586474
0.00934624977034
