0.0105551353216
0.0105393476595
0.00789809312399
0.0107774616239
0.00988609702551
0.00844003682527
0.00922906779994
0.0117730795423
0.00898902854469
0.0103853872253
0.00750968637126
0.0085203202827
0.0077500827793
0.00745612197416
0.00882789484155
0.0149621632833
0.0101591438279
0.0110226167974
0.0131652699693
0.0131062555418
0.00824151637533
0.00747205917609
0.00866342697846
0.0136485175101
0.00863866377973
0.0119999938795
0.00764420049256
0.0085770305968
0.00879485827518
0.0106397117011
0.0121984882609
0.00804253820195
0.00958631440185
0.00838385533192
0.0076147478235
0.00827742143796
0.0101392557775
0.00929534277451
0.0110443657465
0.00862198352225
0.00800093545064
0.00797244503744
0.00766660483039
0.00870545016623
0.012388406586
0.00748924025961
0.0146798797845
0.0149308095153
0.00767407050625
0.0149046755066
0.0116568023217
0.013278442491
0.00961085751523
0.00810258966517
0.00855448375722
0.00763839955334
0.00958973551476
0.0125901568944
0.0138893757215
0.0106144571583
0.016317635921
0.00896578588852
0.00770954316407
0.0105269912969
0.00898894587114
0.00777807389061
0.0105475137505
0.00934050420175
0.0143546628421
0.0101271195735
0.00790074614103
0.0129946955951
0.009910799783
0.0086557340512
0.0147052153736
0.0134578884802
0.00756047174366
0.0111171370062
0.00761620838918
0.00848664476094
0.0109528683112
0.00951612692869
0.00794524840037
0.00777448674004
0.0103091682268
0.00853092078547
0.00935997710724
0.010203544519
0.0106856882425
0.00930872621857
0.00941022702611
0.00830613294074
0.0129078437422
0.00812302031862
0.012299759701
0.00801319136551
0.00983360001887
0.0100529529178
0.0105476183494
0.0104421797759
