a    b    distance1    NDraws    time       dist_threshold1    
1.01989229986    -0.13485888434    0.0511917510677    2    0.584617168903    0.584617168903    
0.868111235471    -0.00479534711476    0.180006320549    2    0.584617168903    0.584617168903    
0.888172599305    0.150201452978    0.245272287206    2    0.584617168903    0.584617168903    
1.23305234347    -0.00185097314897    0.26751501623    2    0.584617168903    0.584617168903    
1.35400957204    0.0851127334965    0.393811773163    2    0.584617168903    0.584617168903    
1.61172737905    -0.158074536061    0.624372563867    2    0.584617168903    0.584617168903    
1.43737732072    -0.647459758114    0.689726021695    2    0.584617168903    0.584617168903    
1.74682379115    -0.264120321062    0.778380219685    2    0.584617168903    0.584617168903    
0.927008078383    -0.903429846658    0.834842125114    2    0.584617168903    0.584617168903    
1.50220323304    -0.918241993089    0.934914565693    2    0.584617168903    0.584617168903    
1.94665658292    -0.191726491155    0.952691690361    2    0.584617168903    0.584617168903    
1.97789445675    -0.0626309973071    0.981871675768    2    0.584617168903    0.584617168903    
0.133093361068    0.442847918392    0.986873769179    2    0.584617168903    0.584617168903    
0.160871795086    -0.694842689879    1.01893355069    2    0.584617168903    0.584617168903    
0.537056951468    0.848529843136    1.05850064214    2    0.584617168903    0.584617168903    
2.01323442763    0.249792734628    1.07680635932    2    0.584617168903    0.584617168903    
1.99199747023    0.496283503735    1.12046754039    2    0.584617168903    0.584617168903    
2.03097859622    0.392512761559    1.13766214585    2    0.584617168903    0.584617168903    
1.59922693538    -1.07407564023    1.15117304381    2    0.584617168903    0.584617168903    
0.981684933266    1.07134039009    1.15444929921    2    0.584617168903    0.584617168903    
1.98359434308    -0.845241478283    1.21417492039    2    0.584617168903    0.584617168903    
0.383448194482    -1.16902163318    1.29921003309    2    0.584617168903    0.584617168903    
2.25176480106    0.295385596353    1.30201178907    2    0.584617168903    0.584617168903    
0.671331915215    -1.39884136284    1.33824086063    2    0.584617168903    0.584617168903    
0.759847210206    1.21576348692    1.33848253469    2    0.584617168903    0.584617168903    
1.45825785041    -1.43366466671    1.36144481347    2    0.584617168903    0.584617168903    
0.989084100082    1.26659786126    1.3667894017    2    0.584617168903    0.584617168903    
2.05047762167    -0.993603606883    1.37763412275    2    0.584617168903    0.584617168903    
0.455199951166    1.1762157665    1.38021143798    2    0.584617168903    0.584617168903    
2.06101263061    0.795002598818    1.40104989942    2    0.584617168903    0.584617168903    
-0.351383785165    -0.679459795874    1.4537086399    2    0.584617168903    0.584617168903    
2.01877772741    0.925630950538    1.46357357029    2    0.584617168903    0.584617168903    
-0.394352435137    0.588556923489    1.55433905137    2    0.584617168903    0.584617168903    
-0.0686032105534    -1.2565624709    1.57568824359    2    0.584617168903    0.584617168903    
0.162710597721    -1.46547447143    1.59069593243    2    0.584617168903    0.584617168903    
-0.486222947528    -0.688946556717    1.59588509397    2    0.584617168903    0.584617168903    
1.47789486234    1.44249062903    1.60028276103    2    0.584617168903    0.584617168903    
1.3472113358    -1.67892112382    1.62338650874    2    0.584617168903    0.584617168903    
1.62505174719    1.4929797068    1.69545406712    2    0.584617168903    0.584617168903    
-0.704273967435    -0.244240299271    1.71072838797    2    0.584617168903    0.584617168903    
2.47736152345    0.915263211078    1.72816540882    2    0.584617168903    0.584617168903    
2.57219161176    -0.849069169808    1.74748157569    2    0.584617168903    0.584617168903    
2.27610518792    1.12232436464    1.75829789925    2    0.584617168903    0.584617168903    
2.6489318564    0.542038635885    1.76700130743    2    0.584617168903    0.584617168903    
0.576722157723    1.58221854476    1.78073899363    2    0.584617168903    0.584617168903    
-0.76487964929    0.0823623189023    1.78479210403    2    0.584617168903    0.584617168903    
-0.676931939043    -0.787882131775    1.79348934959    2    0.584617168903    0.584617168903    
-0.273154726327    1.2053778316    1.80303529801    2    0.584617168903    0.584617168903    
1.90259916778    -1.72784175077    1.84648006809    2    0.584617168903    0.584617168903    
-0.696200105494    0.661140708484    1.85803131316    2    0.584617168903    0.584617168903    
2.78185006197    -0.74796513147    1.87687488496    2    0.584617168903    0.584617168903    
0.886938962624    -1.9289620181    1.90629875613    2    0.584617168903    0.584617168903    
-0.61131531459    0.942000312237    1.91747796747    2    0.584617168903    0.584617168903    
-0.329447827738    1.34282179631    1.93150710792    2    0.584617168903    0.584617168903    
0.919632947301    1.81581166744    1.95693156462    2    0.584617168903    0.584617168903    
2.8616267407    -0.736437885708    1.98450909586    2    0.584617168903    0.584617168903    
2.91101813892    0.644069320577    2.02550988135    2    0.584617168903    0.584617168903    
2.79954067611    -1.07694159187    2.06025308204    2    0.584617168903    0.584617168903    
2.5775855696    1.29533294822    2.08070777616    2    0.584617168903    0.584617168903    
-0.0983911857227    -1.88540582209    2.10543705383    2    0.584617168903    0.584617168903    
-1.03038452491    0.574783487989    2.12931449609    2    0.584617168903    0.584617168903    
-0.643759577647    1.35902648966    2.14930887806    2    0.584617168903    0.584617168903    
-1.13296847363    0.304674975619    2.16444102809    2    0.584617168903    0.584617168903    
1.99588987985    -2.05544196324    2.1681751821    2    0.584617168903    0.584617168903    
0.00465189364898    1.87725727283    2.17218931407    2    0.584617168903    0.584617168903    
-1.14431829085    -0.430113469018    2.17668238145    2    0.584617168903    0.584617168903    
3.00745343109    0.84496460957    2.1962703642    2    0.584617168903    0.584617168903    
3.20679167845    -0.104566776325    2.21028559936    2    0.584617168903    0.584617168903    
0.520919910844    -2.29377384763    2.2330406238    2    0.584617168903    0.584617168903    
2.47652121051    -1.82542255576    2.23941966972    2    0.584617168903    0.584617168903    
0.0275847981601    -2.02848789184    2.24171480305    2    0.584617168903    0.584617168903    
2.87292781939    1.12716590605    2.24927162483    2    0.584617168903    0.584617168903    
3.28736103178    0.238794732756    2.31798476239    2    0.584617168903    0.584617168903    
0.355989364104    -2.37277441044    2.34172042762    2    0.584617168903    0.584617168903    
2.66944936493    1.60233701174    2.35887766722    2    0.584617168903    0.584617168903    
0.911761695823    -2.4698925636    2.36225102234    2    0.584617168903    0.584617168903    
0.270031576514    -2.31738628123    2.3653358683    2    0.584617168903    0.584617168903    
3.38326485233    -0.154944740339    2.38578308507    2    0.584617168903    0.584617168903    
-0.101583435952    2.03926378773    2.39318719396    2    0.584617168903    0.584617168903    
2.63252397809    1.6417028782    2.40697513719    2    0.584617168903    0.584617168903    
3.42312621698    -0.0293068584644    2.42561380309    2    0.584617168903    0.584617168903    
-1.06487698983    -1.43848577022    2.44013974955    2    0.584617168903    0.584617168903    
1.00847981294    -2.57475207346    2.44746183848    2    0.584617168903    0.584617168903    
2.92319371647    -1.59453805539    2.45904849566    2    0.584617168903    0.584617168903    
3.40501456446    0.483604917882    2.46480439613    2    0.584617168903    0.584617168903    
2.81638965291    1.5534878154    2.46649147363    2    0.584617168903    0.584617168903    
3.46780139366    -0.122407588978    2.47017912392    2    0.584617168903    0.584617168903    
3.45817298991    -0.306730837335    2.47230819053    2    0.584617168903    0.584617168903    
1.98750618686    -2.42774419032    2.49487395796    2    0.584617168903    0.584617168903    
0.964441519135    -2.57733599391    2.50907669693    2    0.584617168903    0.584617168903    
-1.37489602782    0.748525634033    2.52121136838    2    0.584617168903    0.584617168903    
1.81585093734    2.29206384157    2.53931971786    2    0.584617168903    0.584617168903    
0.913942849003    2.45738612074    2.55422071222    2    0.584617168903    0.584617168903    
3.56264795848    -0.113657377449    2.56496912076    2    0.584617168903    0.584617168903    
2.50767297927    2.01008316152    2.5707555392    2    0.584617168903    0.584617168903    
3.58810288567    -0.133753857182    2.59074736905    2    0.584617168903    0.584617168903    
0.0653406348548    -2.49194615556    2.59566524582    2    0.584617168903    0.584617168903    
-0.980517010882    1.58212913866    2.61232969661    2    0.584617168903    0.584617168903    
2.88093882683    1.78728481832    2.62617199243    2    0.584617168903    0.584617168903    
3.38164697176    -1.13351248821    2.62853737185    2    0.584617168903    0.584617168903    
