0.00799563429349
0.0108337105608
0.0104340447153
0.00984781916286
0.0091020634484
0.00898412541535
0.0078727431683
0.0121488912331
0.0108023048839
0.0150245164276
0.0077587653936
0.00822275854347
0.00945511098177
0.0149549773544
0.0103899307403
0.0126323093209
0.00847971552407
0.00875825003932
0.0161960157805
0.00876133307457
0.0119148908403
0.00915571655843
0.012345076478
0.00981523832856
0.0111004089689
0.0081828928727
0.00814291135349
0.0116710862064
0.00866983588527
0.00899294719952
0.00808100670499
0.00788977160167
0.0114363310137
0.0139331004159
0.00886134478209
0.00874624478131
0.0106826689955
0.00813584770648
0.010391791485
0.00983392603948
0.0156428379886
0.00961970825422
0.00923552133736
0.00835099127694
0.00810374905363
0.00867422805075
0.00815251606486
0.00949005277641
0.00824136319893
0.00934729746149
0.00852108393451
0.00864882831098
0.00823930196603
0.00827493093685
0.0106950925676
0.00875552410419
0.00888636028897
0.0101856798721
0.015333249338
0.00822919867466
0.00992759372037
0.0114104416269
0.00820758807415
0.00996107196818
0.0107914202487
0.0116388224578
0.0177956831768
0.00780290741114
0.0105707303356
0.0095111533356
0.0112521498238
0.00820944205976
0.0113129988014
0.00939449663893
0.00904989394399
0.0126641565564
0.00877758495484
0.0114883273948
0.0098038013912
0.0119288429533
0.0126739177133
0.00795432028394
0.00797484216137
0.00834797027745
0.00887687292615
0.011846491217
0.0097344516225
0.00803751009845
0.00867594002493
0.00775853887636
0.00825763367731
0.0081930232727
0.00846395670096
0.00883555782534
0.00943218015347
0.0157181579586
0.00997286793079
0.0101087364637
0.0123641797103
0.00800817049489
