0.00847376995617
0.00688817849458
0.00689126308804
0.00688767965928
0.00949999538276
0.0221359495595
0.00924683179614
0.0086835811034
0.0111040932992
0.0108426270978
0.00805722634735
0.00764886584669
0.00799280830809
0.0107870776014
0.00717139730968
0.010667449128
0.00782920129914
0.00708986698621
0.00678967244687
0.00803275046623
0.00856674545661
0.00768656274661
0.00859510264493
0.0087252118774
0.0156137478548
0.0132129654615
0.00958758497633
0.00875073604065
0.0132528574881
0.0212246631657
0.00715610883532
0.00804907069956
0.00678610708047
0.0148342680626
0.00754078890461
0.0137028553641
0.0107956125746
0.0198005551358
0.0122452394748
0.00686122035604
0.00681640403373
0.0102124904321
0.00736874629007
0.00812698056282
0.0382663410748
0.0143680844894
0.00716385689535
0.00831420138278
0.0162221139678
0.00861777354076
0.0167289942504
0.00688542619642
0.00680103902563
0.0110596784297
0.0221054269647
0.00692575230447
0.00839947824979
0.00767120671382
0.00720915296511
0.00778337501483
0.00735195602229
0.00988678685759
0.0111005754958
0.0101530584622
0.00699191532772
0.0141643344073
0.00917619028429
0.00736142469108
0.00755371313623
0.00890388413695
0.014471034348
0.00948770702796
0.00703808869116
0.00864501096254
0.00785942513099
0.00891689355257
0.00795263866172
0.0112419457839
0.00810664923272
0.00938410529637
0.00811777242754
0.00851719290329
0.00811301045852
0.0232807270067
0.0081644029476
0.00862548080502
0.0110816373721
0.00692427648114
0.00769889680432
0.00706906127889
0.00784772114909
0.00720067969211
0.00748189981469
0.00879126771865
0.00769369279245
0.00804042564418
0.00732007433092
0.0103964689926
0.0120322713497
0.00710089035946
