0.0108381611597
0.00806047261879
0.0141496108872
0.0073130667427
0.00759268420639
0.0074772909069
0.00745213465654
0.0108440127586
0.00760405442105
0.00829030735076
0.0100570912939
0.00930819410107
0.00827841781989
0.00868164589603
0.0078164243247
0.00841232327069
0.00788939224404
0.00776805500206
0.00766931480355
0.00948961511275
0.00989731240712
0.00883801980067
0.0093574619617
0.00873900058909
0.0175635011892
0.00739151494708
0.0181939614445
0.0103811680715
0.0131409751436
0.0093870002605
0.00931905039323
0.0111134652281
0.0442148980756
0.0125131103393
0.01033262729
0.00919760874795
0.0110334277051
0.0076201188998
0.0102534698356
0.0142925194412
0.0190268490439
0.00800938072806
0.0160180887949
0.00838171198804
0.00771690847866
0.00825681882202
0.00864682536775
0.00763224302081
0.0115276970632
0.0083620967806
0.00876769547377
0.00836306315814
0.00740920710706
0.00806512420504
0.00790060516621
0.00834597704871
0.0106330585397
0.00733393966097
0.0072867454022
0.00785980118378
0.00764114185535
0.00782200223384
0.00971209381019
0.00768884757626
0.00866895187898
0.0159259197716
0.00755795552029
0.00766838108894
0.00926059358482
0.00872058380687
0.00799024312062
0.0149051199528
0.00805021721128
0.0150217525976
0.00775092284926
0.00828047496777
0.00771930901338
0.00849756498045
0.0103885266685
0.00790628415965
0.010366741893
0.00764104759194
0.00871449330586
0.00801372131257
0.0117836579825
0.0111686386348
0.0112398381585
0.00757660605674
0.0142248496165
0.00811187854454
0.00750348165959
0.0119229726164
0.00855915523057
0.0130497089823
0.0150676245757
0.0107009730323
0.00796875042676
0.00827403628944
0.00973150271923
0.00788711634062
