0.00850102914644
0.0112109864102
0.00808205768039
0.0106861077469
0.0114373053203
0.0120578817255
0.0109066590411
0.0168685918355
0.00814775053165
0.00823555837624
0.0108981714204
0.0137455782878
0.0151636457285
0.0123844454343
0.00777353354172
0.0166162848521
0.010080995386
0.0103814784788
0.0118475876597
0.0110036661394
0.00745903612721
0.00961893972327
0.00807795859168
0.00799687867693
0.00786389115449
0.00770100183071
0.012127133179
0.0118417856227
0.00784646700833
0.00925404802242
0.0116284127048
0.0141387962881
0.00791006334993
0.00870553134427
0.0111783513921
0.00976596889498
0.00784533146146
0.00770344250798
0.00797682921481
0.00768857911937
0.0102353301769
0.00947613870072
0.010441690316
0.00858218981747
0.00959491790222
0.0126769716378
0.00756216574585
0.00825633419601
0.00857580904831
0.0108476823819
0.00745517164879
0.0101836068264
0.00764298377505
0.00786410962178
0.00874572335926
0.00957462607114
0.0119414330727
0.00768641449362
0.00801617214638
0.00862225693184
0.0137534757498
0.0093246718441
0.00979071366548
0.0132204705286
0.0130777711685
0.00898085733058
0.00785271408285
0.0141402739848
0.00926959196648
0.0107066422692
0.00789169027988
0.00797944185522
0.0117427909191
0.00740911228064
0.0101130544141
0.00953556564796
0.012580056662
0.00920841507958
0.00851028189421
0.0113640353804
0.00781282870791
0.00852125862722
0.0101611824166
0.0094248534389
0.00770507785144
0.0117378738822
0.00811455908966
0.0103015859873
0.0104530736763
0.0116685002179
0.00807830664618
0.0168766455588
0.0114398101016
0.00753381816843
0.00887665627801
0.00893949386399
0.00879666409992
0.0169444265541
0.00814131290996
0.00768095609272
