0.00793959882535
0.00792302610726
0.00764829641901
0.007543206213
0.0157798839206
0.00829625134903
0.00875753116456
0.0117892124342
0.0116608704137
0.00807085535811
0.00824803295316
0.0124068076144
0.00999541140398
0.00781640779508
0.00754337938047
0.0115846964773
0.0104187869965
0.00746314575114
0.0109849264217
0.00762324412388
0.00922001524294
0.0132726799502
0.0123458305084
0.00796859347412
0.00768758456501
0.0125013130826
0.00871330119676
0.00882209635497
0.0103548303198
0.0135284697411
0.0085616211378
0.0107446433986
0.011831157787
0.00866880760655
0.00927051890071
0.0108094345728
0.014609383147
0.0106050917824
0.0122163106755
0.00870271286805
0.00769224986572
0.0124056734605
0.0120948723733
0.0122563127512
0.00819545372908
0.00935570533719
0.0103293660645
0.00774577776603
0.0100382330578
0.00853118492009
0.0080772646674
0.0146586934564
0.0076721219794
0.00803683332997
0.00984887778678
0.0081226423937
0.0133923508815
0.00853095092679
0.0110827955103
0.00855550073782
0.0115670275653
0.00868192517649
0.00767152534499
0.0104778253167
0.00965003217548
0.00813427688487
0.00818642349281
0.00785593296939
0.00861109821978
0.0149399361478
0.00918211997901
0.00915615978788
0.00952486570186
0.0110255252663
0.00998704462015
0.0111363055781
0.00878941907896
0.00770000268479
0.00851568333255
0.00862514596697
0.00906764947884
0.00791090440843
0.00891395134464
0.00774105454789
0.0134465817216
0.0159286119682
0.00773485774401
0.00863830535543
0.0102805572633
0.0153285561653
0.00763936728672
0.00941218345817
0.0130137874601
0.0138982200332
0.0105798810008
0.0144476413358
0.0112601798405
0.00814641452441
0.010371557349
0.0102706339936
