0.00920142390724
0.0139663158162
0.00816242683298
0.00927491777448
0.00924575176766
0.00849995184892
0.0115956350315
0.00968250286791
0.0123459917673
0.0136602713104
0.00857841388858
0.01116982888
0.00827548266693
0.010603395446
0.0103548749386
0.00805284379078
0.0124306113175
0.00883510453389
0.00859129855121
0.0118868722889
0.010535111229
0.00820240442563
0.0106906221824
0.00985244179852
0.0129362254002
0.0085502070501
0.0110181859823
0.00847410215799
0.011219616221
0.00930129927678
0.00979723812648
0.00983288811891
0.00808910980419
0.0130383025087
0.00962085349683
0.00833462881577
0.01023088221
0.0104732604084
0.00869237061852
0.00803506214214
0.0103345500841
0.0102864557791
0.00887410875041
0.00917617953313
0.011745116575
0.00824307771915
0.00877745370806
0.00889174903449
0.0119146541835
0.0115827356221
0.010044023262
0.00894957231316
0.0122178098024
0.0102958937853
0.00901771982104
0.00840785675352
0.0134081086111
0.0109112867537
0.00914436106977
0.00939262393171
0.0107563786967
0.00811789288494
0.0125917120366
0.00895145976094
0.00858238114498
0.00841234143019
0.00975282125674
0.0108810004247
0.00990601650415
0.00832060765345
0.0112884006567
0.0113429480463
0.00912892093701
0.00890799413344
0.00799421740384
0.0124145356603
0.00974444634707
0.00903695826961
0.0107050577498
0.00980928587197
0.0117512798308
0.0101677196974
0.012911599585
0.0100188132084
0.00797608782574
0.00854040755471
0.0103243980845
0.0120262849318
0.00872631554767
0.010141135123
0.00931843154132
0.0105333462174
0.00927516589971
0.0104319161737
0.0096797887412
0.0124030652223
0.00966483124826
0.00876101287984
0.00888365218872
0.00886530733554
