0.0119970579723
0.00984692572693
0.00812011057025
0.0099327735965
0.00947910531852
0.00938877913032
0.010076770378
0.0189288715951
0.00750020798435
0.0092237615233
0.00755013427038
0.00894561234554
0.0076590224381
0.00906987698043
0.00747855613845
0.00750247668608
0.0092896809154
0.00972499018856
0.0152341828227
0.0107296248779
0.0137319362963
0.0112350299362
0.0109484249243
0.0132995075579
0.00780929724204
0.00902423459933
0.00832969331835
0.0137098604167
0.0116290764447
0.00808926572682
0.0126814691651
0.0111920573028
0.00879408607138
0.00740530255579
0.00979101779985
0.0083962557319
0.00876218365429
0.0107628127135
0.00759260542364
0.0128186472139
0.0078123473443
0.0104404724977
0.00845623303295
0.00864093567371
0.00986563480286
0.00796157616005
0.0162053641607
0.0096109931611
0.0105883533003
0.00929821302148
0.00748139674435
0.00759080372623
0.00946578113902
0.0103077151644
0.0115138638373
0.00752809093631
0.0376102495827
0.00885707997965
0.00741798048891
0.00738017676337
0.0112024956832
0.0077634443633
0.0102737871079
0.0108039232814
0.00843196506787
0.00727574760716
0.00729926799368
0.011511684253
0.0116209808896
0.00828406603544
0.0119949802947
0.00784178636097
0.0081301570711
0.00770166546129
0.0078437924837
0.00899958822327
0.00798754591623
0.00916938753698
0.00733059908541
0.00960353333203
0.0293701555066
0.00757219074822
0.00769265147332
0.0108338931718
0.00996761200629
0.00784026856515
0.00755954806751
0.00957512837548
0.0108361598091
0.00740042801045
0.00988971749642
0.00779823557573
0.00864240983365
0.00956458099849
0.0100239444284
0.00755556505596
0.0120763671813
0.0078849080952
0.00959813027791
0.00953316020361
