a    b    distance0    NDraws    time    dist_threshold1    
1.79554656303    1.86526201374    0.813361415273    5    0.241894960403    1.0810947924    
0.690058994078    1.28475243817    0.918243030448    1    0.0567281246185    1.0810947924    
1.70273137705    2.12294698307    0.742876885028    1    0.0640690326691    1.0810947924    
0.876726302902    2.40268291332    0.39961081612    2    0.110941886902    1.0810947924    
1.73750325918    1.63938823043    0.744517080298    3    0.168606996536    1.0810947924    
1.74690814457    2.69837531101    1.076294328    1    0.0614619255066    1.0810947924    
0.666517156601    2.23818119773    0.469966632892    1    0.0570640563965    1.0810947924    
1.72808700738    2.4323801245    0.897993002548    1    0.0522298812866    1.0810947924    
1.55655885771    1.31039361213    0.924906185572    1    0.0513880252838    1.0810947924    
0.887609235496    1.95056349167    0.198473985226    4    0.237090826035    1.0810947924    
0.312620376253    1.47431335515    0.816860502909    2    0.0717210769653    1.0810947924    
0.456640403155    2.44872780518    0.95085971671    2    0.0869719982147    1.0810947924    
1.60172343353    2.75009633384    1.04700876457    3    0.153373003006    1.0810947924    
0.364327747579    2.93104545051    0.99746272967    1    0.0877799987793    1.0810947924    
1.99536076853    1.72447490646    0.999489609992    1    0.0549521446228    1.0810947924    
0.213714100905    2.4363599917    1.01799475141    2    0.101595163345    1.0810947924    
1.2423971604    1.97147514167    0.486178353363    1    0.0534288883209    1.0810947924    
1.31974429917    2.51735563699    0.760993537317    1    0.0485608577728    1.0810947924    
1.41790609795    2.48627540277    0.785076000762    1    0.0555188655853    1.0810947924    
1.26226005899    2.48247995213    0.840257965632    1    0.0562560558319    1.0810947924    
1.02204142609    1.25313992563    0.666826034796    2    0.107680797577    1.0810947924    
1.65467536993    2.64172305099    0.780088435316    2    0.0959539413452    1.0810947924    
0.44064652766    1.60798527331    0.705313203439    2    0.0942220687866    1.0810947924    
1.02545878954    0.98022409263    0.929993448892    2    0.106426954269    1.0810947924    
1.60653662859    1.34834666595    0.729288126833    2    0.0764319896698    1.0810947924    
0.817779496263    1.99966216408    0.201291580007    1    0.0538229942322    1.0810947924    
0.894316486044    1.32685778694    0.612428169763    2    0.112143039703    1.0810947924    
0.523765611358    1.41199725147    0.711159370635    2    0.110716819763    1.0810947924    
1.38510430091    2.5645759951    0.498707180391    1    0.0587058067322    1.0810947924    
1.877027661    2.1215463139    0.932491517921    3    0.169453144073    1.0810947924    
1.83154969846    1.3225714197    1.03355882496    1    0.0630719661713    1.0810947924    
0.987670002719    1.84087191552    0.364346768622    4    0.220914125443    1.0810947924    
0.486782618224    1.98246795307    0.508840389698    3    0.16229891777    1.0810947924    
1.01554036028    1.0910982402    0.970819573805    1    0.0546400547028    1.0810947924    
-0.0469623726228    1.83857887714    1.04987788597    2    0.107676029205    1.0810947924    
1.30117038413    2.70485825437    0.995454384301    2    0.118623971939    1.0810947924    
1.43221350426    1.11575973525    0.881502890313    2    0.116153001785    1.0810947924    
1.84947811122    2.37464477595    0.972602603024    5    0.27281999588    1.0810947924    
1.64869466472    1.97829181386    0.648695104798    3    0.163428068161    1.0810947924    
0.678812460378    1.49961711708    0.52945849515    1    0.0539801120758    1.0810947924    
1.41708484502    2.27753581077    0.446977679663    1    0.0603580474854    1.0810947924    
0.382532257333    1.50149802577    0.946810755794    1    0.0625729560852    1.0810947924    
0.361399026262    0.998049027988    0.905400834982    3    0.134981870651    1.0810947924    
1.16604518215    1.745825088    0.497189540178    2    0.0898900032043    1.0810947924    
0.373492920179    1.5311076717    0.89460417609    2    0.0986588001251    1.0810947924    
1.02141206705    1.66966126023    0.49541180136    1    0.0521240234375    1.0810947924    
0.1443798131    1.17597999789    1.0341491679    1    0.0465590953827    1.0810947924    
0.0315484299768    2.4483377726    0.990023145751    6    0.283248901367    1.0810947924    
0.739103900879    2.29252634192    0.284585964239    2    0.0883269309998    1.0810947924    
0.850391723608    1.62350345157    0.317332791112    4    0.226922988892    1.0810947924    
0.655650403507    2.48652203969    0.478090820181    1    0.0556139945984    1.0810947924    
1.72120595873    2.44036669477    0.803067225286    2    0.0940840244293    1.0810947924    
1.15684616968    2.90926172947    0.961573904744    2    0.120983123779    1.0810947924    
0.113717996725    2.10907856611    0.944843566425    1    0.0477781295776    1.0810947924    
1.46920980978    1.25046150829    0.768396842967    8    0.362491846085    1.0810947924    
0.566384824684    2.55344121096    0.877854224247    1    0.0463938713074    1.0810947924    
0.347265376111    1.54176901065    0.967615924893    1    0.069375038147    1.0810947924    
0.821549041172    2.341078747    0.404438200224    1    0.0539679527283    1.0810947924    
0.656515484938    1.88772205855    0.358140093632    1    0.0538618564606    1.0810947924    
1.42411515162    1.87765929605    0.429160905397    2    0.108994007111    1.0810947924    
1.50684984397    1.56220251098    0.842689037041    2    0.110665082932    1.0810947924    
1.41882412651    2.04334668847    0.434513226541    2    0.111290931702    1.0810947924    
2.04642679469    1.97637986394    1.04701564532    2    0.109151124954    1.0810947924    
0.639905045769    1.41395693506    0.663216946895    2    0.118134975433    1.0810947924    
0.307824289198    1.64901555983    0.762817225565    1    0.067095041275    1.0810947924    
2.02382839915    1.73148696566    1.04177103303    1    0.0553867816925    1.0810947924    
0.41060808354    1.23271823218    0.757507912317    1    0.0553729534149    1.0810947924    
0.641293720162    1.29795941692    0.915127581925    2    0.113004207611    1.0810947924    
0.42533086656    2.0257672217    0.590801831642    2    0.112838029861    1.0810947924    
1.78975440748    1.75163953702    0.78905512671    3    0.131536960602    1.0810947924    
0.773409020565    2.76659418431    0.839671536933    2    0.0848460197449    1.0810947924    
1.10561133847    1.79749670816    0.609672758548    2    0.110587120056    1.0810947924    
0.934421490325    2.09916969302    0.297626579469    3    0.186455965042    1.0810947924    
0.950237267662    1.06536737633    0.960845692101    4    0.211532115936    1.0810947924    
0.93969562706    1.03251582795    0.9921187536    3    0.14485502243    1.0810947924    
1.54155218113    1.95144217745    0.547185820984    4    0.242937088013    1.0810947924    
1.60484083078    2.62223043793    0.982943942742    5    0.248489141464    1.0810947924    
0.669255228797    1.4796315239    0.544346036895    2    0.0915820598602    1.0810947924    
1.25668891214    2.63246196078    0.449272181684    2    0.0917329788208    1.0810947924    
0.579142741262    2.64564030439    0.858232755267    1    0.0462229251862    1.0810947924    
0.666935982766    2.2282029124    0.430549449226    1    0.0470290184021    1.0810947924    
1.13743090831    1.35386738903    0.681349243887    5    0.2708568573    1.0810947924    
1.95928235426    2.5715333378    1.02571991547    3    0.186600923538    1.0810947924    
0.0237854171334    1.48413694301    1.0349607815    2    0.0994479656219    1.0810947924    
0.705199728978    2.74927108075    1.06541142036    2    0.138972997665    1.0810947924    
1.42944795462    1.23880000792    0.787098652996    1    0.0561830997467    1.0810947924    
1.24771854424    3.26373968143    1.07100976711    1    0.0617699623108    1.0810947924    
1.24336030987    1.68092909714    0.338357248869    1    0.0622880458832    1.0810947924    
0.772100812194    2.4570986027    0.347396047064    1    0.0486149787903    1.0810947924    
0.58911696579    1.33934975334    0.703457442663    2    0.0994279384613    1.0810947924    
1.70628846344    2.50456914208    0.733888840694    5    0.267768859863    1.0810947924    
0.472919753481    1.14533768967    0.953560467231    2    0.0893850326538    1.0810947924    
1.39886769646    2.16194687428    0.405434633974    2    0.0894298553467    1.0810947924    
0.0276880353217    2.18046967766    0.969331523473    1    0.0471730232239    1.0810947924    
0.913677265821    2.3394810923    0.388413950142    6    0.277794122696    1.0810947924    
0.577694296722    1.01308796838    0.962998702883    1    0.0456941127777    1.0810947924    
1.39264849906    2.92702820159    0.934566552759    1    0.0338609218597    1.0810947924    
1.45870617737    2.26844867254    0.535178527606    7    0.194956064224    1.0810947924    
1.18355050898    2.96278994158    0.859579497141    1    0.0489048957825    1.0810947924    
0.386282397598    2.6886901228    0.933131930007    1    0.0590598583221    1.0810947924    
