0.00761472768066
0.00723091026353
0.00711847729863
0.00811704237938
0.0132162623691
0.00945353519788
0.00771582180957
0.0119690485507
0.00709830414947
0.00990241326462
0.00829883321389
0.0117547100451
0.0077685073582
0.00720057927561
0.00832380395403
0.00830516995224
0.0100085438886
0.00745943648686
0.00797067784916
0.0141742576496
0.00834635399593
0.00776336546758
0.0103792256066
0.0218529463655
0.00757301533133
0.0101249270468
0.0133562991185
0.00708734834096
0.00734192576718
0.010670043394
0.00872337737815
0.00715673235019
0.0074715606387
0.00877435370023
0.0287419308664
0.011743405872
0.0103130898666
0.0218355000095
0.00703693436551
0.00824263088516
0.012537218196
0.014538633236
0.00833422470026
0.00879698493413
0.0115244845462
0.00723891040399
0.0136471986825
0.00754557995392
0.00839590847056
0.0094450480354
0.0109419164124
0.00961774669134
0.00733425666699
0.00925310181252
0.00958941979957
0.00771804081771
0.00940275934783
0.00896689734307
0.00969707702793
0.0139599728163
0.014706322587
0.00949688916609
0.00703339572518
0.00768971552884
0.00721351621688
0.00725734959057
0.0133916710382
0.0120583648
0.00982474793832
0.00773670577443
0.00755895285681
0.00743054494788
0.00806703757614
0.0154062748073
0.00857039512862
0.00850883363193
0.0131415138159
0.0198781829529
0.00875211932963
0.0070922472078
0.00738845456889
0.00850941884082
0.0102255010486
0.0093950550324
0.00713010876643
0.0113683822127
0.00860899384413
0.00755934258977
0.0125756706656
0.00782334898638
0.0135985423496
0.00733168433361
0.0082322139115
0.0107708700912
0.00840378781658
0.00895515483538
0.00832473704995
0.00770676011268
0.0128479326828
0.0187078507423
