a    b    distance0    NDraws    time    dist_threshold1    
0.993877811274    2.1341226664    0.0133270799282    3    0.141201972961    0.200015957956    
0.881194824948    2.06824534632    0.138029871565    2    0.110850811005    0.200015957956    
1.14989368118    1.82177997393    0.167578363612    1    0.0590360164642    0.200015957956    
1.09432807514    1.98298145411    0.171393889501    1    0.0624539852142    0.200015957956    
0.947505532111    2.17623891751    0.115256629909    1    0.0583300590515    0.200015957956    
0.976352952386    1.75787772384    0.144191785688    5    0.282803058624    0.200015957956    
1.0473607489    1.88076502354    0.126741472296    9    0.520375967026    0.200015957956    
1.00314161665    1.94635402577    0.0373837912664    1    0.0491058826447    0.200015957956    
0.866695026623    2.0667297175    0.188181301044    3    0.15185880661    0.200015957956    
0.847379854289    2.08890544614    0.156672378495    4    0.195141077042    0.200015957956    
1.1246639771    2.16036614319    0.194384145822    1    0.0464689731598    0.200015957956    
0.930475968435    2.31600123829    0.145030049757    11    0.507583856583    0.200015957956    
0.917450002407    2.08076167089    0.185219312615    4    0.186709880829    0.200015957956    
1.06993921297    2.14829098491    0.0743268623473    1    0.0480000972748    0.200015957956    
0.842394937102    2.04528488579    0.188472478437    1    0.0543119907379    0.200015957956    
0.952754794229    2.24376819282    0.184701489427    4    0.241119861603    0.200015957956    
0.825594109288    2.15882974891    0.175043621586    3    0.193979978561    0.200015957956    
1.10129708139    1.75650919608    0.169606277842    1    0.0838921070099    0.200015957956    
0.941905090071    2.19423162245    0.13603690136    3    0.19614481926    0.200015957956    
1.08388947477    1.8554024222    0.110541860385    1    0.0650160312653    0.200015957956    
1.04851226283    1.91312842685    0.192188908384    2    0.1233689785    0.200015957956    
1.05016316068    2.08349322106    0.0616936690483    3    0.158169984818    0.200015957956    
1.0448549077    2.35618690521    0.196490847125    3    0.141027927399    0.200015957956    
1.07398294462    2.09002196973    0.104504795977    1    0.0470209121704    0.200015957956    
1.07847784596    1.93518515653    0.127816787795    1    0.0481719970703    0.200015957956    
0.96531677311    2.09629195947    0.034969282149    2    0.0953450202942    0.200015957956    
0.954359633653    2.2551733997    0.0484105716978    1    0.046345949173    0.200015957956    
0.888034999653    2.19923399112    0.173113436885    3    0.146099090576    0.200015957956    
1.10285433725    1.97160188342    0.161157015756    2    0.0956809520721    0.200015957956    
1.00969325999    2.09363422995    0.158417905925    4    0.19287610054    0.200015957956    
1.0393598995    2.06983187279    0.0638176229393    3    0.140430927277    0.200015957956    
1.0102206894    1.97140650804    0.11631306144    8    0.372447967529    0.200015957956    
0.970212235398    2.14482308605    0.119613977648    2    0.0946381092072    0.200015957956    
0.991802593374    1.78945793234    0.0924455536531    1    0.0567679405212    0.200015957956    
0.868226652044    2.03968493188    0.199786561396    1    0.057254076004    0.200015957956    
0.91647552969    1.99736459587    0.142755257218    1    0.0720739364624    0.200015957956    
1.09767202197    2.02419927612    0.106843075439    3    0.190277099609    0.200015957956    
0.99760444202    2.03160127251    0.176160133676    1    0.0608410835266    0.200015957956    
0.931313482443    2.09811896312    0.191472834259    1    0.0585370063782    0.200015957956    
0.983530869824    1.92779615765    0.0287281894715    2    0.11997795105    0.200015957956    
1.0135954954    2.11167404237    0.0590902423316    5    0.31201004982    0.200015957956    
1.16468475034    2.29454806656    0.165783467706    4    0.240942001343    0.200015957956    
0.955981122839    2.22173625653    0.0973562535876    1    0.0477559566498    0.200015957956    
0.996470713481    1.96962604238    0.0575975479337    2    0.095587015152    0.200015957956    
0.890371369594    2.13015426986    0.191968646596    1    0.0446109771729    0.200015957956    
1.03135869838    2.11354894981    0.188726695987    2    0.0930190086365    0.200015957956    
1.07823369325    1.88518990646    0.0829298107807    2    0.0931529998779    0.200015957956    
0.937026623563    2.16804917195    0.0868004413813    3    0.168930053711    0.200015957956    
0.968363162845    2.07880074539    0.0979579472565    9    0.518954992294    0.200015957956    
1.04367444696    1.94351480682    0.17267068028    5    0.288951158524    0.200015957956    
0.978433254224    1.94236204966    0.0278365555468    2    0.11524105072    0.200015957956    
1.11823875037    2.11991610439    0.194118097013    2    0.117786884308    0.200015957956    
1.07054505823    1.8254787753    0.0767059064289    5    0.281913042068    0.200015957956    
0.911728448034    2.16599670192    0.0922585438554    4    0.229779958725    0.200015957956    
0.896250642504    2.29655300808    0.174517395917    5    0.165769815445    0.200015957956    
0.960144387603    1.96014737416    0.0905389779629    8    0.339615106583    0.200015957956    
1.11348558794    2.01934339014    0.135179317082    2    0.130024909973    0.200015957956    
0.885181621915    2.02145711542    0.148771095344    2    0.11837387085    0.200015957956    
0.992232852416    1.93599551811    0.0516110434288    2    0.121810913086    0.200015957956    
1.04520048086    1.97187926852    0.107081116684    1    0.0614719390869    0.200015957956    
1.03738288812    1.82866925363    0.0993992681524    7    0.283914089203    0.200015957956    
0.933556963472    1.96420443059    0.100189513105    2    0.106662034988    0.200015957956    
0.927699225207    1.72323408175    0.164133474302    1    0.0393421649933    0.200015957956    
1.04424790316    2.22281580715    0.0458999512638    3    0.172039031982    0.200015957956    
1.12647840225    1.77178717622    0.126100704987    9    0.479687929153    0.200015957956    
0.988361522624    1.88226871383    0.0983197854221    2    0.113005876541    0.200015957956    
1.02907363561    2.3046720813    0.111119581511    1    0.0575008392334    0.200015957956    
1.14895652947    1.89872874899    0.145930500052    2    0.113425016403    0.200015957956    
1.09885450694    2.4694252955    0.182373795406    4    0.163828849792    0.200015957956    
0.974688888689    1.85293230737    0.0327224531894    1    0.0442008972168    0.200015957956    
1.09609548538    2.05659261019    0.0997077106327    5    0.169758081436    0.200015957956    
0.989371366792    1.66752279812    0.193397650982    2    0.0725078582764    0.200015957956    
1.02573922499    2.02640149298    0.0459359335117    3    0.15337896347    0.200015957956    
1.09639800115    2.53709333937    0.174243210115    2    0.0854969024658    0.200015957956    
1.08366343304    2.04118310608    0.0939964888459    2    0.0820410251617    0.200015957956    
0.918202845843    1.96391399084    0.0882213170632    1    0.0412771701813    0.200015957956    
0.894027228704    2.24721673549    0.10415465695    7    0.321940898895    0.200015957956    
1.01340320355    1.89465566142    0.0171712928886    2    0.0782339572906    0.200015957956    
0.988820561976    2.14980549795    0.0262678786475    1    0.0532960891724    0.200015957956    
0.91228687054    1.7247772654    0.158472740273    7    0.341904878616    0.200015957956    
0.995868617702    2.04976223359    0.149576796025    3    0.11651301384    0.200015957956    
0.852223870111    1.83462967219    0.175032405231    2    0.0782730579376    0.200015957956    
1.06028450375    2.13968254235    0.0641837895489    8    0.267575979233    0.200015957956    
1.08644535172    2.16217798489    0.129429580755    1    0.0256140232086    0.200015957956    
0.895578617164    2.05709156214    0.15668495253    2    0.0903351306915    0.200015957956    
0.842025796616    1.85771716304    0.172148023544    3    0.126655101776    0.200015957956    
1.03477827588    2.16725901781    0.119765132719    2    0.0793409347534    0.200015957956    
1.11078199053    1.9402192987    0.161737870204    1    0.0450320243835    0.200015957956    
0.986718322709    2.09703756804    0.0458491690596    8    0.29941701889    0.200015957956    
0.938013555381    2.25039547005    0.060022071325    2    0.0501089096069    0.200015957956    
1.06522378791    1.98214683492    0.0833236281638    1    0.025661945343    0.200015957956    
1.10205411555    2.18590249287    0.144664370165    2    0.0782849788666    0.200015957956    
1.15443895234    1.77718637685    0.171234851576    8    0.247298002243    0.200015957956    
0.911284350398    2.09412740894    0.131041058274    3    0.0761880874634    0.200015957956    
1.0390144485    2.03761923287    0.098054971229    2    0.0482280254364    0.200015957956    
1.19133438797    2.01701964625    0.195625612283    7    0.154803037643    0.200015957956    
0.891585593059    1.94560155992    0.134324841095    5    0.104877948761    0.200015957956    
0.882463154012    1.81274897395    0.176482849859    1    0.0209860801697    0.200015957956    
0.841624773137    2.15742823987    0.17457675222    4    0.161327838898    0.200015957956    
1.10469524549    1.71187498312    0.118077286886    1    0.0353109836578    0.200015957956    
