0.00907006061982
0.0116813371305
0.0121249839373
0.00914964260645
0.0134226396093
0.00905845526255
0.0101967533781
0.00951587626106
0.00843563163864
0.00817521019781
0.00939273551729
0.0148605031677
0.00856008935225
0.011055703817
0.0100222303402
0.00926433307949
0.00967923070296
0.00816910958064
0.00882818060213
0.00863909563196
0.00817621721079
0.00952562640613
0.00856579993478
0.0103031432833
0.0120152056412
0.0100497053681
0.00811661223442
0.012039399613
0.010051336413
0.00954338832304
0.00873374786622
0.00897524159693
0.0112455990809
0.00832358776444
0.014276361837
0.0107192731038
0.00905991070927
0.0100024924508
0.00816092555078
0.0137152777188
0.0100401848472
0.00928621688594
0.0138687140199
0.00966657507895
0.00802646328586
0.00931654518622
0.0101181923516
0.00817767503835
0.00868753997679
0.00964432754099
0.0103502651429
0.0139227518119
0.00982164163419
0.00803675931588
0.0113993426625
0.0159714081793
0.0089848038674
0.00804633892256
0.00808289007756
0.00819427058546
0.0085505328903
0.00879749862106
0.013299494893
0.0118718529938
0.00939549667967
0.0113072003299
0.0099649741387
0.0104805512944
0.00826936455376
0.00836687725604
0.00857266906549
0.00955549105765
0.00813242513693
0.00854799732436
0.016254508186
0.011255250302
0.00906137646374
0.008443581236
0.0107936375658
0.00803595533717
0.00882306802635
0.0120801396639
0.00847814479418
0.0151809152073
0.0106172770377
0.0125514948256
0.0094810558663
0.00895861140291
0.00821196956846
0.00805579098659
0.0146816296203
0.00992834266233
0.00849463635235
0.00985067793148
0.011735418797
0.00828675184612
0.00889802209934
0.00938836708951
0.00857219258263
0.00822519736265
