0.00832245895773
0.0123449008318
0.00962837068482
0.0109736566525
0.0129934295624
0.00835403000896
0.00860842713858
0.00910622075026
0.0111240217737
0.0085939942365
0.0110366049331
0.00831921949194
0.00881102628881
0.00947310952798
0.00879790116223
0.00905289600518
0.010399234544
0.0081797090874
0.00909703022127
0.00818368770385
0.00941773513718
0.00942857087529
0.00835356214478
0.0126161931235
0.0121446573638
0.00832222211754
0.00983727045221
0.00973605541728
0.0096210630205
0.0108478956493
0.011780443381
0.00940572027987
0.0117384483196
0.00819283932329
0.0104517735389
0.0104415361117
0.0098590407837
0.0084343148429
0.00860286860744
0.00890501850366
0.00909204752983
0.0111594004244
0.013290170634
0.011409219473
0.00900618990113
0.0079632162389
0.00978205171647
0.0086209063408
0.00869857864108
0.00885054411684
0.00918095861036
0.0132125192848
0.00831327202909
0.00904825289905
0.00893842610023
0.00980211334922
0.011927527096
0.0105054198793
0.00976564438662
0.00827725895817
0.00852197234354
0.0112950407806
0.011988504649
0.0122084519416
0.0105405866369
0.00828489031773
0.0119143609243
0.00874506785157
0.0101782800747
0.00916245019323
0.00922680525977
0.0108732851432
0.00857598834439
0.0083449537177
0.0124669574482
0.00851720364558
0.0149983582215
0.00966162520074
0.00876765944176
0.0122786577255
0.0136306835633
0.00841822284036
0.00807024795356
0.00841350107686
0.00801492046072
0.0105883355903
0.00818062321262
0.0143117009565
0.0105824385417
0.0119089793521
0.00900903943079
0.00847214681782
0.0124730642718
0.00859932358802
0.0124912503957
0.0111427720831
0.00961290189994
0.0122823041317
0.00986335952506
0.0110022082808
