0.00924226297128
0.00993010778385
0.0095783707821
0.0077971183657
0.00877961258688
0.0143880315428
0.00858571253036
0.00871280114981
0.00786680698242
0.00787320712678
0.0100610880894
0.00818994977144
0.00982843994881
0.00860882646251
0.00785039126711
0.00802068964368
0.00819106631818
0.00870803230126
0.0086309138104
0.00807201567467
0.00947162453451
0.0109444183265
0.00801661662085
0.00781724479417
0.00878279442297
0.0081259956828
0.00921263703132
0.00969572662607
0.00921945150208
0.0104984497257
0.00799453281258
0.0107637838916
0.00936062609091
0.00939188069519
0.00794614003873
0.0118601117753
0.011616989506
0.0104206989992
0.0103056925779
0.00811746664382
0.0101472594665
0.00772020163854
0.0128753737925
0.00877050887822
0.00771770435673
0.00836355492323
0.00902164140613
0.00862770255824
0.00863902472905
0.0141004173623
0.0157459788258
0.00904378206943
0.0123225898252
0.0139363104158
0.0090945652634
0.0087849966744
0.00783216155671
0.00871621266738
0.00861402591179
0.00799724341279
0.00970988694736
0.0103718497345
0.0101252845834
0.0104236588932
0.00904358912668
0.00822276015795
0.00923941312847
0.00867091166191
0.00818715853526
0.00929859481534
0.0244776547858
0.00838304065018
0.00803697969362
0.00807601414125
0.0083554591297
0.00772519443073
0.00807293528947
0.00990203118473
0.0091082779631
0.00908674165901
0.0118345081576
0.0101636527045
0.01497917693
0.00852034184564
0.0100674955849
0.0076940195938
0.00845430479606
0.0106956205972
0.0150808563024
0.0115287632642
0.00851423031388
0.00785437905396
0.0121944629407
0.0412327773413
0.0123636433375
0.0117004015764
0.00807170052727
0.00951240658065
0.0107511127036
0.00771912619509
