0.0104844054649
0.00888638235647
0.00817944049668
0.0133076640865
0.0107828483284
0.00946844488206
0.00778741502297
0.0106381365907
0.00959432082623
0.00749510013457
0.00783572436327
0.00752168945762
0.00857525257658
0.00776150833643
0.0105463291584
0.00749345040268
0.00777483454717
0.00836055249427
0.00990433370631
0.00975019599093
0.00760845150644
0.0114488130908
0.00943801068581
0.0128125087376
0.0146058020243
0.0115560788747
0.00747065334744
0.00892927736103
0.00901467201539
0.00825656699279
0.00943919988087
0.00762695849257
0.0136195014126
0.00908391454445
0.0113530717074
0.00879228070949
0.0118667942757
0.0102849128986
0.00750891352607
0.013714489418
0.00904576524193
0.00751378382968
0.00767948671568
0.00829505547927
0.00894482618022
0.00998278370846
0.00819221585238
0.00876321611954
0.00846626549775
0.00883743307939
0.00836037797261
0.0108879785292
0.010224352083
0.0117946171736
0.0143534142941
0.0165628736556
0.00808246831318
0.00841364169076
0.00836936849135
0.011101624089
0.0086469386587
0.00874581422495
0.00899354765922
0.0106280967965
0.00816810867995
0.0138742711118
0.0075171807407
0.0108949893651
0.00826174829206
0.0149284365499
0.0199089274929
0.0094984323034
0.0202381994563
0.0140424903687
0.0110715823236
0.00994442740479
0.0161771329529
0.00862209491189
0.00811371879688
0.0104924428406
0.00806547472153
0.010228166647
0.0083511725923
0.00925320306856
0.0076982475064
0.0106873043722
0.0112550899315
0.0106345762502
0.00830422393084
0.00809332219955
0.012187704824
0.00987510284516
0.00786270969115
0.00864389425035
0.00890908680282
0.00852522380615
0.0107902822171
0.00835510278104
0.00938626638661
0.0136748155229
