0.00757071526857
0.00913061355117
0.00710143826574
0.00774440400379
0.0168355820268
0.0110099206092
0.00947637521953
0.0072111732597
0.00725169687278
0.0180873230526
0.00715596450868
0.00923382939844
0.00721122743513
0.00918958044909
0.00801686248648
0.0105345840712
0.0140710251075
0.00764242823414
0.0156904762458
0.00948716950558
0.011674173776
0.0086772373941
0.00873570006018
0.00736720393506
0.013961486499
0.00727358211916
0.00793555422128
0.00715617109887
0.0187647353225
0.0103238387294
0.00900933357686
0.00820961089567
0.0116411573924
0.0124590704989
0.00901068950014
0.0114008022241
0.00837439689809
0.0109918148424
0.00913387880322
0.0100393475425
0.00821416182833
0.00724938012071
0.00838579669069
0.00776715368851
0.010644188697
0.009007937416
0.0161164775902
0.00871786286408
0.0101886208775
0.00748645045951
0.00992910415866
0.0144074871204
0.00813125141831
0.00749251854021
0.00810599489221
0.00719532746351
0.0108550879022
0.00783042095746
0.0075495095845
0.0106988588374
0.00818098477067
0.00847423180059
0.00913747835868
0.0130346174374
0.00768920950524
0.00955966310033
0.0110120601254
0.0130115801444
0.00801733988506
0.010638412576
0.010993200083
0.00947691183895
0.00788184508167
0.00752666166291
0.00902787002894
0.00997199659859
0.00986702617795
0.0188064292415
0.0124788429088
0.0149768248375
0.0105760665902
0.0104081856294
0.00872614157502
0.0161094884282
0.0124703302639
0.0119813225348
0.00975321234965
0.00885936889613
0.00761443489068
0.0127578743252
0.0113565705177
0.0123144548076
0.010124337351
0.00740832742465
0.00773300013502
0.0116115594774
0.00965773266202
0.00762545209564
0.00747665602413
0.00790653184884
