a    b    distance0    NDraws    time    dist_threshold1    
0.965642186105    2.07053691074    0.0853362448054    10    0.571722984314    0.103599302352    
1.01962491335    1.94547815586    0.0251579465837    2    0.108317136765    0.103599302352    
1.02684338053    1.9002550802    0.0963788660721    8    0.390511035919    0.103599302352    
0.957242318866    2.07084159022    0.0562626627371    10    0.493498086929    0.103599302352    
0.931139499548    2.03231477415    0.0811460837086    7    0.22877907753    0.103599302352    
0.955775966989    2.05089084546    0.0438750530997    7    0.294682025909    0.103599302352    
1.0355958484    1.86529882943    0.0325759100785    1    0.0573890209198    0.103599302352    
1.03713425617    2.01668723723    0.0731327589638    9    0.460498094559    0.103599302352    
0.936246446253    1.96010736135    0.0755277211527    7    0.339406013489    0.103599302352    
0.992745714531    1.72837788126    0.022445768887    8    0.411688089371    0.103599302352    
1.06272404163    1.78894721243    0.0753874605544    10    0.438383817673    0.103599302352    
0.991759834907    2.05803172722    0.0127293069843    2    0.0796790122986    0.103599302352    
0.945385806906    2.11287997505    0.0575353410425    4    0.233427047729    0.103599302352    
1.0491828317    2.12735996584    0.0814032861777    7    0.377711057663    0.103599302352    
1.0929877902    1.71716999084    0.089490932856    2    0.116809844971    0.103599302352    
1.00364549398    1.93288740864    0.035465815488    2    0.118762969971    0.103599302352    
1.02148790298    1.90403398169    0.0199866244911    1    0.0607631206512    0.103599302352    
0.916856098725    2.05841693538    0.0964521804177    1    0.0595350265503    0.103599302352    
0.928808460693    2.05864082291    0.0986401330654    14    0.883231878281    0.103599302352    
0.982893167185    2.07651684922    0.0203136712111    11    0.481359958649    0.103599302352    
1.0113960178    2.1989386294    0.0912008861881    1    0.0415320396423    0.103599302352    
1.08351618961    2.0356894831    0.0843426827974    4    0.291944980621    0.103599302352    
1.01409038937    2.03426254783    0.0428129217362    7    0.427232027054    0.103599302352    
0.989083111911    1.98279015732    0.100104381195    14    0.786430835724    0.103599302352    
0.952709161588    2.16191614711    0.0542951990829    7    0.27934885025    0.103599302352    
1.05045846302    2.03201017842    0.0454983489745    9    0.407155990601    0.103599302352    
0.992936232087    2.02765945539    0.0883572057469    11    0.51155591011    0.103599302352    
1.08461907653    1.85228963197    0.0983193460654    3    0.0792081356049    0.103599302352    
0.956411478496    1.80163774947    0.0598615583246    8    0.382609844208    0.103599302352    
0.977324187484    1.67841844114    0.0514422784845    2    0.11152100563    0.103599302352    
0.958947994929    2.13356547361    0.0405840622586    5    0.288197994232    0.103599302352    
1.06665263115    1.94538384325    0.0656267586298    5    0.279190063477    0.103599302352    
0.937005085212    2.05392143306    0.0684688483875    9    0.267648935318    0.103599302352    
0.96008771092    2.09523444765    0.0493228778795    2    0.0582010746002    0.103599302352    
0.965064445119    2.15334051244    0.074643686068    4    0.11659693718    0.103599302352    
1.05084687298    2.01425720686    0.0475905592584    6    0.282789945602    0.103599302352    
1.02321953173    2.14533024257    0.0333549305487    5    0.211962938309    0.103599302352    
0.934844248346    1.9339294367    0.0797488232844    2    0.0811638832092    0.103599302352    
1.05273895041    1.80090475507    0.0525375404064    6    0.158834934235    0.103599302352    
1.01697121908    2.17859183392    0.023955491569    4    0.110137939453    0.103599302352    
1.0368020872    2.02340017823    0.0385335457686    2    0.058012008667    0.103599302352    
0.965727914736    2.17767715805    0.0583672138733    2    0.0579168796539    0.103599302352    
0.96600040735    1.68113403835    0.0298181136666    6    0.268263816833    0.103599302352    
0.939666113696    2.04330472453    0.0981605743096    13    0.630315065384    0.103599302352    
0.97508020464    2.17183770391    0.03602149404    8    0.462264060974    0.103599302352    
1.04942802775    1.75642943323    0.0518524048559    2    0.113033056259    0.103599302352    
1.10213660923    1.86943166895    0.100572549516    5    0.284882068634    0.103599302352    
0.938855086369    1.82713990225    0.0833942669835    3    0.175070047379    0.103599302352    
1.00108035895    1.89774252653    0.103416768885    7    0.416371822357    0.103599302352    
0.920953665608    1.76316351714    0.0821273609142    3    0.106286048889    0.103599302352    
0.976429487279    2.06296340994    0.0363465739981    5    0.266632080078    0.103599302352    
0.966588319484    1.98712380803    0.0477682044352    7    0.267405986786    0.103599302352    
1.08443028442    2.17068597819    0.0885009674577    5    0.214332818985    0.103599302352    
0.977179515182    1.93780628534    0.0294478144877    16    0.643494129181    0.103599302352    
1.01981326847    1.8415494188    0.0316410789477    2    0.096755027771    0.103599302352    
1.03278200136    1.98493793514    0.0742560294253    3    0.14274096489    0.103599302352    
0.938946967768    2.03030441163    0.0947940823672    6    0.196453094482    0.103599302352    
1.00904766888    2.02914883078    0.0900488891134    3    0.127593994141    0.103599302352    
1.00932801282    1.97296870172    0.0226937741716    3    0.0859889984131    0.103599302352    
1.06284748657    2.06107682794    0.0716577512906    10    0.473009109497    0.103599302352    
0.937397683178    2.00787827176    0.100701948593    4    0.232141971588    0.103599302352    
1.03297362807    1.84146572824    0.0979414578135    3    0.176503896713    0.103599302352    
0.930795530012    1.87262235358    0.0843367671092    7    0.40762090683    0.103599302352    
1.02331249048    1.79979135024    0.0656617287346    1    0.0286149978638    0.103599302352    
1.03981146226    2.30248867748    0.0980833256112    2    0.055300951004    0.103599302352    
1.02407204301    2.17008734614    0.0325841064265    4    0.113714933395    0.103599302352    
1.08230074464    2.14721361629    0.100330773425    2    0.0613548755646    0.103599302352    
1.03577466291    1.99568082945    0.0396061959681    2    0.0591177940369    0.103599302352    
0.9789447424    2.09404894957    0.0270507000602    1    0.0323839187622    0.103599302352    
1.05692189878    1.85555334677    0.0680415508944    25    1.04697799683    0.103599302352    
0.983144127154    2.15471300002    0.0254598341772    3    0.138741970062    0.103599302352    
1.07678863716    1.9404203455    0.0838892160731    4    0.191451072693    0.103599302352    
1.02027274421    1.88222987219    0.0612779727025    3    0.141613006592    0.103599302352    
0.99641527146    1.95587474241    0.0645057046049    1    0.0514919757843    0.103599302352    
0.934801795438    1.91845113504    0.0669777877495    9    0.409404993057    0.103599302352    
1.03972626545    1.95395408336    0.0478780135581    4    0.191816091537    0.103599302352    
0.932579107382    2.00538453615    0.0847897879138    2    0.0999798774719    0.103599302352    
0.974979555041    2.10259708441    0.0873200509118    2    0.103657007217    0.103599302352    
1.04857107843    2.09882567473    0.102498321124    11    0.555897951126    0.103599302352    
1.01082309496    1.91873112926    0.0944178625406    8    0.363656997681    0.103599302352    
1.02634007503    2.15300428011    0.0310785316629    4    0.200845003128    0.103599302352    
1.01645397026    2.01311362859    0.0727656635846    7    0.389414072037    0.103599302352    
1.00439817925    2.03941355519    0.0699463071743    1    0.0495550632477    0.103599302352    
0.967957473859    1.94247788171    0.0398451720246    7    0.328847169876    0.103599302352    
0.979631613032    1.83766067925    0.0901272119055    3    0.177337884903    0.103599302352    
0.927021896261    2.0592090396    0.0832190297433    1    0.0573489665985    0.103599302352    
0.947278216123    1.73101469059    0.0836594036105    19    1.13084197044    0.103599302352    
1.05384632001    1.96096830899    0.0731380941517    18    0.964370012283    0.103599302352    
1.01132627122    1.9544060413    0.0347203322461    2    0.0580818653107    0.103599302352    
0.944423744989    2.14558864434    0.0697934919967    4    0.164014101028    0.103599302352    
1.02409822798    1.75958684487    0.0426369680326    1    0.0280179977417    0.103599302352    
0.998115692798    2.08954072536    0.0770916524934    17    0.989546775818    0.103599302352    
1.09081605762    1.94070741553    0.0952650952427    6    0.353963851929    0.103599302352    
1.06234860533    1.74820492588    0.0651236034393    5    0.369112014771    0.103599302352    
0.983583777453    2.29473209846    0.0520217166395    1    0.0601100921631    0.103599302352    
0.952560772367    2.00664400556    0.0934795492232    7    0.31615114212    0.103599302352    
0.99698179618    1.88312592834    0.074114475557    2    0.0564830303192    0.103599302352    
1.00128387337    1.93926705286    0.0184132370383    4    0.149707078934    0.103599302352    
1.01186315157    2.00611560944    0.0643911972589    17    0.871829986572    0.103599302352    
0.935919574206    2.04621359047    0.0912174846185    1    0.0482618808746    0.103599302352    
