0.00689879135817
0.00749157141975
0.0172293110695
0.007435260872
0.0064182896511
0.00621878167582
0.00656513862258
0.00636178642154
0.0141238726779
0.0149690363364
0.00826832042065
0.00844703865372
0.0504148145731
0.00766579904647
0.00888078103446
0.00671082116279
0.0210394955164
0.0122565667962
0.0116713573616
0.00706032837522
0.0133383556955
0.0261271071185
0.00671012606075
0.00722513485968
0.00784147307112
0.00642082499581
0.0103102213774
0.0101036627211
0.0106489310035
0.0154557931503
0.00812700694468
0.0122679287868
0.00686810778751
0.0118197481616
0.00635933081987
0.0100856593506
0.00711499922963
0.00766706283417
0.0091227347676
0.0250395647966
0.00764626164301
0.00666228001941
0.00657332324137
0.00979886449323
0.00882319642038
0.00644908346339
0.00648885222171
0.00631439692456
0.00713540722079
0.0152571872904
0.00767106649761
0.0160311352118
0.00696952294686
0.00762414247109
0.00747668399047
0.0105467282392
0.0124188479211
0.0149352640635
0.00716923929597
0.0070687971901
0.0143271052265
0.00756456236775
0.00828920513898
0.00864010696156
0.00675607574032
0.00643766217339
0.0153450544556
0.00896829467833
0.00794470630363
0.00953832329332
0.00806793768524
0.00676143780507
0.00722314393952
0.0157560101328
0.00757272487335
0.0155092342224
0.00705385651125
0.0087835033705
0.0071733449004
0.00620889121236
0.0107281941075
0.00659309995416
0.00624728950204
0.00769660445478
0.0126554547062
0.00845851544105
0.0276852268559
0.00836190457895
0.00751067200515
0.00681414203085
0.00825457699388
0.00620401814388
0.00681096331158
0.0080287822248
0.0126826452763
0.00810605886892
0.00802381991408
0.00718124113158
0.00777656390631
0.00641782825574
