0.00808586189825
0.00875456978548
0.00981911450566
0.0123195854348
0.00857247602657
0.00780337925688
0.00928976095424
0.0111410037876
0.0126700951554
0.00779612025816
0.0108082394292
0.0105895415449
0.00896302995835
0.00755791582934
0.0103604531408
0.0102182918707
0.0114038429122
0.00820684619365
0.00750436261986
0.00878247896064
0.00733884288848
0.00770433461819
0.00808023016644
0.0075591395856
0.00898636848692
0.0083445952134
0.024267211385
0.00805414177396
0.0124278109129
0.00972734918286
0.00761901049033
0.0117962721189
0.00859265135171
0.0107092995326
0.0145747956796
0.0106763236293
0.0124316826207
0.00947689813648
0.00885310719219
0.0135134160977
0.012404723294
0.0197366445134
0.0170441206286
0.0120946986566
0.00725922842643
0.00993459587421
0.00890866735659
0.00796544749458
0.00833661786337
0.00879716811724
0.00960274105388
0.00825708626009
0.00731907478769
0.00784411494124
0.00752636115529
0.00988990358475
0.0081131607088
0.0104522960635
0.00802233392053
0.0140209926951
0.00838895877706
0.0117283871397
0.00751384141794
0.0105844555475
0.00903399941974
0.00851952520985
0.00929173043226
0.00826316779
0.0111933287623
0.00805953066663
0.00880487405152
0.00826075989894
0.00990862339906
0.00914148541869
0.008248349423
0.00758164429939
0.0159491965003
0.0230680456933
0.0146456284226
0.0104675039317
0.0101150219064
0.00727350404562
0.00856492802982
0.0107420825893
0.00866601001217
0.0101950396212
0.01067157025
0.00757831504945
0.00974560976655
0.0107557034441
0.00808772578552
0.00912234884316
0.010325075298
0.00808991102288
0.012385183459
0.00790967117304
0.0112427366323
0.00724000788762
0.00872198661256
0.00900410438824
