a    b    distance0    NDraws    time    dist_threshold1    
0.902787399079    2.13721128545    0.106714405042    6    0.33339214325    0.271919696522    
0.949079571273    2.18800633132    0.0835752883429    2    0.0947530269623    0.271919696522    
0.808558492026    1.87019563135    0.223980280404    3    0.132432937622    0.271919696522    
0.98853894855    2.19480019922    0.172147150931    2    0.0689380168915    0.271919696522    
0.762606769124    1.8043829355    0.248207048588    4    0.17408490181    0.271919696522    
1.19404230229    2.13959619337    0.192844019555    3    0.151861190796    0.271919696522    
0.746851126244    1.91858829433    0.270902787818    1    0.06880402565    0.271919696522    
0.917661654645    2.29394546369    0.211837560208    5    0.284650087357    0.271919696522    
0.808658625037    2.17508063334    0.229778557726    1    0.0543220043182    0.271919696522    
0.882465785709    2.10552321272    0.172935277117    4    0.158176898956    0.271919696522    
0.862269520949    1.69508364823    0.174788238114    1    0.03630900383    0.271919696522    
1.07651721347    1.66007763932    0.146103684761    2    0.0714728832245    0.271919696522    
0.855193770883    1.50532409231    0.269694847585    1    0.0446450710297    0.271919696522    
0.858269770218    2.29751598904    0.214765020427    1    0.0673198699951    0.271919696522    
0.88253129133    2.10166051213    0.236917501822    2    0.131124019623    0.271919696522    
0.982193315947    1.64580169301    0.259310544726    2    0.111665010452    0.271919696522    
1.0400160695    1.81134256218    0.0894033910839    3    0.111559152603    0.271919696522    
1.21536492439    1.89843507441    0.252456549695    3    0.105931997299    0.271919696522    
0.977452089086    2.00825597285    0.0209322456404    3    0.170971870422    0.271919696522    
1.01664492408    1.81870991151    0.204579454799    4    0.193567037582    0.271919696522    
0.860478594028    1.95251697801    0.200528336308    4    0.26310300827    0.271919696522    
1.19132681908    2.03939643343    0.232514958847    1    0.069983959198    0.271919696522    
0.986664839042    1.83876077484    0.228185389529    3    0.211713075638    0.271919696522    
0.93414497839    1.92280986076    0.173000220059    5    0.341537952423    0.271919696522    
1.04402932328    2.0187170452    0.0451206091461    5    0.339964866638    0.271919696522    
0.894177963238    2.04011893088    0.140872415544    5    0.238569021225    0.271919696522    
0.841578697279    2.40843558568    0.203910966491    5    0.192653894424    0.271919696522    
0.916310926546    1.81447907722    0.137688412385    1    0.0437519550323    0.271919696522    
0.773309543341    2.03166743536    0.231381713508    1    0.0670940876007    0.271919696522    
1.15881873664    1.83370403567    0.160049347833    4    0.258813142776    0.271919696522    
0.763447989534    1.98247745218    0.242211664261    4    0.232908010483    0.271919696522    
0.967870593803    2.14563663368    0.045263722988    5    0.278611898422    0.271919696522    
0.931747662373    1.74907180851    0.164945619252    1    0.034688949585    0.271919696522    
0.902219286674    2.18860344424    0.261226814138    3    0.131140947342    0.271919696522    
0.786161145661    1.9557530165    0.222118670604    1    0.0524971485138    0.271919696522    
1.01784857683    2.09299539582    0.0352758018695    4    0.195665836334    0.271919696522    
1.09175596044    2.20039317342    0.214338134072    7    0.302006959915    0.271919696522    
1.06899662818    2.01060196942    0.0849217646106    1    0.0402228832245    0.271919696522    
0.858566410009    1.74899818012    0.169261651667    4    0.205085992813    0.271919696522    
1.04622743622    2.129536206    0.169521253098    1    0.0591180324554    0.271919696522    
0.971633268908    1.8451060993    0.150148791123    1    0.0923528671265    0.271919696522    
0.829266013818    1.66135306626    0.1673407569    4    0.262254953384    0.271919696522    
1.11224771278    1.70726963304    0.167636101134    3    0.20155620575    0.271919696522    
1.11984837434    1.81309160509    0.166906323846    8    0.566953897476    0.271919696522    
0.858899649678    1.68833017589    0.190347664767    3    0.24135518074    0.271919696522    
1.14043783127    1.7198501275    0.239316608142    2    0.143886089325    0.271919696522    
0.927530900346    1.9233861354    0.23567006469    5    0.349341869354    0.271919696522    
1.09523408805    2.22528325078    0.157073962828    2    0.145318984985    0.271919696522    
1.14401274947    2.11405443121    0.154368286544    2    0.128839969635    0.271919696522    
0.794851967477    2.06408951079    0.270518888525    1    0.0430428981781    0.271919696522    
1.0624412184    1.8090838093    0.0604540427858    1    0.042751789093    0.271919696522    
0.967058817073    1.78821915824    0.114692361882    1    0.0363829135895    0.271919696522    
1.16713147768    1.55243311082    0.235751490407    5    0.201977968216    0.271919696522    
0.867387113671    1.90136049357    0.134103340149    4    0.225010871887    0.271919696522    
0.881134651981    1.90302606824    0.163320064949    5    0.287564992905    0.271919696522    
0.863477808348    1.90219161618    0.149401962044    3    0.153052091599    0.271919696522    
1.0560253385    1.87131199303    0.0694784226763    4    0.220008134842    0.271919696522    
0.941269252046    2.24616546369    0.111584622876    6    0.319247961044    0.271919696522    
0.847159707442    1.68542589246    0.240902290073    2    0.105147123337    0.271919696522    
0.896591456387    1.94590575849    0.124049777839    2    0.102676868439    0.271919696522    
1.21526769706    2.06329640163    0.223269042058    5    0.253832817078    0.271919696522    
0.947421445111    1.98736122667    0.221036119457    8    0.41253900528    0.271919696522    
0.96257867916    2.27952440713    0.04504303796    3    0.154559850693    0.271919696522    
1.08181930363    2.15010353966    0.0920242070419    4    0.280621051788    0.271919696522    
0.868528391475    2.00058900536    0.190759912977    2    0.124161958694    0.271919696522    
0.948291516368    2.15715554564    0.136516722641    7    0.45308804512    0.271919696522    
1.00585865395    1.95962462229    0.0845968937411    1    0.0649609565735    0.271919696522    
0.8797955787    2.41155241017    0.126716533442    3    0.188827037811    0.271919696522    
1.15056922822    1.87055648755    0.203767158673    5    0.31566119194    0.271919696522    
1.1346263577    1.98273997924    0.14037818026    1    0.0573410987854    0.271919696522    
1.22600107172    2.02618709216    0.255632096449    1    0.0501160621643    0.271919696522    
1.05119717408    2.22178672791    0.178427456951    6    0.304001092911    0.271919696522    
1.24661690521    1.99375715259    0.251801560615    2    0.100596904755    0.271919696522    
1.06215421857    1.73279598788    0.071275204231    1    0.0508399009705    0.271919696522    
0.976480512726    2.17863128945    0.198352761631    1    0.054790019989    0.271919696522    
0.942266459412    2.00601677926    0.185792665372    2    0.103234052658    0.271919696522    
0.919164466943    1.98484020897    0.160769197777    1    0.0538148880005    0.271919696522    
1.09741235863    1.89927636211    0.145092201411    2    0.128071069717    0.271919696522    
1.12511035994    2.01552386838    0.128752185556    3    0.195326089859    0.271919696522    
1.01974175989    2.05457231063    0.0251365426278    1    0.064199924469    0.271919696522    
0.948943232785    2.01883832732    0.16583072521    2    0.125986099243    0.271919696522    
0.79289802183    2.09989524879    0.26311370337    1    0.065309047699    0.271919696522    
1.01199007541    1.75270330304    0.19686063385    2    0.129237890244    0.271919696522    
0.843565016244    1.82500664089    0.229091302672    5    0.277568817139    0.271919696522    
1.0899538105    1.84011202945    0.16825974905    7    0.351068973541    0.271919696522    
1.12875281751    1.90223393856    0.158695861943    2    0.101912975311    0.271919696522    
1.20146002835    1.68269935483    0.26578521795    5    0.255353927612    0.271919696522    
1.01413979448    1.62481043299    0.243551287697    6    0.254719018936    0.271919696522    
0.924309747383    2.25565342619    0.10095159249    8    0.240227222443    0.271919696522    
0.939612423562    1.96076029746    0.159179195445    1    0.0304419994354    0.271919696522    
1.17800045414    1.71479742725    0.232810905973    2    0.0564901828766    0.271919696522    
0.967308574615    1.84220430159    0.185496250546    1    0.0503509044647    0.271919696522    
0.902520718746    2.00467788211    0.12451783852    2    0.10137796402    0.271919696522    
1.20625733311    2.12257247459    0.210303292858    1    0.0521430969238    0.271919696522    
1.12808590684    1.93740735822    0.131935921788    9    0.457094192505    0.271919696522    
1.19086127629    1.87640096176    0.202566733322    2    0.0957849025726    0.271919696522    
0.755248812343    1.82178178439    0.249126293419    2    0.0915129184723    0.271919696522    
0.949065139687    2.22708747075    0.137637817651    1    0.0493450164795    0.271919696522    
0.871564922175    1.92372111762    0.224131684233    1    0.054680109024    0.271919696522    
1.21399606805    2.23127046164    0.250148403406    5    0.264736175537    0.271919696522    
