0.00693412612644
0.00724227776191
0.0277168002631
0.0159303779563
0.00763321027859
0.0151570622764
0.00846146181407
0.00829367378775
0.00703400627249
0.00787222925138
0.00827093247019
0.00819607305517
0.0113846239366
0.00900702062604
0.00847811212128
0.00759768221881
0.0090267626564
0.0108119308128
0.00916645941035
0.0206378346837
0.00756206127312
0.00895499350664
0.0135107269812
0.00683345189994
0.0104702016915
0.008625149869
0.0068329173177
0.00737410245682
0.00795755919351
0.0120574386788
0.0085017820581
0.00932296430706
0.00857327881513
0.00992460621522
0.00735062605797
0.0091195619215
0.00959451013907
0.0129895496111
0.0104063385926
0.0073201726735
0.00684016137045
0.0158752216724
0.00795862932888
0.00773906890255
0.0101534883791
0.00694150829544
0.00685464314715
0.00963920985946
0.0106784719454
0.00965526997021
0.00727021681266
0.00869388815117
0.00729813120208
0.011849500602
0.0115581759757
0.00906324445622
0.00709322526561
0.00683444422694
0.00909020153752
0.0081093406043
0.0193511485537
0.00696731321686
0.00707788818162
0.00928270082979
0.00926654261274
0.0092688133947
0.00694145474514
0.0126447296071
0.00993882517958
0.0139528440049
0.0135740948946
0.0105295821967
0.0104828722488
0.0082963376578
0.0111001405091
0.008901608689
0.00800909551934
0.00800967456746
0.0112618811168
0.00722656026022
0.00828494732182
0.0116342558256
0.00738277909652
0.0110019155179
0.0129489812172
0.0121224876507
0.00985753980915
0.00736828428891
0.00727098834981
0.00941449443257
0.0226972489883
0.0101751553808
0.0124948343547
0.015200925191
0.00695614164458
0.0094480646848
0.00834676403771
0.0171799818753
0.0125950820194
0.00820432758309
