0.00933208712271
0.00911304792523
0.00949781300984
0.00934120412121
0.0077269588353
0.00933395348943
0.0116697295731
0.00985531746461
0.00735941156332
0.00958651944387
0.00937521220857
0.00894721909545
0.00945213448362
0.00800961773595
0.0105481653235
0.00732498021814
0.0109390132702
0.00948562874958
0.0113175427822
0.00806712394865
0.00839143076427
0.0152726003936
0.0104091405576
0.0131117787127
0.0135092043848
0.0105493970597
0.0123692871712
0.00866213217992
0.0117466214051
0.00770807438652
0.0123055474027
0.00854783211986
0.00853255432813
0.0127113542475
0.00869984555325
0.0145985943069
0.00735014244265
0.00895432085609
0.00965699898776
0.00848089121817
0.00823782022167
0.00742653776613
0.0083321575385
0.0177347245096
0.0092638635465
0.00730130300019
0.00827354263531
0.0232164069121
0.0188415682376
0.0112657982304
0.00827236022604
0.00827970112652
0.0105646374094
0.00816088159086
0.00869106504568
0.00750083194062
0.0124218258893
0.011682100574
0.0104302190135
0.0135373826219
0.0100375991408
0.0075901981457
0.0172665551971
0.0106892371706
0.00740365047467
0.00828747038866
0.0117303376601
0.0074884887507
0.0132248716418
0.0160681883498
0.00918360637675
0.00736036422359
0.0101464113583
0.00843562982458
0.00970503851661
0.00945035902376
0.00979419302688
0.00843124845031
0.00837128105889
0.0101576973945
0.0073970776002
0.00882534197753
0.00806192408402
0.00754010912826
0.00833418831005
0.0121131932538
0.00772259225075
0.00747596980719
0.00961205122791
0.0081654891787
0.00911040914455
0.00759811898242
0.00744072318866
0.0091747720528
0.00804059287762
0.00911498081116
0.0110922490544
0.0149689134498
0.00799497520899
0.0121087453586
