0.00687434883085
0.0103680792779
0.00685849411784
0.0091614450463
0.0440448698362
0.010726966834
0.00764928049703
0.0130300631961
0.00683359783041
0.00926893477468
0.0132852586934
0.00778846310021
0.0115653005818
0.00682739566543
0.0124193062189
0.0122342008939
0.0127523374062
0.00753654804944
0.00900688091837
0.0135763892906
0.00726788566594
0.00799882365527
0.0069778508709
0.00760530417978
0.00799398270927
0.00919275263859
0.0108120568975
0.00714371552242
0.0256366386283
0.00899910987527
0.00948958511708
0.00972512972656
0.00720582924716
0.0153452322772
0.00858914430943
0.00712705678654
0.00799668076176
0.00866175127251
0.00914013371158
0.00991688316247
0.0128740242447
0.0080612368721
0.0129544688393
0.00733289576462
0.00849265995793
0.0102054079997
0.00742049046895
0.0095712635917
0.00682325190147
0.01252284869
0.0102350758726
0.00825058851776
0.0115562366244
0.00852312307773
0.0068820725816
0.0173438075952
0.00981998831231
0.0106503054917
0.00686999449472
0.00987739418005
0.0160400989715
0.0147169373748
0.0114925189069
0.00692838800181
0.0164889501378
0.0082780316751
0.007052098434
0.00798923465728
0.00687965165845
0.0100193909682
0.00778933350918
0.00740119055421
0.00852920001591
0.0125249405101
0.0106928287566
0.0111514527778
0.0103268203677
0.00870690429155
0.0118021989704
0.0078808782983
0.0108261987068
0.0133851218271
0.00703700198996
0.00690923019381
0.00731370119016
0.00757429175815
0.00992744240811
0.00762016481736
0.00935431944894
0.00871919820443
0.00940656194199
0.00832088149278
0.0124039104685
0.00872454121235
0.00684713146946
0.0111663576126
0.00761700708684
0.00839593101156
0.00750698065896
0.00735213450907
