0.00737532147428
0.00805419477076
0.00712817853846
0.0147464250752
0.018341105474
0.00810696607004
0.0097619089843
0.00712770917888
0.00880510957705
0.00661506671943
0.00849970818513
0.00732510508794
0.00669190124719
0.00694882197987
0.0245259874442
0.00848591297738
0.00903675333284
0.00764241309085
0.00694442489444
0.00832857006808
0.00705102493354
0.00690483438546
0.00725238500381
0.00906929402474
0.0113286063518
0.0190693736361
0.00964901511543
0.00856505348131
0.00658531499146
0.00797385499473
0.00980144221087
0.00790220109878
0.00669741180743
0.00830120483998
0.00734864613277
0.0114549961441
0.0110525703795
0.00754856876779
0.00937665011678
0.00713574397233
0.00808516219729
0.00800817670054
0.00833196158112
0.00783518026551
0.00895085214665
0.0126734502319
0.0193117899663
0.0229513486894
0.00723911853377
0.00752041181406
0.0112370390261
0.00962432639784
0.00796260343332
0.00684555163118
0.0156971208806
0.00699909511182
0.00922493794719
0.00726412636061
0.00663312819812
0.0464037499295
0.0078525944262
0.00710177858333
0.0083965904498
0.00659618192956
0.00660857485846
0.0101387044287
0.0138190854723
0.00785302688743
0.00930882482353
0.00945249662579
0.00840106931582
0.0113129287799
0.00798671562625
0.00827239005282
0.00874651131747
0.00668311023988
0.0129276330095
0.00888004013192
0.00798226556498
0.00675028441168
0.00864149174612
0.00699976110312
0.00791285956426
0.014215664991
0.00937355901108
0.00751619582556
0.00751620402555
0.00738180867219
0.0104646135165
0.00776158597277
0.0140670840661
0.00786025773918
0.0149633604158
0.014428223958
0.00719089028667
0.0122033953933
0.0264510410219
0.012846721566
0.00898028809288
0.00879527849503
