0.00877238519816
0.00920787346032
0.0258965731569
0.00725505493213
0.016888132675
0.00717837625069
0.0080837687012
0.00895098988499
0.00787924140459
0.0106984059282
0.0102237226872
0.0096940341753
0.0322113240997
0.00845895646206
0.00793007643582
0.0126528654306
0.00814814000167
0.011486282699
0.0160830050194
0.00800542592049
0.0114078586073
0.00736450263154
0.00786511782103
0.00906281453721
0.00906943936138
0.0112274298378
0.0133783748484
0.0109544180837
0.0126050579248
0.010746755015
0.0112654733033
0.0076477425265
0.0069216709577
0.0109311980417
0.00728586216059
0.0118420869565
0.00861271721896
0.00777533938083
0.00768263862387
0.0134642874279
0.0114266706952
0.00733472557729
0.00837968473031
0.00811688383445
0.0121265749711
0.0139447843055
0.00812764381344
0.00694235558475
0.0145349687832
0.00724016177044
0.00960094763878
0.00802281846882
0.00831543085295
0.0131075113706
0.0168701870043
0.00847392619041
0.0129259087363
0.0133848179118
0.00716481281694
0.0129898426762
0.00757529885112
0.0119165070459
0.00909515270636
0.00762367979057
0.00759116309098
0.00810824899431
0.0087836202245
0.0140765043881
0.00852423586621
0.011992150852
0.0100386137675
0.00918409598885
0.0100765025859
0.00853485835835
0.00821049133994
0.00693589405973
0.00851128536074
0.00688400542769
0.00770029853586
0.00720248151603
0.010202257223
0.00965855171985
0.00892902117253
0.00804589245176
0.0086569599218
0.00807730349473
0.00689719163787
0.0120997127853
0.00932208321395
0.0076237757296
0.00908173775558
0.00791318384554
0.0110159441175
0.00763883087475
0.00837075388932
0.0117027953921
0.00782358076897
0.0109862103267
0.00742135939702
0.00812168800896
