0.00938636456179
0.0247521168277
0.0360449052553
0.00964184399123
0.00873369234578
0.00780143586924
0.00921580697895
0.00821067564906
0.00698694380977
0.011710296031
0.00701825110591
0.00665886164492
0.0124706926853
0.0115718357731
0.00630946324127
0.00730886262565
0.00759697323634
0.00624364710527
0.00744387304413
0.0110297561863
0.00738857983385
0.00934218324522
0.0138207036695
0.010598190512
0.00934464172556
0.0104597943766
0.0063660754459
0.0183453674664
0.0232091187594
0.00648689214089
0.0142090563688
0.00981842363644
0.0071126732956
0.00851535197798
0.00684080502754
0.00726312104617
0.0118210447112
0.00667647160677
0.00973409589726
0.00625117186948
0.00639620483399
0.0104941604574
0.00723114842426
0.00639774666547
0.00818672150715
0.00660837063838
0.0123866409199
0.00632603814873
0.00805506470429
0.00672401986546
0.00808252672938
0.00836170419898
0.0107165754119
0.00896080448658
0.0556140189648
0.00637291162598
0.0108507181857
0.0180324809941
0.00638611281211
0.0086284688899
0.0110259161183
0.0104843120272
0.0104088617957
0.00628710151571
0.0114881138596
0.00723633408447
0.00633832652435
0.00658460991462
0.00803183911599
0.00953670505346
0.00857251663664
0.00941560647653
0.00726375847704
0.00840947453632
0.00755602784646
0.00732761802324
0.0125305949549
0.00928453298433
0.00652148017313
0.00904169175204
0.00648826469673
0.0103594853618
0.00691695111132
0.00882382272728
0.00695056887844
0.00653302311504
0.00775852430945
0.00778859839334
0.00669025222072
0.00778303508411
0.00671651376666
0.0160682222359
0.0142000856267
0.00779904208386
0.0124203267312
0.0115591316166
0.0111073757996
0.0109051787335
0.0112406645917
0.00799301200097
