0.00906271309052
0.0151604710947
0.0090778403145
0.00960821659583
0.00912127974442
0.0110818355053
0.00954064391118
0.00833396715722
0.00792740495315
0.00882946777939
0.00850670861697
0.00972776912607
0.00836481659737
0.0141359752577
0.00776378360966
0.013855496374
0.0117098358687
0.00909841890796
0.00856712838238
0.0112724402562
0.0105124545096
0.00867756596607
0.00922209645443
0.00905485189506
0.00787999127251
0.00931434841568
0.00869114083785
0.0185260993494
0.0274749380478
0.0104190418996
0.00950096557702
0.0133583311778
0.0118993531652
0.00782989355073
0.00985753495196
0.00834211198482
0.0102643186
0.013582285733
0.00983346862067
0.013022023762
0.00811679073753
0.00855495349266
0.00772892106485
0.00815704766412
0.00817590142403
0.0074578113743
0.00832572268703
0.00883976178911
0.0100132106764
0.00833098151128
0.0107984080355
0.00900348314398
0.00826027084494
0.00969096891517
0.0145474360136
0.0101805272862
0.00751422030198
0.00926438886985
0.00855294150202
0.00900361852132
0.00750348960949
0.00754336801399
0.00797685683803
0.00812242899533
0.0136684877854
0.00801635915188
0.00786650373352
0.00814343562088
0.011937078125
0.00752181537677
0.00747462000421
0.00857993904148
0.0093430886357
0.0134416335005
0.0110750281938
0.00967468623836
0.0112399990199
0.00904124222019
0.0124144595917
0.00845117651517
0.00996894242041
0.00753918732276
0.0112119912901
0.00761040146682
0.00937907043913
0.0166405831366
0.00885802448694
0.0116610166354
0.00803623500126
0.00842926665716
0.0132716007226
0.0127196483613
0.00981554544947
0.00775799371985
0.00834906355432
0.0138159635888
0.00821371936476
0.00761997305332
0.0119984742489
0.00954120809867
