0.0087005222101
0.00843626179215
0.0102430159535
0.0116202727906
0.0118686165014
0.0114224264342
0.0100676989362
0.00986029266014
0.00846871115978
0.00865494958289
0.0100523784006
0.0158325216252
0.00823752026634
0.0136203633844
0.00943138139995
0.0093611953398
0.012436048777
0.00822602471314
0.0086232158754
0.00831856842028
0.00838051062132
0.00931282144599
0.0103150716702
0.0111637590862
0.00860992195964
0.00899628049211
0.00904813911403
0.0121601043174
0.010349580297
0.0113083174918
0.0103710015579
0.00978978153583
0.0112622122313
0.012850950095
0.00893146986455
0.00814345823139
0.00822601744256
0.00943168409355
0.0129835468325
0.0081255971954
0.0112426612273
0.0121619659431
0.00817905262818
0.00841730906946
0.0140731384653
0.0111136779358
0.00845486948312
0.0134058909277
0.00838469002117
0.00877184340197
0.0106193288445
0.0085531522135
0.00965954742689
0.00845515204394
0.0116089355474
0.0130417683682
0.00946312089953
0.0102897310903
0.0105492183014
0.00893968295195
0.0100375421401
0.00920285984031
0.00937092663652
0.0104420051346
0.01046133988
0.00805493861212
0.00813103228738
0.0138714846563
0.0113558220121
0.00881832765012
0.00867146587323
0.00837978802715
0.00909142535004
0.0123915935172
0.00817140571279
0.00908014795975
0.00860261661748
0.0120240684728
0.0100513074558
0.00926366153611
0.00943260455074
0.0106859869221
0.0120130798779
0.0111180969147
0.00921440297866
0.0115620565421
0.0087582307941
0.0098484759347
0.00983837752659
0.0097656136346
0.010834824316
0.00817951114693
0.00830664275394
0.00901942011654
0.00802204031615
0.00823669485767
0.0126950753226
0.0110026605067
0.00898597778242
0.0083795192437
