0.00847105533643
0.00814935817221
0.00777604936329
0.0105304914418
0.0113253485874
0.0133928642892
0.00998248018054
0.00886336557053
0.0133516828893
0.00988397989485
0.00868884357764
0.0112859261952
0.00929093018546
0.00793072571869
0.0143137501851
0.00874961206431
0.00747612179546
0.00782411932278
0.00960331831878
0.00914391026813
0.00945058075741
0.0109732863542
0.00744578907857
0.0117453264548
0.0104177255961
0.00964632222952
0.0078981745066
0.0114764969137
0.0091178785666
0.00754547140043
0.0113602386517
0.00941188411571
0.0074570272816
0.0109474930174
0.00833232295098
0.00741322136795
0.0124766215725
0.00821006044143
0.00747029412091
0.00784247492416
0.0125572596859
0.00933074678715
0.0101758421503
0.00851971149835
0.0134041795999
0.0107748353564
0.00881416252366
0.0118485559606
0.00970021451746
0.00884864806387
0.01038980641
0.0105096263646
0.00741829731081
0.00824058250203
0.0113898278505
0.0107108747092
0.00756497329098
0.0123591950465
0.00745002653591
0.010482078127
0.0080661726833
0.00899113892526
0.0121818781927
0.0120484668945
0.00746034384796
0.0108963967739
0.0147362759897
0.00897304463121
0.0112627253437
0.0085879182173
0.00954701882381
0.0108898821088
0.00822890396509
0.00837816514524
0.00800972930354
0.00927757269182
0.0115813682596
0.0109993637186
0.00897678851379
0.00947116789176
0.0220028167197
0.0110423063594
0.00969711012814
0.008991008753
0.00896461149282
0.0117220935869
0.00963862805495
0.00860676761987
0.0134798756967
0.00912323930511
0.0101669129803
0.0162269059216
0.00948906110962
0.0109124974819
0.0109389935009
0.00892255291418
0.0119029608482
0.00980267659842
0.0077752666988
0.00886732435745
