0.00756746873425
0.00970889271979
0.0152024339002
0.00812232398453
0.0104980364969
0.0165463737332
0.00942425102339
0.0141126344329
0.00889585537127
0.00786530770384
0.00944947122803
0.0106321010192
0.00994413856637
0.00971262355741
0.0114723411563
0.00853439284062
0.00913322073581
0.00933533125058
0.00770311691731
0.0084805185719
0.00828022896665
0.00726840654348
0.00722988750858
0.00738375017141
0.00789730729999
0.0258603333579
0.00804457541339
0.0150130097072
0.0087943199205
0.00827378490646
0.0141558270994
0.00751915990691
0.00765480161421
0.0171220798576
0.0116775299262
0.0076337675731
0.0157077091448
0.00915003632289
0.0112095512658
0.0168766382676
0.00799551838222
0.00776499948115
0.00728003637778
0.0148395326065
0.00849051296328
0.00741344783284
0.00762183799241
0.0202844088464
0.00896055527487
0.00880802731729
0.00953139655381
0.0103248216691
0.0110235987778
0.0104321597087
0.00830010091581
0.00743952810954
0.00779478280157
0.00717156461603
0.00805685961558
0.00857421005621
0.00814214085433
0.00984849767076
0.00849515761502
0.010080699728
0.00875082899702
0.00817472271696
0.00814129417686
0.00786214112085
0.00886631533042
0.0244623465222
0.0168536297474
0.00784693587553
0.00710923608124
0.00732531301581
0.00911587995792
0.00964692944221
0.0108453504546
0.00797714550287
0.00708584589678
0.0186399370575
0.00776824526935
0.0152181288663
0.0106685101474
0.00818970085507
0.00719794799223
0.009934460475
0.00778804142571
0.0113546801851
0.0121805650177
0.00784452496602
0.00798113777178
0.00704326914459
0.0113198375806
0.00805242240762
0.00735314013338
0.00812836288067
0.0075072328391
0.00934992022109
0.00915472481318
0.00749336062694
