0.0125358737593
0.00847808550886
0.00777640163652
0.0162900403526
0.031519377023
0.0124965405312
0.0138838683569
0.00714457813098
0.00754100152353
0.0090029506263
0.011140218201
0.0141712169932
0.00930001684752
0.0118063107816
0.0094489602792
0.00968326845624
0.0113163912012
0.00895981798108
0.0100519841988
0.0115827059851
0.00932543873575
0.0197731725084
0.00735237241409
0.00813846821386
0.00715591835467
0.0083963125062
0.00874422479789
0.0101473433062
0.00720624022527
0.00986930592424
0.0070772352826
0.00738030374558
0.00771676922613
0.00835344212711
0.00792516002994
0.00914107812434
0.00821995889171
0.00905290482495
0.00805613213952
0.0223313277955
0.00728413213942
0.00991982170868
0.0107888359801
0.0162485210576
0.00719095307454
0.0139752750046
0.0124929109051
0.00778907483886
0.00988252528532
0.0131589312426
0.0112239834412
0.00695322997886
0.00905047175461
0.0084867249639
0.00845892751797
0.00773637898015
0.0111846586326
0.0111296110243
0.00763791630195
0.00758733108355
0.00701387659816
0.0212947763452
0.015912114649
0.00714523863685
0.00717006865832
0.00794891100785
0.0072326978165
0.00766027046118
0.0106223980983
0.0118067203809
0.0101213312039
0.00936607016945
0.00770876322429
0.00843505664346
0.0104309925838
0.00702778235901
0.00998852653858
0.008186664776
0.00788557647783
0.00779123296819
0.00740032887575
0.00782919890397
0.00736266088821
0.00699241016122
0.010708604402
0.0134921410383
0.0128496442491
0.00730066081717
0.00713700914343
0.00813541435257
0.0187139370513
0.00711419460884
0.00800629700627
0.00880204304951
0.00705219088201
0.0110462127779
0.00794429123394
0.0101668783601
0.010310651209
0.00721322892862
