0.00880587739113
0.00793431404466
0.00849086104076
0.00918332660832
0.0102932338622
0.00897996054074
0.00932462466624
0.00807691098404
0.00931155468711
0.0116450475959
0.0137572115586
0.00799058894124
0.0107927036378
0.00884103927882
0.0262282693078
0.00781493951925
0.0083053115623
0.0122629840612
0.0109578190778
0.00833860892714
0.010037727298
0.0105473887482
0.00775570280129
0.00770794115396
0.0117334015496
0.00848498148286
0.00778550101355
0.0143970395157
0.00968495820693
0.0138788838416
0.0103812062369
0.00999333863091
0.0101703570669
0.00945181780319
0.0105589519473
0.00853470152103
0.00876243770761
0.0093546100482
0.0121626292891
0.00943230940953
0.00806471037303
0.0113120235423
0.0137068312584
0.00980931893153
0.0105512228768
0.0137218031554
0.0173474386401
0.0099002082078
0.00805009079217
0.0123829377598
0.00835431147141
0.00811054909672
0.0109706050248
0.00789545528488
0.00915089419317
0.00803500382975
0.00968250259153
0.00772369963199
0.00769943225241
0.00902105128676
0.00953867877842
0.00966429189109
0.00983508628038
0.010231403889
0.0137207617976
0.00919735311901
0.0105630063527
0.00807965213168
0.00867419885491
0.0108864319192
0.00970819372327
0.0109889695457
0.00852779639049
0.00770239984312
0.00937258390196
0.00841315743289
0.00984981624714
0.00893886753865
0.00859435219267
0.00797679281235
0.00888497974954
0.00772896955229
0.00776648887303
0.00805058239355
0.0087245688259
0.0111426485098
0.0118697576899
0.00898395104763
0.00777487970374
0.0118850160601
0.0115788642823
0.00820439175252
0.0127337483267
0.0158533291342
0.0162586817467
0.00870252693242
0.00816412705602
0.00777046790503
0.00769047681896
0.0101265862312
