0.0116872262293
0.0101814640371
0.0082035347604
0.00907827046241
0.00925494848102
0.00853998041198
0.00829933224629
0.0104308533683
0.010015953956
0.0135931614678
0.0094459094246
0.00881212481683
0.013162830954
0.00984550632515
0.00936279771911
0.0102206955511
0.00845375898996
0.0152702089863
0.00975936963231
0.0118852321084
0.00819460725454
0.00836920559021
0.0102302893585
0.0113709299709
0.0115525775245
0.0104741574811
0.0100478421317
0.00816741843063
0.00901721705512
0.00968927688694
0.0110493079702
0.00835193982379
0.0100684808266
0.0108659363076
0.010014102595
0.00835748445737
0.00802156302842
0.00923789468856
0.00919428494212
0.0102041179646
0.0086954075287
0.0107141453873
0.0135038148548
0.00921827009654
0.00991492181598
0.0137995753368
0.00868622514246
0.00999435126189
0.0105448719746
0.00806765063355
0.0145292241854
0.0133795824902
0.00823922677135
0.00969376216648
0.0100401561017
0.0100786910987
0.00988810910768
0.00851175613556
0.0113717634953
0.0111235385958
0.0101577055999
0.0111201251509
0.00903316225564
0.0110384700891
0.00842808873887
0.0102940203297
0.00859363830146
0.0116043369399
0.0115568748974
0.00826535514835
0.00807524062544
0.00985461176056
0.00824300356431
0.0080957047895
0.00891951421521
0.0149922483613
0.00837881039554
0.00852234310692
0.00814197288433
0.0112323310037
0.00805899381636
0.0138864921865
0.00813543941963
0.0107282421897
0.00870843194953
0.0100437103123
0.0081571837448
0.00940776649993
0.0107937375442
0.00947997110004
0.00940281757216
0.0080727898146
0.0107215869293
0.00985331317958
0.010214357143
0.0114559109696
0.00913202243712
0.00882337894695
0.0101392802214
0.0122601774674
