0.00883065049386
0.00845934490333
0.00889349564336
0.0102690608046
0.0121084321613
0.00984642162641
0.0112568367479
0.0123170741656
0.0101354859544
0.0126180611364
0.010614435302
0.00854206141266
0.00922984648509
0.0124026981569
0.0103403208517
0.0117974133205
0.0101175184877
0.00807163348607
0.0118316682601
0.0123214789808
0.00987719845129
0.00876630562981
0.00930414367106
0.00852142341709
0.0101967980464
0.00796399749347
0.00858880332051
0.0108541037162
0.011537515293
0.00936739955131
0.00848683274474
0.0117501105898
0.00860625474786
0.00821092984682
0.0127756970036
0.00834373712895
0.0113441505804
0.00900278771241
0.0119970018569
0.00941908138116
0.00888388248395
0.00830045327864
0.0120078086393
0.0104550465064
0.00963995460444
0.00875707263365
0.00953902669279
0.00900638322818
0.00965488832422
0.0121303900982
0.00938674194643
0.0103112771908
0.00927169915545
0.00999019979513
0.0104203540797
0.012050213967
0.00837248220861
0.00836254228467
0.0105302500136
0.0106064990614
0.00839435144173
0.0123895563057
0.00864284364702
0.0125141167505
0.00871163550394
0.0141377311169
0.012585210816
0.00898973312892
0.00944117704405
0.0103454569411
0.01019337222
0.00887152247002
0.00987837365064
0.00906246263741
0.00869242941512
0.00851375491086
0.0123296486802
0.00811116989562
0.00981012994664
0.010766723718
0.00926603873975
0.0142105134438
0.00807236759645
0.0127105752128
0.00916873300325
0.00844342437162
0.0123387524078
0.011412658846
0.00805872786527
0.00795311031033
0.00824641486871
0.00825096392083
0.00807530688077
0.00968155986677
0.00797258684792
0.00879269594686
0.0103204744986
0.0135641912379
0.010076027643
0.0084080994951
