0.0106122807652
0.00873453862765
0.00937054339196
0.0083979978808
0.00860249046246
0.0109912858868
0.0133981299847
0.00976941366408
0.0109205305817
0.00873742382638
0.00791722517302
0.0115775354847
0.00948441878409
0.0108349907495
0.00945262057961
0.00994003898178
0.00806856055079
0.00968349560699
0.0129988035091
0.0105912917469
0.0118526061206
0.00842811702987
0.00807629480873
0.00871225340801
0.0124863335151
0.01066288377
0.016488874732
0.0121556827252
0.00904582141136
0.0104364871135
0.00801098160854
0.00871264609366
0.010981000985
0.00864385823348
0.00813061686881
0.00815732542537
0.00833995558456
0.00890851070918
0.0156671771672
0.0119245097986
0.0110708457505
0.00915676114943
0.00939182986928
0.0123072032796
0.0112813646843
0.00908595242308
0.00806107919521
0.008617164584
0.0150064946613
0.00845579921548
0.00784896455703
0.0103747577913
0.0130301913621
0.00917743268289
0.0119395521974
0.0078465990804
0.00864173923659
0.0107500656348
0.0108667705336
0.00856061111079
0.0110064013088
0.00829198396896
0.0096415510245
0.0104861176259
0.0125380545123
0.00821106732548
0.00817714062488
0.00831945094666
0.00900389555386
0.0103412736284
0.00839613418121
0.0106558226343
0.0100197231214
0.00830445127066
0.010893835916
0.00952246946739
0.00827342564955
0.00838794657185
0.00825468213395
0.0126133820641
0.00903445065883
0.0100302941266
0.00836096610065
0.0117301225633
0.00954492468292
0.0121180324229
0.0089747639761
0.0110221696142
0.012878250646
0.00899730665626
0.0100865971107
0.00949723743246
0.00964546992559
0.00889651556176
0.00899244101687
0.00803521645056
0.0130228091682
0.0113777185503
0.011141527332
0.00789764412753
