0.00764665783671
0.010385853018
0.00900763497372
0.00934390320792
0.00996033134486
0.0122041580638
0.00947441140836
0.0141840483905
0.00869809467787
0.00898463748143
0.0120434861318
0.0109843944462
0.0128103421323
0.0106306018466
0.0102543454719
0.00980605638663
0.00777752185296
0.0144975605594
0.00900820707302
0.00844500631703
0.0105653214495
0.00847230016929
0.00842506044715
0.0113452045561
0.00998214615429
0.0152420125398
0.00996359002629
0.00923448863601
0.00759234227635
0.00890521546802
0.00892507255907
0.0110539242836
0.00780150615074
0.0113292967451
0.0100714893912
0.00890998788092
0.0076528411987
0.0101237638933
0.00981398743843
0.011619771809
0.00930943652871
0.00794214668648
0.00843645910381
0.0080684365061
0.0121995575881
0.00845567253984
0.0108041952523
0.0146797513368
0.00751175467037
0.0110232896065
0.00912177391524
0.00767795433011
0.00754252154796
0.00906844862791
0.0101855309375
0.0102563351365
0.016580686695
0.0133922290262
0.00788984714813
0.00902238826978
0.00891755067346
0.0100538845241
0.00779687085998
0.00920326433717
0.00886782387861
0.012295776287
0.00772736944106
0.009906641717
0.0118898635006
0.0077759317542
0.00965169870605
0.00984917736733
0.0091456421855
0.00877786760685
0.0120090107297
0.00758711611953
0.00943334165233
0.00986915816056
0.0106213052588
0.00939168283972
0.00936870753653
0.00759704558934
0.00902039822303
0.0147043946971
0.00752995857431
0.00823230577093
0.0124229898242
0.010080645639
0.00890329208306
0.00892734268776
0.0102430624432
0.0131471191923
0.00826861237146
0.0102946447188
0.00863800959109
0.00940088688731
0.00994696145807
0.0158122407027
0.0167249541914
0.00762045907136
