0.00805002200783
0.0128828334991
0.00744659190558
0.00753504082896
0.0114472871421
0.00792973226636
0.0094641482611
0.00952719951368
0.010975524212
0.0113599885364
0.00994707028322
0.00794085634535
0.0102514941929
0.00828001453414
0.0105057188429
0.0142767618565
0.00735553158249
0.00872107336962
0.0109363291816
0.00754333974416
0.00816446311356
0.0127292670836
0.00838119883808
0.00985386332054
0.00771959027976
0.0103881298881
0.0133809345195
0.0102397302008
0.0110513842746
0.00823048329188
0.00935815932819
0.0132288255605
0.00806688587195
0.00814148173171
0.0125705030922
0.00802733617165
0.0127361354574
0.00829518506066
0.00802348947491
0.00788325787424
0.0179099284501
0.0103625171073
0.0118833453477
0.0110131322482
0.0101659845914
0.00908632152211
0.00792647867046
0.00977446159082
0.00823248073752
0.0103159674422
0.012122696275
0.0093683563889
0.00976493404494
0.00959137755899
0.00832712383162
0.00967028429589
0.0145099390963
0.00951516598658
0.0089762078802
0.0159940757332
0.0106219459983
0.00792316084641
0.00770584825552
0.0124232100525
0.012656558583
0.00861353181464
0.00950418105417
0.00774361511971
0.0110293722293
0.00809406227933
0.0134325837795
0.00872660925808
0.00868816771745
0.0135079361296
0.00830125818555
0.0111628118942
0.00753746956426
0.00883920856631
0.009089576351
0.00834181729068
0.0143469455546
0.00855267216967
0.00831967062291
0.00780751299278
0.00853127052293
0.0117269175139
0.00758651329725
0.00936988163715
0.009393347758
0.0124062175532
0.0117665728863
0.0102827174096
0.00815134263006
0.0123120652104
0.00841311542746
0.016898371912
0.0090887413874
0.00872319326261
0.0112680915877
0.00775427235579
