0.0107651022965
0.0220173914791
0.0235637608508
0.0159866029283
0.00834740377202
0.00959222982472
0.0101556247058
0.00723593999774
0.0106443111267
0.0109932936204
0.00708678716847
0.00822168042462
0.0111410267172
0.0130941108651
0.0071226055399
0.00764042638149
0.00706932072995
0.011185929645
0.00774200668628
0.0079521728127
0.00943732425801
0.00742709088485
0.0116608755885
0.0071433591015
0.00957249845222
0.00934231646589
0.0156210473034
0.0108079025039
0.00860752088493
0.00723711490438
0.0072176469343
0.0124211551557
0.00771785024424
0.00737135537428
0.008502392891
0.00933682246488
0.0184699240503
0.00721138916838
0.00839587243011
0.00848652126956
0.00702962217068
0.00780423555134
0.0110414866051
0.00754667749329
0.00787009420702
0.01034604322
0.00973105640837
0.00847829060365
0.00967298597339
0.00704818080463
0.00970919674467
0.00921795320875
0.00984491659482
0.00874139336055
0.00768982895332
0.00948407793702
0.00944198020402
0.00837939130755
0.00754589380776
0.00833221413431
0.00797813062527
0.00802080360414
0.0111438027625
0.0156188421707
0.00731678414629
0.0213807144575
0.00915167878099
0.0095358139767
0.00779151993353
0.00716059043407
0.0102445294993
0.00694644348118
0.0149242351798
0.00732008734403
0.0112352090379
0.00776390920623
0.0120705587796
0.0137311526262
0.00904808618277
0.00769717643585
0.0072305083519
0.00744493682304
0.0124295579515
0.00880062822825
0.0368213620883
0.0135527232744
0.00729919919712
0.00898098183968
0.0144905805236
0.00700742521244
0.00721363581396
0.00964662520104
0.00805925216829
0.00956720017275
0.00884686161238
0.00819964326407
0.0122631592107
0.00721243533947
0.0069616768295
0.00739031103965
