2.252554389811146691e-19 2.295855113568617609e-21 1.246459094976985473e-21 3.123924041641069679e-22 3.783204795510933966e-22 3.175469566025027865e-22 1.081021961117722380e-22 2.435160669977876415e-22 1.504173158771747233e-22 1.387142869065618691e-22
2.295855113568617609e-21 1.294510909759245273e-22 4.799132221552344990e-23 2.195119971940456609e-23 7.885174277222934958e-24 7.571419163079562488e-24 5.235851039244457613e-24 3.713427255063363347e-24 2.867336745609333686e-24 2.700952055516369644e-24
1.246459094976985473e-21 4.799132221552344990e-23 3.389867605272143124e-23 7.372567120107927851e-24 5.611408386762643564e-24 5.581470044183304972e-24 3.054005729152222750e-24 1.762522203006285479e-24 1.374178809681415077e-24 1.794724405476691345e-24
3.123924041641069679e-22 2.195119971940456609e-23 7.372567120107927851e-24 8.867249055398676697e-24 3.559168204528749669e-24 2.055908136486721060e-24 9.430567309256771280e-25 6.035952345579690783e-25 5.179362232972210617e-25 4.753974280604585585e-25
3.783204795510933966e-22 7.885174277222934958e-24 5.611408386762643564e-24 3.559168204528749669e-24 4.625260938092705334e-24 8.166141318223776029e-25 4.798349350973142138e-25 2.917179810616973945e-25 2.166969740609702753e-25 3.040205044422392524e-25
3.175469566025027865e-22 7.571419163079562488e-24 5.581470044183304972e-24 2.055908136486721060e-24 8.166141318223776029e-25 1.501500472560767994e-24 5.181414975465868958e-25 5.928593061542174295e-25 4.028700183428566515e-25 5.099950330951896185e-25
1.081021961117722380e-22 5.235851039244457613e-24 3.054005729152222750e-24 9.430567309256771280e-25 4.798349350973142138e-25 5.181414975465868958e-25 6.581842750871352933e-25 2.900926196403311103e-25 2.841249568487311305e-25 2.248510253942120462e-25
2.435160669977876415e-22 3.713427255063363347e-24 1.762522203006285479e-24 6.035952345579690783e-25 2.917179810616973945e-25 5.928593061542174295e-25 2.900926196403311103e-25 7.960341485162601973e-25 2.887291791477659531e-25 3.058798402077646872e-25
1.504173158771747233e-22 2.867336745609333686e-24 1.374178809681415077e-24 5.179362232972210617e-25 2.166969740609702753e-25 4.028700183428566515e-25 2.841249568487311305e-25 2.887291791477659531e-25 3.435519577025480982e-25 1.799027354154231734e-25
1.387142869065618691e-22 2.700952055516369644e-24 1.794724405476691345e-24 4.753974280604585585e-25 3.040205044422392524e-25 5.099950330951896185e-25 2.248510253942120462e-25 3.058798402077646872e-25 1.799027354154231734e-25 3.817405138289614224e-25
