0.00906337765826
0.0132060764248
0.0087509732286
0.012901763881
0.0078593175605
0.00869437201565
0.0140467588915
0.00875655083654
0.00832785018663
0.00830064870667
0.00917968759796
0.00741812428485
0.00739278145884
0.0116213350762
0.00846807059964
0.00817191196034
0.00755263628337
0.00820921559595
0.00852314663701
0.00779465016369
0.0126828433254
0.0119395555812
0.011413421055
0.00864839378003
0.00844173063191
0.00900066929551
0.0194809532418
0.0136682747738
0.0109711365081
0.00789580860504
0.0124708325295
0.00971690044801
0.00777224068867
0.00913864400362
0.00933562690622
0.00946273990584
0.0075107455552
0.0115097729949
0.0090967673993
0.00813516043347
0.0110281402031
0.00810612432067
0.00822414446495
0.00794746406722
0.0130591596156
0.0153746427588
0.0152545086679
0.00778037805429
0.00961429759474
0.0106606764226
0.00844217254183
0.00733990514801
0.0167213326196
0.0106521146793
0.00922790927117
0.00906639149235
0.0142967583967
0.00922001257525
0.0111385784177
0.00760241405091
0.010045107981
0.00899330957146
0.00739535153228
0.00896192338356
0.0100409422142
0.00765251142185
0.00849259372537
0.00782827679606
0.0129282376992
0.0102544217454
0.00822230412016
0.00939889688834
0.0092121208088
0.00768458914001
0.00884106797308
0.010707801584
0.00736498842036
0.00799050420692
0.0127379697821
0.00735452952431
0.0143748097534
0.00882338411432
0.00791143072413
0.00757038548311
0.0116371077587
0.0108501713913
0.00758780699249
0.0107688330683
0.0194121671542
0.00751589358795
0.0217286236768
0.0106220050315
0.00986866095164
0.00946135637449
0.00959357802519
0.00923705588939
0.0101261886717
0.00796915066306
0.011917930691
0.00762741940559
