0.0111560053598
0.0115511440272
0.00905271950483
0.0179250737577
0.00801282736537
0.00988889148499
0.0138542309027
0.0111557094223
0.00803756940462
0.0113938832143
0.012027530621
0.00875434111119
0.0110358110575
0.0110479670926
0.0086124982307
0.00834188587473
0.00878341819503
0.00814928845552
0.00878500008381
0.0110456735038
0.00933998512364
0.0104207978998
0.0104805294033
0.00758992547164
0.0117699887899
0.00773545375711
0.00965737407457
0.0102972575415
0.00824272314619
0.00926855824267
0.0079363797437
0.0138579284675
0.0094397747028
0.0113042896124
0.0100112828033
0.014738506194
0.0103809189896
0.0101306216358
0.0149632499867
0.00736531303721
0.0107161919089
0.0134944099711
0.00957918254841
0.00993919280786
0.00744831540681
0.00971176944435
0.00915772808904
0.0118075178024
0.00934149927531
0.00882932357802
0.00750202695878
0.011826437628
0.0101076223515
0.00802341786853
0.0126666525411
0.0116645448757
0.010123776759
0.0105508158849
0.00821029184368
0.00751793323265
0.0130307977277
0.00774068558158
0.00887981245087
0.0126945850031
0.00955063947061
0.0102379539165
0.0109492028935
0.00940399453836
0.011305179542
0.00929359895601
0.011915483934
0.0117449787543
0.0108175542593
0.00917484212483
0.00788260735052
0.011952643836
0.00877370886331
0.00834037928284
0.00778893875871
0.00763980711899
0.010136566402
0.00865140195736
0.00886551271994
0.00946237830143
0.00747474540044
0.0100753811789
0.00978112736756
0.014031759457
0.00838035894806
0.00917237962251
0.0086600673392
0.0107516030099
0.0113106446532
0.0100789016052
0.00764670237743
0.00863079219598
0.00745368960066
0.0113360866639
0.0090829898318
0.00813853893539
