0.0075550014912
0.00786154520301
0.0141321029959
0.00848446341721
0.00669943639559
0.00736356954999
0.00682306743067
0.00713341012594
0.00794464595273
0.00985997404269
0.00732934653163
0.0104429817476
0.0114369574627
0.00731903288796
0.00778595232359
0.00705986348537
0.00768961770544
0.0119643607442
0.00788750289957
0.00724876086765
0.00758597817399
0.00699894245105
0.00861773575011
0.00874951830417
0.013774385938
0.0109054345888
0.0295245555261
0.00839977829661
0.0239387941526
0.0102134295723
0.00754640747165
0.0126437609111
0.00666993306868
0.00788595636279
0.00672311807834
0.0136907443182
0.0133786520596
0.00787500877177
0.00903353228823
0.00948975823847
0.00728634045839
0.00858966513522
0.019328780871
0.0102505239314
0.00724225769863
0.00738966494849
0.00770238692074
0.00711560453725
0.00809850100218
0.00768265352367
0.00820042512145
0.00715397406423
0.00916177107295
0.0110160072527
0.00703514850217
0.0191831536696
0.0098774945549
0.00777493903074
0.0118340030915
0.00726444875138
0.00694266109734
0.0150531413005
0.00744001687721
0.0252785842826
0.0136567065442
0.0105091551437
0.0198120878376
0.00825029579166
0.013933116509
0.00696513518375
0.00835531876082
0.0186534636513
0.0101204516975
0.00701485285181
0.00791410405656
0.00800360806723
0.0111668403587
0.0152769892469
0.0115693416949
0.0076092631361
0.00965372401342
0.0106274723752
0.00974679937046
0.0086579828712
0.00692235445186
0.00928491876365
0.0069825646967
0.0087412848108
0.00779738839216
0.00719386142633
0.0126002634788
0.00687300391483
0.00796029676571
0.0110831753768
0.0102026004884
0.00936068654246
0.0117519145637
0.0130652401152
0.00764664366151
0.00746792810952
