0.00884524543738
0.0110625310224
0.0113493083378
0.0082082564842
0.00880682406204
0.00787520111279
0.00867099488918
0.011236269436
0.00973998529612
0.0095325086253
0.0107864849675
0.0106845794091
0.008319844204
0.00856083107041
0.0119983273322
0.00856831722795
0.00886369337719
0.00992916557927
0.00804915762547
0.0114077431979
0.00818125080338
0.0121659337478
0.00799292545779
0.00854714707676
0.0133252438719
0.0130155448165
0.00778415663434
0.0104839472828
0.00982841992572
0.00942979101683
0.00860141445853
0.0113783095772
0.0107155178467
0.00870133933654
0.01172412597
0.00792297973994
0.0107267150215
0.00819642646262
0.00835653091133
0.0134923533961
0.00908611876169
0.00851751895094
0.0106541139786
0.00961621811494
0.00983216359917
0.0115150017197
0.00861449393759
0.0111435425537
0.00846416766972
0.00893186430332
0.00889738795599
0.0132396759192
0.00950870391858
0.0124001855863
0.00980445968687
0.0135840952399
0.0106178539266
0.00862955107614
0.0130405284131
0.00842820566492
0.00886497460763
0.0100783473876
0.0117165264614
0.00928155685268
0.0130586115515
0.00885451616254
0.00835525056104
0.011414310661
0.00980896002628
0.00801072531455
0.0113529432807
0.011374339918
0.00836071381237
0.00980759809322
0.0112007616475
0.00908429280418
0.00999357550965
0.00976183813181
0.01024839282
0.0118955513138
0.011895061014
0.0112743983657
0.00804427727117
0.010688951275
0.00840951627714
0.0078856335873
0.0106668342359
0.0107374853978
0.0124013467091
0.00806797266287
0.0100399506505
0.00955312631757
0.00947292005315
0.00940309347447
0.0105669690393
0.0102257621231
0.00873694588311
0.00917545136275
0.0129374907242
0.00970183363295
