0.0151498447915
0.00835004032516
0.00807642144398
0.0118159187871
0.00837483384982
0.0104224335106
0.0133157783693
0.00873713893269
0.00808378283513
0.0080221370417
0.0104941803027
0.0113376501241
0.00835477888233
0.00823235965472
0.018161710347
0.0100323174259
0.00879580636569
0.00825838701145
0.0116344041929
0.0129042121283
0.0102324650424
0.0160889324159
0.00940386886353
0.00903405567105
0.0108220093609
0.0084290831445
0.00861515406763
0.00810980412315
0.0106481696306
0.0089567146315
0.00807040938612
0.00848568252991
0.00985539047278
0.0083094496365
0.012297629073
0.0137267967088
0.0104271965804
0.0123362866166
0.00927282159228
0.0113312984392
0.0116240868846
0.0123141786337
0.00812622030341
0.00811208523116
0.00882032318382
0.0129494349468
0.0101444191417
0.00917131991952
0.0124679122463
0.0106297752401
0.0105296225218
0.00845796035389
0.00870848780175
0.00835932903073
0.00988007167896
0.00809643709294
0.0110932242452
0.0102199958068
0.0107194363865
0.00978432863724
0.00927306890126
0.00970836982191
0.00894218432066
0.00833886003086
0.00797800723414
0.00835842786812
0.0102321868117
0.00931650205559
0.0098799480753
0.00885244726272
0.0108464758822
0.0103294542535
0.00996340726718
0.00961556504486
0.00797677648009
0.0110851408179
0.0115718290501
0.0103436447087
0.010986244402
0.0125907937895
0.00841324785882
0.0101112344919
0.0111977361783
0.00989552393192
0.00961879935758
0.0111732280006
0.00817836031828
0.00842681317107
0.00825140366181
0.00949583875323
0.0136026714941
0.00843977725552
0.0107562708541
0.00812990976826
0.00842528549493
0.0112936327723
0.008432354026
0.00802978363001
0.0107202690548
0.00800252225246
