0.00926383566122
0.0098060377601
0.00770708160583
0.00822605867022
0.0111575065348
0.00775997150861
0.00867273861246
0.00849198635592
0.00771362398176
0.0137172300723
0.0127808328141
0.0113755726592
0.013341353109
0.00903059405815
0.00827732031534
0.0104260562939
0.00945766745694
0.00810091826397
0.0116415538578
0.00934618423295
0.00792795392027
0.00999288037533
0.0093484396539
0.00878695378546
0.0112944297731
0.0130216521463
0.0100201169965
0.0102723328229
0.0093821290517
0.0076402875574
0.00785427829473
0.0119847765518
0.0110551351131
0.00801420436188
0.00789750238698
0.0111473970434
0.0102617884457
0.0112644593649
0.00815241520354
0.00769687531981
0.0109884371768
0.0106127349333
0.00772947803578
0.00976547685552
0.00967289467044
0.0112898496902
0.0127910040193
0.0122265756759
0.00909404906771
0.00833037284311
0.00963846988454
0.00875301524304
0.010877619541
0.0106653473132
0.00758640133658
0.00940472560415
0.00882017424298
0.0116766983385
0.013559969244
0.0120128421883
0.00881403452435
0.0113938164405
0.00871568689308
0.00783043699631
0.00897854568797
0.0100474239393
0.0120522969365
0.0126909588024
0.0100851520726
0.00983256536604
0.0109833349073
0.00787581915014
0.00965234806588
0.0144047292416
0.0107943617513
0.0106609037087
0.00932698706534
0.0107126863931
0.00778139116494
0.00787880354006
0.0113478092247
0.0119711411274
0.00964183631393
0.00926110408105
0.00757494991574
0.00901075526343
0.00766090906831
0.00913041796374
0.00794747715574
0.0088349525462
0.0129889827136
0.0105150901814
0.0121340084826
0.0130483923162
0.00780895726495
0.00887873048936
0.015501546425
0.0100998395038
0.0106649357787
0.0106596136388
