0.00971089131076
0.00880383102485
0.00829578777931
0.00941394391689
0.00869974284796
0.00812096603504
0.00936984828836
0.00946406488428
0.00843509400895
0.00798221799473
0.00904868973075
0.00958014610928
0.00793462857957
0.00875680846404
0.0085094814073
0.00830439639643
0.0125062215685
0.00908851250792
0.00801616742506
0.00971032307881
0.0132799330884
0.00908914698852
0.0082627089172
0.0108286257344
0.00906661979465
0.00777961864038
0.00807123261276
0.00793059612061
0.00853404796085
0.0106279201896
0.00807089901489
0.0109173810755
0.0160664140569
0.00837800830037
0.010272198721
0.00913649753499
0.00852360804772
0.0134384879232
0.00875837844978
0.00891366915271
0.00982685896191
0.00929458321663
0.0145163556757
0.0120010916755
0.011773055737
0.00929683660841
0.00870727141002
0.00904356858099
0.0106515844851
0.0126305846507
0.00900587378423
0.00833471748849
0.00913051233533
0.00802071190958
0.00791149893269
0.0105627131724
0.012939271335
0.00851865872166
0.0116970869832
0.00801002793893
0.00826535398369
0.00825858945784
0.0100846190448
0.0109370763785
0.0139236059865
0.00780565349685
0.0100500614052
0.013884562292
0.00921493133661
0.00870035944396
0.00893184128404
0.0118821258989
0.00823985094726
0.00776699182891
0.0148393672888
0.0098262729762
0.00872153424461
0.0123683830421
0.0103524388896
0.0118416516411
0.00886366842154
0.00905250455849
0.00814523969437
0.00871557890642
0.0117578167398
0.00841894231181
0.0188643629959
0.00784775352169
0.0118224686053
0.00808517632163
0.00794088768962
0.0113979217714
0.0105598558143
0.00851996430189
0.00839931822471
0.00932582568426
0.0324964432118
0.00902665139218
0.00934292661589
0.00795080306304
