0.00951214517802
0.00841602918252
0.00911298483401
0.0089922123388
0.0109585394177
0.0124058307728
0.0117757484355
0.0110109145715
0.0115974573299
0.00937254599803
0.0104877200574
0.00932439881323
0.00919741175692
0.00906290404822
0.0105170914927
0.0102435860304
0.0106855657197
0.0106761937496
0.00907851326568
0.0140014572911
0.00876858591996
0.00851299496756
0.00938165589805
0.0083217196435
0.00941831484142
0.0106639606707
0.0101763911464
0.00826593968942
0.011026584565
0.0101472613666
0.00915235478519
0.0120774795218
0.00861403746086
0.0106277027175
0.00868333501073
0.0083834436064
0.00872097924657
0.0103358595822
0.00896823598282
0.00910335715699
0.008139421177
0.00944108362262
0.0104683518575
0.00952269739092
0.00910953487227
0.00912283912073
0.0115095252563
0.00893267576754
0.00974789565442
0.00843632391455
0.00943000592344
0.0118762860204
0.00940106459805
0.00931118189832
0.0134898541032
0.00826581902132
0.00946923577079
0.0101119462152
0.00837797790034
0.00967541593078
0.0105563912281
0.00877261806998
0.0100179564348
0.00989749171899
0.00820561706444
0.0115634942832
0.0109192179581
0.00894878174609
0.00979780783786
0.013209841126
0.0141603026535
0.00878817316647
0.00849667317738
0.00969464514809
0.00835398639311
0.00857411109292
0.00888801829236
0.011113138627
0.00900918920814
0.0110016291824
0.011563221154
0.0100193692373
0.0110510246508
0.0141200097875
0.0090883593233
0.00978839096272
0.00928466014403
0.00882935376451
0.0112117802179
0.0142475420456
0.00999751915686
0.00822764421342
0.00871779734144
0.0134179410356
0.0106648614364
0.00855910076876
0.00840568472327
0.0111144354689
0.00988445808239
0.0122191819971
