0.013309484401
0.0089799572077
0.0122281724275
0.00980459887329
0.0094102571382
0.00915303677655
0.0100999572293
0.00850125756842
0.00946037175809
0.0125061364249
0.00874057592735
0.00985179317599
0.00872078591524
0.00900015932321
0.0133514909832
0.0135823101973
0.0141835467483
0.00944275824647
0.00823157466263
0.00811062857432
0.00881113759257
0.0113416239066
0.00876583630192
0.0108870130552
0.0112704430182
0.00946840148553
0.0100781781168
0.00855172547371
0.0118008183307
0.00862467913318
0.0105051167566
0.00966032353515
0.0125413444454
0.00807145599822
0.00806919306948
0.0098986736492
0.00957214940785
0.00864859489414
0.00955386274193
0.00917442601108
0.0110130124602
0.0118056132201
0.00865941252487
0.00838538809773
0.0100082857539
0.0134138961344
0.00966916232369
0.00842472417667
0.0133391434501
0.0107310762353
0.00952839926113
0.00893711587916
0.0091107295252
0.00838640415761
0.0100065287011
0.00909999582603
0.0123778036146
0.0117279382226
0.0101460944707
0.0099894220856
0.010286294065
0.0104132362981
0.00981449537233
0.0107297758159
0.0137154245742
0.00854567254963
0.00802834122265
0.0109569126219
0.00905737744097
0.00984121289427
0.0114357513266
0.0120764643183
0.00936411507965
0.00867131353703
0.00903394446769
0.0121218848841
0.00899938170574
0.00805303404879
0.00883947493326
0.00842484084391
0.0102416044932
0.0116469033093
0.00816658906394
0.0086714780463
0.0122055453752
0.0114734527802
0.00823226564767
0.01405576449
0.00800428510071
0.00829012483054
0.0109014829234
0.00935393800584
0.00973714355245
0.00811122356163
0.00859251223933
0.0101283989028
0.0082283492337
0.0113851336337
0.00814177109275
0.00929908911424
