0.0146930527175
0.00887006286602
0.00801793822639
0.00810303468782
0.00808896037231
0.0104364510837
0.00842107408912
0.0151591044865
0.00923835992585
0.0083767122579
0.00914400698575
0.00886306507392
0.0113165351358
0.0108635559269
0.0093047932651
0.0116027143967
0.00990830292748
0.0112273669271
0.00873738845065
0.0127953621572
0.00839768884716
0.0102179771481
0.00844710853747
0.00790485390193
0.00791574498932
0.0126009043268
0.00904102826492
0.00929948614841
0.0102346729897
0.00785721368988
0.0113909903617
0.00951733184376
0.00810917893693
0.0108721010694
0.00862158312318
0.00986131767162
0.00882605717816
0.00936522510876
0.00910148526562
0.00928600629418
0.00856561053184
0.0105897094911
0.0093633279051
0.00957403250541
0.0100918852607
0.00882849633725
0.00923697189663
0.00895387847234
0.0143531362936
0.00806291044371
0.00998040735454
0.014353041121
0.0100105782537
0.00811657366261
0.0129448379939
0.00809883967494
0.0130210478023
0.0114437892954
0.0107978980414
0.0116172484992
0.00806064470949
0.00829858934091
0.0104954393082
0.00921604496222
0.016850535095
0.00888667054482
0.0103321180107
0.00956733810097
0.00822451274899
0.0096659009322
0.0103883992961
0.0125131133859
0.0125651390421
0.00966340641222
0.0090600080139
0.00883594141944
0.0094003954179
0.00931368675705
0.0112563766326
0.00919071358476
0.0115942321331
0.00866201529679
0.00863866239331
0.0114914730859
0.00804598079289
0.0108258739319
0.00839525603583
0.0137833402304
0.00816330959769
0.00935244941654
0.00845820773538
0.00849196584457
0.0138298420117
0.0125876999351
0.00846677054186
0.0105466884552
0.00834905153271
0.00857779911658
0.00872747593441
0.0131869137693
