0.00769811764344
0.00870000791648
0.0104442540445
0.00785990069743
0.0112157564926
0.0109212220195
0.00881071208079
0.00940595502084
0.00875011343903
0.00770395527124
0.0103068705551
0.00835029218852
0.00801524833069
0.0114169057833
0.00790753415266
0.0103656053948
0.00863518324331
0.0111858931677
0.0108793491399
0.00812662099958
0.0105379518598
0.00778053787679
0.0106130947302
0.0124426736088
0.00779773918406
0.00837801773909
0.0121921913566
0.0133040163571
0.00838062728439
0.00819721907936
0.0115799164547
0.00801474307276
0.0103836370081
0.0226449973699
0.00955465488617
0.00767182820599
0.0107941972729
0.0103359653076
0.0112212347444
0.0127745677452
0.0104605251975
0.00787400292861
0.0100792490563
0.0077212937841
0.00886274174334
0.00778094203459
0.00903152016036
0.00899644394994
0.00788667994746
0.00772549102853
0.0133049878135
0.0108379024464
0.00766311700461
0.00814950679301
0.00989386606479
0.00844953468282
0.00892095485345
0.00916983534313
0.00790942501114
0.0126746288141
0.00780492539294
0.00822996582165
0.0127341785218
0.00769212712745
0.00878270542109
0.00891731009808
0.0101153614782
0.0086629395193
0.00916452452295
0.0155047139086
0.00789715578612
0.0105412608471
0.00922140817423
0.0132169439723
0.00893695548983
0.0115076646739
0.00843433389768
0.0186951965666
0.00814336313825
0.00790300541399
0.00925360435278
0.0145441295832
0.0128803556391
0.00886234970393
0.00896582226815
0.0111554625208
0.00807922271627
0.0141319235394
0.0140352690421
0.0120675272136
0.0104614196226
0.00872289490482
0.0084200911549
0.00889454251087
0.0160733836136
0.00868015254632
0.00906150678487
0.00885159651622
0.0102590070802
0.00980174153119
