0.00740936437967
0.0132833490594
0.0106951351903
0.0088567836323
0.0130564784084
0.0102518107223
0.0115879015042
0.0238131340575
0.0104913134587
0.0124263837556
0.0113650374322
0.00738919760327
0.00770971951976
0.012255627315
0.0207611928429
0.00917237699216
0.00712041663188
0.00975685624251
0.00979140708484
0.011567448537
0.0105457798418
0.0119835857182
0.00723918477769
0.0195799929602
0.010635301672
0.00965102140247
0.00707546288605
0.00970436532431
0.00921812109746
0.00731725135079
0.00830074552978
0.00976721084334
0.00797081648841
0.0082470363193
0.00788368790081
0.00873568588651
0.00919336245995
0.00862875590601
0.0133273922511
0.00886310509571
0.00833753241487
0.00722720828313
0.00878629687599
0.0083624737365
0.016524254633
0.00930147640709
0.00864402581485
0.00881351866589
0.00709760975206
0.00733639979695
0.0120485132917
0.00912241246048
0.00773412526595
0.00709193392876
0.00718998455062
0.0126987615945
0.00712313892612
0.00737954347076
0.00789211858381
0.0104911373005
0.0139521763461
0.00922767925206
0.00757920778416
0.0139122037224
0.00773915987683
0.00730507041342
0.0101675324613
0.0087067331614
0.011285639599
0.0101349801029
0.0115270953833
0.0109334371087
0.00861933174565
0.0156426066107
0.00996644601343
0.00953020683969
0.0133608096036
0.0074645292617
0.0110925920122
0.0178936165677
0.00731585189961
0.0235920967501
0.00997248227141
0.00723039297274
0.00757618991137
0.00914245815416
0.00772139763322
0.007311486908
0.00780771558652
0.00904483621324
0.00833336169398
0.00830575270478
0.00825370156809
0.00819358192593
0.00745671009864
0.00717235254014
0.00932015901781
0.00744218556159
0.0127674349647
0.00816753192242
