0.0085089934501
0.0318107999759
0.00943234582165
0.00796948564742
0.0128002896446
0.0105291102622
0.0088572589177
0.0109767661915
0.010992017838
0.0109686184848
0.00822966571012
0.00845472868636
0.00711348261664
0.0116377147099
0.00925719492982
0.00845314728658
0.00975502442583
0.00875779310444
0.00991412749761
0.0136533879307
0.00998528495592
0.00726198937805
0.00910204752559
0.00765238159196
0.0148443542385
0.00811265054999
0.00733714008299
0.0124161192257
0.0084291784736
0.0100118414376
0.00819293275702
0.00717602962443
0.00724372402257
0.00806382112604
0.00946619431823
0.0137257608748
0.0118518119313
0.00716825666127
0.00781702824968
0.00801879945548
0.00724438473274
0.0183212958327
0.00716807683091
0.0103251074399
0.00798134195449
0.00825445735623
0.0100782195771
0.009708728179
0.00852782990782
0.00784549625366
0.00930060819781
0.0107620379624
0.00783407607022
0.00788441087276
0.00763930998894
0.00895716472041
0.00931472954584
0.00793583674797
0.0153279528468
0.00825821936268
0.00908178157709
0.00838625717054
0.00790742797804
0.00768615982817
0.0136867558434
0.00834309556265
0.00916577258795
0.0080591752642
0.0148633054905
0.00702126694979
0.00717311260572
0.0131646582409
0.00832688550726
0.0103400410358
0.00712652754425
0.00727554172956
0.0177559684361
0.00931718956905
0.0109227985643
0.0106880982856
0.00748875535683
0.00731739478368
0.0138547040973
0.034635527388
0.00747252581645
0.00944707956045
0.00746937487596
0.00889513299128
0.00746534650466
0.00867608991421
0.00776594358795
0.014904908835
0.0102524275258
0.00787150649292
0.0130508788878
0.00970178544348
0.0113167931247
0.00741755378141
0.00978168778697
0.00830417948152
