a    b    distance0    NDraws    time    dist_threshold1    
0.703902890343    -0.243308103801    0.460912575195    1    0.0596990585327    0.807453313409    
1.45661950763    0.641655848142    0.647045010216    1    0.0346829891205    0.807453313409    
0.790750152635    -0.49877029599    0.633017086139    5    0.159536123276    0.807453313409    
1.09582105492    0.173591392446    0.132844034221    2    0.10671210289    0.807453313409    
1.28939270039    -0.192643840718    0.290650656488    2    0.128793954849    0.807453313409    
1.20902569081    -0.794524981699    0.752878483051    1    0.0577139854431    0.807453313409    
1.21773067875    0.0370496015324    0.213182731013    5    0.185665130615    0.807453313409    
1.26537627208    -0.476550797708    0.756662997931    1    0.0611801147461    0.807453313409    
1.11934960267    -0.196250189264    0.185777213522    2    0.0873939990997    0.807453313409    
1.05559168233    -0.141128583036    0.149004022641    2    0.0908491611481    0.807453313409    
0.577817517585    -0.0990126773614    0.432435970354    1    0.057107925415    0.807453313409    
1.51789661398    -0.150467292026    0.515751379086    2    0.0993959903717    0.807453313409    
1.13575899784    -0.0979662419804    0.422212604704    1    0.0658659934998    0.807453313409    
1.21287535207    -0.714310868236    0.682650687333    1    0.0617418289185    0.807453313409    
0.358164952177    -0.496979520946    0.741571455378    1    0.0621800422668    0.807453313409    
0.649610733421    0.590589621147    0.720715899496    1    0.0634200572968    0.807453313409    
1.17911983719    -0.473849486903    0.482395486488    4    0.216564178467    0.807453313409    
1.56652780785    0.173835596143    0.586567537452    2    0.087229013443    0.807453313409    
1.45614986461    -0.488776023774    0.554278510241    1    0.0354089736938    0.807453313409    
0.475315348246    -0.152585193009    0.689543290012    2    0.086884021759    0.807453313409    
0.411154692112    -0.197556241359    0.599281449487    1    0.0599679946899    0.807453313409    
0.490341196434    -0.0716720781547    0.505495708045    1    0.0712969303131    0.807453313409    
0.5497371826    -0.406500958871    0.663286168098    2    0.101792097092    0.807453313409    
1.67620231879    -0.177711634724    0.700447590285    2    0.0774738788605    0.807453313409    
0.664233218643    -0.164960485625    0.333619819112    2    0.0675909519196    0.807453313409    
0.758005218627    0.405323774244    0.360201884327    2    0.0792098045349    0.807453313409    
0.409699413191    0.566895291596    0.701514474124    2    0.0730910301208    0.807453313409    
0.932555526158    0.431420511603    0.265483800183    3    0.107510089874    0.807453313409    
1.29007500803    0.527430312018    0.508727916054    4    0.19115281105    0.807453313409    
0.645338340855    -0.505046853059    0.465237414638    1    0.0457999706268    0.807453313409    
0.487894299683    -0.175144022496    0.523879879158    1    0.0380351543427    0.807453313409    
1.15603813377    -0.977034050775    0.69525793538    1    0.0285730361938    0.807453313409    
0.486249206826    -0.415842919022    0.678817997607    2    0.0687098503113    0.807453313409    
0.805922586412    0.425826587727    0.771439206003    3    0.0966019630432    0.807453313409    
1.6923441614    -0.170592914517    0.712208759696    2    0.0847539901733    0.807453313409    
0.893764943734    -0.550030784773    0.413797003509    1    0.0486660003662    0.807453313409    
1.33293991462    -0.400773792741    0.399260342285    1    0.0327930450439    0.807453313409    
1.38163893451    -0.481044244639    0.475175834879    1    0.0365500450134    0.807453313409    
1.25519383151    -0.886594755362    0.561224612319    1    0.0311751365662    0.807453313409    
1.04364769229    -0.0841020731797    0.0536383879016    1    0.0331311225891    0.807453313409    
0.479254940363    -0.480485605211    0.613943893603    1    0.0390939712524    0.807453313409    
0.876935464338    -0.270754565638    0.715264047963    1    0.0289630889893    0.807453313409    
1.13245237716    0.0824334262785    0.155456438109    2    0.111807107925    0.807453313409    
1.5564707868    0.0394767755696    0.58113529464    1    0.0376207828522    0.807453313409    
1.61249024798    0.240636539793    0.624791426295    4    0.205729961395    0.807453313409    
1.57702046036    -0.592341378766    0.778151319769    11    0.466214895248    0.807453313409    
1.20782642516    0.390644372863    0.329217663603    4    0.144779920578    0.807453313409    
0.754022598629    -0.228404652756    0.398430484154    2    0.065614938736    0.807453313409    
1.4889765527    0.0129158755121    0.510627278589    10    0.332990169525    0.807453313409    
0.67325616386    0.412836752098    0.328099251966    1    0.0616869926453    0.807453313409    
1.23626600071    -0.385418559635    0.516285380328    3    0.190197944641    0.807453313409    
0.681777517999    0.821141709619    0.744816716913    1    0.0327260494232    0.807453313409    
1.37266116775    -0.29480681761    0.374371806149    2    0.0934329032898    0.807453313409    
0.77086771156    0.416965209177    0.68842876584    1    0.0509889125824    0.807453313409    
1.2136103994    -0.417848900728    0.394032552444    1    0.0408771038055    0.807453313409    
1.03262179203    0.154434378835    0.0663875697482    2    0.081661939621    0.807453313409    
0.715892394007    -0.38084227308    0.405231419102    1    0.045294046402    0.807453313409    
0.928625037824    -0.971120910064    0.793401478673    5    0.209797859192    0.807453313409    
0.776037531299    0.0395307407416    0.28594548529    2    0.0775599479675    0.807453313409    
1.24998858596    0.389141184775    0.422622303166    2    0.140272140503    0.807453313409    
1.05426834453    -0.179559094027    0.207863275637    2    0.0783629417419    0.807453313409    
0.780854264827    -0.390327398076    0.48174244591    3    0.114622116089    0.807453313409    
0.885770808633    -0.607593930924    0.524137410363    2    0.0773668289185    0.807453313409    
0.478945171552    0.52452338613    0.753359309527    3    0.137676954269    0.807453313409    
0.457410444655    0.0785889132456    0.550414837777    1    0.0359318256378    0.807453313409    
1.48701320228    0.426478125584    0.788022719768    1    0.0450780391693    0.807453313409    
1.06080366669    -0.194711022746    0.205834203431    1    0.106294155121    0.807453313409    
1.0484370921    0.557654164123    0.598840047927    8    0.2948179245    0.807453313409    
0.976650676668    0.570704015916    0.802594835887    2    0.0646250247955    0.807453313409    
0.631944414557    0.37014432048    0.690337119152    1    0.0356729030609    0.807453313409    
1.51699524708    0.688610243316    0.580357393787    1    0.0393478870392    0.807453313409    
1.5554134842    -0.143516239691    0.560568882797    1    0.108253002167    0.807453313409    
1.04472640974    -0.204212113654    0.100744301034    5    0.201704025269    0.807453313409    
1.08590690826    0.0662468075297    0.0930797179438    6    0.212555885315    0.807453313409    
1.35006264431    0.123775209397    0.358980352809    1    0.0326561927795    0.807453313409    
1.57787074586    -0.20081539646    0.580157186478    1    0.0358870029449    0.807453313409    
1.03106185656    0.709946873427    0.606793002364    2    0.0699908733368    0.807453313409    
0.770482016825    -0.584149576667    0.334457300867    1    0.0309791564941    0.807453313409    
0.744480268347    -0.333469013294    0.374842937211    4    0.133219957352    0.807453313409    
0.779805974047    -0.131732550152    0.38712186734    1    0.032557964325    0.807453313409    
1.44661185133    0.631905631808    0.797737282363    3    0.101624965668    0.807453313409    
1.43886125931    0.452511057909    0.590988485772    1    0.0376060009003    0.807453313409    
1.3777117556    -0.880331763722    0.721313973151    8    0.268846035004    0.807453313409    
1.14985709742    -0.327356935618    0.340807219882    3    0.102822065353    0.807453313409    
1.21050096258    0.180533246145    0.212039466099    2    0.0688538551331    0.807453313409    
1.13701433105    -0.374388640093    0.299642334971    1    0.0425729751587    0.807453313409    
1.04015728248    0.178029583269    0.0457817496654    1    0.0321438312531    0.807453313409    
1.45525925362    0.0922973247606    0.478595187458    1    0.035336971283    0.807453313409    
1.3938201535    -0.0478925435068    0.409939242541    3    0.100536823273    0.807453313409    
0.73046182984    0.439690600211    0.46628762486    5    0.171149969101    0.807453313409    
0.631345550814    0.0452058821652    0.388242506562    2    0.0622930526733    0.807453313409    
0.988738325913    0.388980234917    0.453695884548    2    0.0739028453827    0.807453313409    
0.511959953992    0.174245847497    0.511446496052    6    0.19658613205    0.807453313409    
1.24517021089    0.461145668741    0.588606848333    1    0.0307869911194    0.807453313409    
1.12378482139    -0.604076915019    0.738545420814    1    0.0368120670319    0.807453313409    
1.51943806091    0.253184879936    0.593597654325    3    0.0718870162964    0.807453313409    
1.17896701942    -0.00216110050928    0.310490276608    1    0.0187690258026    0.807453313409    
0.53842088367    -0.522290533339    0.614510718521    1    0.0186719894409    0.807453313409    
1.26034579218    0.498001500239    0.556803023129    6    0.202303171158    0.807453313409    
0.454861146216    -0.145605272144    0.548672833226    3    0.0934591293335    0.807453313409    
