0.0110808006136
0.0112674796864
0.013455684925
0.00911475902383
0.00769835081482
0.00961782589488
0.0135370311497
0.00861184698926
0.00725609323412
0.0107442077573
0.00814806156566
0.00799539383801
0.00782936233377
0.00815169858405
0.0112608367516
0.00840245604233
0.00945143418801
0.00729584808998
0.00808239932497
0.0122530929267
0.00913115243656
0.00930440581302
0.0124989240859
0.00968463666898
0.0074532277133
0.013445611457
0.00780383007898
0.00966653124948
0.0081202982035
0.00773701020957
0.0100584114768
0.00903883428933
0.0084670399842
0.00998154285739
0.0072992428961
0.00876063217012
0.0101917876595
0.00864830956806
0.00773739114668
0.00989276924593
0.00731053166027
0.00792591688823
0.00845872171169
0.0129714401664
0.0302053935223
0.00797797166802
0.0105278529426
0.0118627992418
0.00816342806061
0.0113324113935
0.010279889088
0.010915609708
0.0142555073474
0.0135588775472
0.00997180502329
0.0089854639096
0.00933026832049
0.0129715939152
0.00723785782985
0.0118220710823
0.00756816863642
0.02154667978
0.0102165193179
0.00944994298789
0.00923377020427
0.0113943794964
0.00862229193213
0.0161714154246
0.00861207938387
0.0103949796253
0.00746909282314
0.00768840197762
0.00744703445736
0.0130699130949
0.0142310051856
0.00905885967755
0.0111232144938
0.00971835370576
0.00835668460835
0.0126876905239
0.00820312814495
0.00837076568276
0.0102278659517
0.00919786334653
0.00742801315851
0.00756337927241
0.00797106536081
0.0074954482446
0.0100683923503
0.0108064983343
0.0125760780936
0.0098477769802
0.00947803376945
0.00738948859971
0.00910573429744
0.00786829401856
0.0129608720539
0.00765517357337
0.0107108315457
0.008773155913
