0.0141499952887
0.00733325820297
0.0102458127706
0.00836725478681
0.008794010032
0.00815825816953
0.0076943801601
0.00931423186525
0.00878048345035
0.00796477204066
0.0085212862114
0.00749527755736
0.00869117952159
0.00887058891257
0.00771822334701
0.0103203253449
0.00730049684181
0.0103845322816
0.0102301764752
0.00911223540108
0.00975826343687
0.0087151407637
0.00906723440457
0.00714719896762
0.00716835777716
0.00771190833869
0.00852389840825
0.0188046059478
0.01614571775
0.013040407914
0.00751992547028
0.0100342952208
0.00720315398329
0.008002959951
0.0145442977545
0.00744222434079
0.0157848904554
0.0130921401822
0.00803010509668
0.00760177415133
0.00832128455929
0.00819765207937
0.00768791578263
0.00960853142203
0.0109141725748
0.0083666764876
0.0130888211408
0.0095418769368
0.0103558525872
0.0104165794379
0.00722811725119
0.00763584444528
0.0102299727515
0.00820064163614
0.00799281350529
0.00784983283467
0.00964670356216
0.0116367921956
0.0153051725776
0.00736524692707
0.00951631442729
0.00998949511588
0.0213728810682
0.00936815851729
0.00988856530238
0.00910099845286
0.00867472066633
0.00840193751562
0.00734280984931
0.0115227503063
0.013678502164
0.0106268512626
0.00900954329129
0.0105843742741
0.00781708679937
0.00805043289622
0.0135519408882
0.0123660048614
0.0117015036193
0.00920410967943
0.00711858599643
0.00916635182809
0.00820923911434
0.0129373395094
0.00861638745667
0.0173318805342
0.0180076192209
0.00804928178032
0.00800086881037
0.00785268031883
0.00717870928053
0.0104286524304
0.0216515596799
0.0122146110318
0.0071411014042
0.0129397504343
0.00716371315466
0.00821315113582
0.011720056634
0.00991369961583
