0.0094957739675
0.0149195205503
0.0160609363691
0.00894916218999
0.00796573872729
0.0120906058367
0.00819470510598
0.0147540451176
0.00823117611231
0.00820902247178
0.00884209812001
0.00888619058662
0.0100842452717
0.0122830517049
0.00801324174923
0.0114895667387
0.0103282423876
0.00997741179934
0.00960715320159
0.0101838685728
0.00796901460188
0.0126240774927
0.00806781689053
0.00853005326178
0.0112132907581
0.0135894845942
0.0120219902695
0.00819000663023
0.0112706299195
0.00914629302159
0.00899530197107
0.00894389783967
0.00862157336832
0.00830659316896
0.0105992262567
0.0089674259546
0.00942504227067
0.0103350866566
0.012131758614
0.008252429383
0.00845052336128
0.0129241991813
0.00873357780396
0.00958366257583
0.0130238486179
0.00835578795564
0.00916149516945
0.00964302023471
0.0111128806723
0.0114245418357
0.00822489022387
0.00886817357421
0.00828742746588
0.0114101168214
0.00808050248278
0.00835400272916
0.00888599130535
0.0085164969598
0.0112435123855
0.00871096212597
0.0116460610232
0.00881745957127
0.00809217784745
0.0107804268083
0.0107777183038
0.0105129243983
0.0111263867604
0.0121102987286
0.0127472153472
0.0102878879788
0.00974132119565
0.0110765555961
0.00868624306542
0.0101048427056
0.0106257139164
0.00804742782566
0.0121035299273
0.00832547362854
0.0107810978552
0.00998642201793
0.0118607495901
0.0124386415143
0.0108904548449
0.0082079105127
0.00994203385316
0.00878999345765
0.0144587195298
0.0106645662689
0.00882878164905
0.00812571777175
0.00799622888722
0.00833304853267
0.00982091458247
0.00949427275335
0.00816786252337
0.011791941771
0.00808020751206
0.0105443905827
0.00832543045938
0.00809858591564
