0.00960112748486
0.0101230056999
0.00927737707277
0.0068298642994
0.00867153000249
0.0106869041878
0.0065857667805
0.00994870025905
0.00699668621404
0.00798447967464
0.00728458704894
0.00879539358946
0.00672401185488
0.00816137660479
0.0104265921107
0.00714506252225
0.00952060672441
0.00950212581506
0.00662693997482
0.00811140750114
0.0182943018542
0.00767725549156
0.00805351209388
0.0575353621841
0.00972568600304
0.00875784616018
0.0139725376262
0.00914348159235
0.0129268198363
0.00709614460452
0.00737564185829
0.00933921672773
0.011451714957
0.00855652668294
0.00746970190223
0.019603819372
0.0166815770792
0.0129647831049
0.00680571237301
0.00704270648002
0.0165179630356
0.0076358042322
0.00851646822861
0.0105528327096
0.00870185984939
0.00847305161435
0.00800990814589
0.00723170820708
0.013277754035
0.00772186029085
0.0370762980962
0.0114687988006
0.00890923548205
0.00677287036478
0.00783161667967
0.00709807560455
0.00657103412557
0.00687546823514
0.0180599260216
0.0068010258865
0.00889690109145
0.00660499971885
0.00822728700129
0.0137126220255
0.00739205905475
0.00792415373986
0.011754142991
0.0167007037454
0.00659266817807
0.00669765244846
0.0118696609141
0.00742465746226
0.00945207292214
0.00881425978338
0.00750779640053
0.00899015421954
0.00853615376318
0.00751176624967
0.00743138686843
0.00882801126448
0.0070562135275
0.00812039819392
0.00841592483559
0.00891549491398
0.00744658741881
0.011756516061
0.00688450237121
0.00960514261146
0.00657650114927
0.00801824275798
0.00909293483463
0.00725843795338
0.00738635027101
0.00746256637358
0.00853867410923
0.0178322100176
0.00654453084943
0.00770794944907
0.00885131518966
0.0120789442187
