0.00991602548789
0.0119626337218
0.00901612227453
0.0110937220039
0.00943069027352
0.0112246040508
0.0133843344481
0.00806062931086
0.00939169206637
0.0117351149837
0.0097972673981
0.0106727437036
0.00852245147857
0.00796761716915
0.0117276142949
0.0129331727568
0.00991803070106
0.0132649110714
0.00925307996766
0.00912420256356
0.00888213483057
0.00804514131189
0.0109671180734
0.00791721187696
0.00969228420858
0.0109847674592
0.00887452336306
0.0101557294743
0.0122876260956
0.0097450013667
0.0101989266196
0.0124363165381
0.00839450781327
0.0102153152152
0.00836049613479
0.0122974893482
0.00862094724465
0.0106456861495
0.0121820580452
0.00990913409801
0.00854929867493
0.00797280690611
0.00822907060685
0.00897191565884
0.00781899322891
0.00959974004561
0.0104930004051
0.00882497210575
0.00942023164327
0.00794834475393
0.0117073334613
0.0139445881933
0.0110748847962
0.00861594251694
0.0118665571912
0.0111502923933
0.00772576454861
0.0111089247011
0.0110583220768
0.0111524479169
0.0109659898108
0.00872464010494
0.0136491879907
0.00937797321165
0.00932176154426
0.00848836254977
0.00977146894092
0.0100699521823
0.0092703209612
0.00975585765279
0.0101936591869
0.0100640128396
0.00829972894666
0.0105093900129
0.0083684322739
0.0134810368911
0.0104762868369
0.009668438552
0.0100612205046
0.0090606801516
0.00772151732765
0.00836371259375
0.00835202299346
0.00779105096691
0.011113094889
0.0123043849325
0.00783175609404
0.00894466593346
0.0087203753167
0.00947758639352
0.00806613090245
0.0132214441347
0.00902514014218
0.0095951035309
0.00778637209507
0.00785008303207
0.0145253623328
0.0129679660199
0.0103303265574
0.00999099584769
