a    b    distance0    NDraws    time    dist_threshold1    
0.998242938145    -0.14587560652    0.0244003907937    34    1.17018508911    0.0413912600472    
1.0372514696    0.189468901613    0.0378577099595    7    0.218579053879    0.0413912600472    
0.958828970476    -0.115823730831    0.0411821838206    29    0.867336988449    0.0413912600472    
1.03233098685    -0.00381784749438    0.0329563948709    6    0.181638002396    0.0413912600472    
1.01423105002    0.00965974643422    0.0334503662826    11    0.358350992203    0.0413912600472    
0.987469753683    0.25206730247    0.0106025156379    49    1.99197602272    0.0413912600472    
1.0190504414    0.0327119896558    0.0308981082926    2    0.129137039185    0.0413912600472    
0.965111744742    0.200563002606    0.0309415964077    54    1.64946913719    0.0413912600472    
1.00357684626    0.0708613878381    0.033050912156    7    0.213909864426    0.0413912600472    
1.01695078828    -0.0824427134792    0.0259776149275    8    0.247083902359    0.0413912600472    
1.02561168614    0.0586518444047    0.0305674658975    4    0.119541883469    0.0413912600472    
0.991724088842    0.1048463254    0.0104476003751    15    0.449589014053    0.0413912600472    
0.978037951227    -0.0310332671384    0.0333730474026    34    1.22992110252    0.0413912600472    
1.02126557846    -0.266878606765    0.0330609623398    11    0.407774925232    0.0413912600472    
1.01847696944    -0.0259192750511    0.0257193032001    5    0.154418945312    0.0413912600472    
1.02086231947    0.197235202013    0.0212254627567    59    1.85588598251    0.0413912600472    
0.976074908781    0.0786561856839    0.0246352600853    6    0.186685085297    0.0413912600472    
1.00050181397    0.192348331559    0.0369125213964    28    0.936088085175    0.0413912600472    
0.981297516489    -0.0218287080318    0.0201101963367    21    0.802173852921    0.0413912600472    
0.993988184474    -0.167301315193    0.0217619500774    23    0.821331977844    0.0413912600472    
1.0068630916    -0.0124581198438    0.0104613305201    10    0.33754491806    0.0413912600472    
1.02478896455    0.209088399955    0.0392961998494    31    1.0908780098    0.0413912600472    
1.01330910768    -0.0613818988274    0.0398799110218    36    1.11216902733    0.0413912600472    
1.02634650948    -0.0910062350786    0.0336519824405    12    0.375805854797    0.0413912600472    
0.979579861068    0.190010890131    0.0192601229869    10    0.340844154358    0.0413912600472    
0.978599643678    -0.224673939142    0.024479360764    11    0.416156053543    0.0413912600472    
0.995514744713    -0.240196206079    0.0160066508979    38    1.42263197899    0.0413912600472    
1.01477428275    0.0536090671554    0.0245743967031    5    0.158190011978    0.0413912600472    
0.979728518661    -0.145307259303    0.026703124917    22    0.866734027863    0.0413912600472    
0.996633259767    0.145891838428    0.0319923115323    20    0.755054950714    0.0413912600472    
0.990165825545    0.106402331808    0.0309389358683    25    0.90719294548    0.0413912600472    
0.990324460734    -0.0562516952193    0.0283846726349    39    1.29072785378    0.0413912600472    
0.992547104748    -0.030582520436    0.0345381696026    13    0.4212038517    0.0413912600472    
1.00578278917    -0.0780449198204    0.00228628091146    3    0.106398105621    0.0413912600472    
0.998548265695    -0.19895911382    0.00586769203862    6    0.191936016083    0.0413912600472    
0.99109483275    -0.0664616686002    0.0245152298762    63    2.2905831337    0.0413912600472    
0.989459149891    0.141889999148    0.0368873765929    4    0.12669301033    0.0413912600472    
0.977214464256    -0.0495270672011    0.0315558238889    39    1.31042194366    0.0413912600472    
0.967474344126    -0.0392849885203    0.0381102525073    6    0.188060045242    0.0413912600472    
1.01994397936    0.0355500405835    0.0378637170432    4    0.138393878937    0.0413912600472    
0.998706169336    0.0876595558885    0.0101600351723    6    0.196048974991    0.0413912600472    
1.02120845799    -0.281107705891    0.030833963905    13    0.43075299263    0.0413912600472    
0.995414628404    -0.0734638396272    0.0147141472721    2    0.0762979984283    0.0413912600472    
1.02132308576    -0.179714179103    0.0349811020107    16    0.626568078995    0.0413912600472    
1.00611411307    -0.281115079212    0.0253028172779    2    0.0861148834229    0.0413912600472    
0.999200414521    0.0760655240278    0.0141800627302    6    0.227859020233    0.0413912600472    
1.02882155101    0.0586931629665    0.0308968368151    77    2.62096190453    0.0413912600472    
0.991689761119    -0.127227552268    0.034525584676    41    1.37411212921    0.0413912600472    
0.995280631859    -0.209988801704    0.0247557520488    61    1.97809886932    0.0413912600472    
0.969544931459    0.0460290149125    0.0364796014621    30    1.20693993568    0.0413912600472    
1.00595549221    -0.0681026397808    0.0300070154098    4    0.143507003784    0.0413912600472    
1.03280724327    -0.0548263904999    0.0281040057076    8    0.29182100296    0.0413912600472    
1.01774435875    -0.0916758713187    0.0360142705687    6    0.204352855682    0.0413912600472    
0.977731857069    -0.13663678288    0.0274654402728    21    0.679882049561    0.0413912600472    
1.01083504446    -0.0605295089966    0.0183227164826    13    0.440090894699    0.0413912600472    
0.99650197279    0.0568398065989    0.00426808527283    27    0.878296852112    0.0413912600472    
1.02576549461    -0.130494627649    0.0266171558264    21    0.666025876999    0.0413912600472    
1.02487932946    -0.0981883123285    0.0312834043755    4    0.131692886353    0.0413912600472    
0.971108571215    -0.0278456171132    0.0298632483952    7    0.226493120193    0.0413912600472    
0.991300206951    0.0756954407635    0.0119934275465    4    0.142390966415    0.0413912600472    
0.97527538304    -0.126878572471    0.0239463236882    6    0.19304895401    0.0413912600472    
1.01432762596    0.111935997248    0.0174150258044    15    0.520274162292    0.0413912600472    
1.00189133419    0.0308448129755    0.0250650878494    92    2.712018013    0.0413912600472    
0.973338673274    0.0762820753495    0.0345999747234    70    2.31060910225    0.0413912600472    
0.972716730454    0.0121088570964    0.035566026049    13    0.391795158386    0.0413912600472    
1.03232685173    0.105576554647    0.0315062328971    12    0.351229906082    0.0413912600472    
1.01146379338    0.216303214353    0.0393649566781    17    0.490041971207    0.0413912600472    
0.97300784942    -0.128609633056    0.0307377033168    35    1.06097793579    0.0413912600472    
0.973006885929    0.206081396905    0.0350887018935    2    0.0609800815582    0.0413912600472    
0.978695656633    -0.0680952739086    0.0194117166301    16    0.444136857986    0.0413912600472    
1.00020753961    0.18193483929    0.0407839968242    15    0.512294054031    0.0413912600472    
0.98344862978    0.205118571001    0.020502645498    8    0.257431030273    0.0413912600472    
1.02850204695    -0.0958718192746    0.0357494637307    2    0.0652449131012    0.0413912600472    
1.02805254354    0.116444845503    0.0230448463092    10    0.321614027023    0.0413912600472    
0.988370681659    -0.165208846077    0.0140837354785    14    0.452798843384    0.0413912600472    
1.00917410878    -0.0500651143037    0.0409688103828    3    0.0988810062408    0.0413912600472    
0.983070587067    0.240383079269    0.0238415711608    22    0.67845916748    0.0413912600472    
1.01442396871    -0.0969718800213    0.0362483232029    5    0.165627002716    0.0413912600472    
1.0181996882    0.18627408601    0.0168681783248    54    1.64390683174    0.0413912600472    
0.978217701029    -0.0175033860183    0.0289913113321    6    0.168541193008    0.0413912600472    
0.97836217584    -0.163043568929    0.0376397360029    103    2.47369289398    0.0413912600472    
1.01468151906    -0.27169669803    0.0266155201354    1    0.0192778110504    0.0413912600472    
0.973869063526    -0.0507083990049    0.0278501969605    18    0.329852104187    0.0413912600472    
1.02382070146    -0.0372375584344    0.0273428658852    13    0.242835044861    0.0413912600472    
0.984538976997    0.150525152868    0.0273908863481    21    0.701915979385    0.0413912600472    
1.01100012982    -0.132776369283    0.0295486636187    11    0.336593151093    0.0413912600472    
1.03142657886    0.214172251455    0.0376803522713    6    0.195934057236    0.0413912600472    
0.999462619974    0.218616762136    0.0182594597153    33    1.14613103867    0.0413912600472    
0.99954178244    -0.104815280976    0.00814407566914    26    0.693588018417    0.0413912600472    
1.00017149808    0.0141629042337    0.00471135437261    12    0.294288873672    0.0413912600472    
1.00598358396    -0.0186814356473    0.0309656834801    15    0.372153043747    0.0413912600472    
0.995654987022    0.0354537928719    0.00800897683504    2    0.0581040382385    0.0413912600472    
0.98224002202    0.120584149017    0.0362045828606    2    0.054615020752    0.0413912600472    
1.03426536308    0.0301939134722    0.0328392291508    13    0.5539290905    0.0413912600472    
1.01848592461    -0.0736020477528    0.0268403009599    12    0.393227100372    0.0413912600472    
0.975519077175    -0.136907270289    0.029738842548    28    0.722690820694    0.0413912600472    
1.01313635446    0.0424910338682    0.016677331856    11    0.266018867493    0.0413912600472    
1.03106463453    -0.202802718002    0.0303176825556    8    0.197020053864    0.0413912600472    
1.01007314728    -0.0918133053717    0.0150880057062    21    0.610532045364    0.0413912600472    
1.00096909998    0.00877696665968    0.00184905875606    3    0.0874619483948    0.0413912600472    
