0.0102756137958
0.010399387791
0.0134776335063
0.00800693456181
0.00925372759651
0.00887323067532
0.00941614694072
0.00837537044327
0.00972061578083
0.0111155443689
0.00842370022566
0.0119080169662
0.00994037283453
0.0134167269564
0.00879133348289
0.00851377272075
0.00904386165645
0.0131508316479
0.00932629869575
0.0107730479912
0.0120684313068
0.0123981220511
0.0105992269973
0.00843408958985
0.0120858232092
0.00944376712404
0.00809107463759
0.00819663191788
0.00870623898478
0.0115539659529
0.0121245749325
0.00894509237703
0.00873945519926
0.00918636099571
0.0107356048884
0.0131609513962
0.00966293540021
0.00965197708822
0.00800421478542
0.0114097853254
0.00970633677231
0.00946182913573
0.0118276717117
0.00884687602297
0.00800003278
0.0106654085582
0.00892213263229
0.00815883898181
0.00921102726619
0.00835181128975
0.00980956867278
0.00932482562035
0.0109236666562
0.00808535859699
0.00866119314304
0.0101072259992
0.00870264706303
0.013758906202
0.00804492764557
0.0146822185469
0.00867597581544
0.00886844839213
0.0100188627375
0.0108165546694
0.00897303457546
0.0111815966438
0.0095920029217
0.0101384386881
0.00798740843723
0.0110679101247
0.00948274363047
0.0103577624765
0.00902108435007
0.00863975260958
0.00947019149884
0.0105150233426
0.00956409700368
0.0126682408167
0.00885116579978
0.00916698685944
0.0126074796464
0.00802142487284
0.0111827967196
0.012441117502
0.00955950646649
0.0111131574982
0.0148286661231
0.00891891010839
0.00914036725533
0.0082264598838
0.0106806510798
0.00990676176777
0.010446915099
0.00792559303094
0.00966573638752
0.0100366490261
0.0122979634038
0.00987413550755
0.00823086128213
0.0091845698512
