0.0105266799191
0.00890543208551
0.00860479840917
0.00871801047527
0.00950124740744
0.00840806849568
0.00922843299935
0.00920734968259
0.0111236825136
0.00936169151393
0.00844456932928
0.00876981758024
0.0103507252604
0.00858445559353
0.00953286827262
0.0113068237563
0.00855456396732
0.00891478861653
0.00909578352845
0.0135807188302
0.0121962147991
0.0103508165139
0.010322471104
0.00871725959344
0.0125720174229
0.010627193902
0.00979538518913
0.00882012539201
0.0109299862782
0.00892640655455
0.00873813319426
0.0089635235521
0.0104406489995
0.00863986243418
0.00930497190369
0.0126214791125
0.00828798285592
0.0115833082385
0.0096050352278
0.00844031431895
0.00916751254937
0.0120970800465
0.00913231618587
0.0114156167193
0.0096048564426
0.0100309796771
0.00877700943405
0.00924984397914
0.0111058582063
0.0102484382399
0.0105818820768
0.010455167772
0.0106845838249
0.00945993056643
0.00852076274614
0.0121400139157
0.0117707645704
0.0101534551256
0.0100509822363
0.00817626105342
0.00896437457799
0.0082921760138
0.0104614289836
0.0102115865784
0.0100314907953
0.00946286566922
0.0124160828122
0.00896147110091
0.00915393315468
0.00853768721065
0.00918870254177
0.00875184461901
0.00860673121803
0.0099096193865
0.0117943398713
0.0104872238736
0.0110551475096
0.0101762258491
0.00932402585013
0.00994222405118
0.0109948457432
0.00971880221734
0.0111566867039
0.0124027853777
0.0129116708438
0.0099971571984
0.00835964253637
0.00860074904531
0.0123331569387
0.0141046016798
0.00938909623412
0.00846585498572
0.0107150647392
0.00975862425343
0.0122276065537
0.00929781841161
0.0134135600314
0.00874047189722
0.00897936863097
0.00927629412016
