0.00942116785741
0.0125281713072
0.00687889742583
0.0136945958217
0.0098458710253
0.00893614227305
0.00730818175048
0.00777736724431
0.00849550137673
0.00713043056002
0.00875470082455
0.00900114544333
0.00874201069813
0.00802914441133
0.0315284515872
0.00678475315708
0.0132653925618
0.0104085254438
0.00991908439066
0.00702915591762
0.00732393980391
0.0107070455983
0.00833456168103
0.00783474669038
0.00993642722034
0.00758864524219
0.00969776296906
0.0102684125916
0.00934438706354
0.0130556533909
0.00948931074505
0.00727260714594
0.0160558824483
0.0243156770009
0.00916248811653
0.00674471741817
0.0110790119943
0.00694942776339
0.00808731045937
0.00982347056478
0.0131289452107
0.012400172013
0.0135520653036
0.00683049380944
0.00896826384392
0.00868990984766
0.0085925048717
0.00794141811575
0.010926162879
0.00896277335944
0.00979891957998
0.0110462284372
0.00810306272663
0.00810400992709
0.00798880082448
0.00680768256971
0.00886134871588
0.00858672040118
0.00741975205824
0.0114477764432
0.00798422037302
0.010138234603
0.00744662446622
0.00909198680081
0.00702545996364
0.00695983674441
0.00729681940091
0.00746680589386
0.011834986885
0.0162588092346
0.00971029884512
0.00933437131293
0.00750408082232
0.00718468304648
0.0098476391926
0.00991631839396
0.0237818447529
0.00754578903633
0.00955478015886
0.0096480683065
0.00838269777804
0.0119705038835
0.0104135797598
0.00959442701718
0.0102917350451
0.00874600636262
0.00695983183235
0.00842157847631
0.00678925422493
0.00944007821921
0.00747549318411
0.00697127541076
0.00939023639327
0.038443541551
0.00714445415657
0.0107227641673
0.00828227576881
0.0094712797293
0.00761789597016
0.0112322449132
