0.0120665790633
0.0117643962495
0.0133695128532
0.00923673835178
0.0170611431394
0.00923425689742
0.010014784175
0.00835907745901
0.00740026127337
0.00783461366157
0.00836303696869
0.010615570135
0.0131847425896
0.0116830801782
0.00987786215017
0.00809104677074
0.00925057036211
0.0156753539318
0.0141511644903
0.0108132793712
0.00934265231154
0.00858584973599
0.00842309467737
0.007466901082
0.00815710059197
0.00805427663124
0.0085658134625
0.00904804041619
0.00815054615906
0.0131602400016
0.00834653147249
0.0112783655149
0.00967089054143
0.00853380566126
0.00976321501026
0.00729995043688
0.00937805092484
0.00992560609195
0.00794392410079
0.00757990769367
0.0102270875249
0.00782211770493
0.013546324076
0.0126913928959
0.0127470927744
0.0105848383844
0.00754008400844
0.0101620466061
0.00933123491454
0.0098333456111
0.00961676974892
0.010428718594
0.0100404638519
0.00867073037416
0.0180591536997
0.00762043597029
0.0117371597853
0.0166419151897
0.00907077159556
0.00881023532401
0.0113664294195
0.0118699314281
0.00734660220528
0.0111162366303
0.0108326308892
0.00770747761544
0.0096048313803
0.00829121135392
0.00841643755787
0.00959343087831
0.0104961605684
0.00995474000762
0.00891212980816
0.010257169977
0.00930061708553
0.00959704098091
0.00951663487543
0.00843816221446
0.00935054250442
0.0076272928962
0.00942729629171
0.00986696387049
0.0131780531438
0.00807192068396
0.00837637187615
0.0110135972223
0.0107060414359
0.00896369826294
0.0116645920082
0.0102326164351
0.0128315482467
0.00740920263846
0.0101198108789
0.00991037020501
0.013487293663
0.00851236159454
0.00785892907208
0.00775621277853
0.0100128561495
0.00910080204293
