0.00968584678285
0.00770797760036
0.0105855225323
0.0105623791763
0.00915036104083
0.0167439779298
0.0174274525567
0.00870145038758
0.00831063824976
0.00904079581097
0.00759990346028
0.00778751308803
0.00802320076581
0.00836922082859
0.00767517899318
0.0113200546756
0.0114816490944
0.00826042934613
0.00981650691525
0.00774821366336
0.00825675236818
0.00840817487374
0.0104205121705
0.00821348781966
0.00831023693515
0.0116309378114
0.00865423627468
0.0079893508479
0.0110712755699
0.0114377126385
0.0113002754824
0.00804255460661
0.0114269271808
0.0161562805826
0.00840469419865
0.00754621981297
0.0138951874471
0.00997143145858
0.0119507586242
0.00822777624504
0.00927996314145
0.00942750653319
0.0156742465156
0.00884797563116
0.0142547348478
0.00901554566775
0.00908690220306
0.00763769730261
0.00866249120434
0.00784923660167
0.00944673286794
0.00918795079921
0.0079725519168
0.00791092954998
0.00802045354361
0.0115690779909
0.0102513938616
0.00906623989295
0.0103581873505
0.0108189709955
0.00751763605775
0.00762139868321
0.00967723707722
0.0117022436008
0.00844563729949
0.0089127723228
0.0110961139424
0.00752084615528
0.00997865657082
0.0103302240344
0.023508094296
0.00897406419972
0.00878696595286
0.0105763819623
0.0126505010503
0.00782596897959
0.0076055964247
0.00754136454933
0.0078170899657
0.012215347684
0.00775246486655
0.0102012301688
0.00906003140394
0.0136291953089
0.010826423077
0.0110060737709
0.00827312960066
0.0108815082997
0.012014858836
0.0136594492353
0.00798262466225
0.00819035323819
0.0150480210748
0.0132303158287
0.00775524296715
0.00827167659853
0.0129393073626
0.00841706640393
0.00830584587224
0.0105991963512
