0.0104962041601
0.0101464197415
0.00845273133808
0.00906209793873
0.00927718976495
0.0114748730379
0.0106814464048
0.00906721832121
0.00915680784253
0.00884614774011
0.0123302043054
0.0104795467695
0.010780878011
0.00925449175101
0.0109207321551
0.00937807309947
0.0118937889258
0.011115387937
0.00858975746483
0.0108589407785
0.00950744264873
0.00889302702769
0.0125839086702
0.0089052189346
0.0135068819243
0.0146299632444
0.0110528556365
0.0101476495822
0.00878724927379
0.0102410704944
0.00846616463567
0.0099809425742
0.00891235913172
0.00904893555111
0.0119485497398
0.00894366706898
0.00920413313655
0.011519845387
0.00974041584347
0.00882497914754
0.00987363300129
0.0110246550024
0.0125706786356
0.00988674565244
0.0104941221174
0.00916090972864
0.00879580637101
0.0126407663477
0.0093551401919
0.00928108667423
0.00951223497536
0.00899926694532
0.0126578245948
0.0103263137805
0.0110171866952
0.00904712652735
0.0124851390655
0.00939831825668
0.00939106276276
0.00930264420279
0.011094034535
0.0121191774847
0.00824410242033
0.012150392812
0.00829639897039
0.00829612384405
0.0107133929681
0.0082430226333
0.00819601100632
0.0100599900822
0.0109277124314
0.0108094498206
0.0115096080388
0.00970095248472
0.0107423286899
0.00865032467746
0.00843787743456
0.0128377218983
0.00955898493976
0.00901621582231
0.00943961688544
0.00975355654427
0.00986323037039
0.00901037366474
0.00944138231857
0.00951775225379
0.00991075530516
0.00895025084626
0.0103873695981
0.0105629365931
0.00838136549211
0.00862383980956
0.00850760134024
0.00837096687113
0.0129972234228
0.00975040931911
0.00825147102557
0.0086461238619
0.00915352581699
0.00854756699702
