0.00869659328261
0.0116497389038
0.00845652820064
0.00857113407998
0.0127009421116
0.00965264319367
0.0116856446182
0.0123632096397
0.0116394263327
0.00949133837939
0.00929775860836
0.00969327393164
0.0133993388435
0.00942758323007
0.0103207083912
0.00974628775093
0.00898756213882
0.0081407116584
0.0104491540853
0.0110359729261
0.0119201471763
0.00837252615407
0.00888591716963
0.00827724454194
0.0104747824801
0.00989531671462
0.00867202627679
0.0124604431466
0.0107753741127
0.0106643876516
0.0115966790436
0.00860116499555
0.0101335184848
0.00858308921527
0.00854106136708
0.00892503620964
0.00989900231919
0.00954293243017
0.00926576417039
0.011158721037
0.00884557010684
0.00936728365427
0.00839635470876
0.00954490557225
0.0133828167162
0.00869508526972
0.0103625233102
0.00881225781135
0.0100330773586
0.0107844281632
0.00932051323694
0.0115536275066
0.00957750437069
0.00875525421085
0.00964583227678
0.00851437990358
0.00935737710716
0.0115625197371
0.00910011650501
0.0123394883848
0.0119773507461
0.011606979354
0.0105525276391
0.00853599041427
0.00861181640763
0.00839220826576
0.0106326441071
0.00820315956731
0.0109025993538
0.0095775679245
0.00873217550503
0.00917663671557
0.0101461608264
0.00993618231813
0.00987268343014
0.0118538384515
0.00859879038096
0.00813112259647
0.0122999679919
0.00908336960698
0.0088724023755
0.012835809664
0.0126439568705
0.0101432773911
0.0099292220162
0.00926754377838
0.0105010084928
0.00811196645224
0.00883130931226
0.00823159440762
0.00912609789836
0.0119544747893
0.00971726039542
0.0104390789919
0.010863725663
0.00913210581441
0.0128691140494
0.0109711778408
0.00988894040466
0.00884456087498
