0.00888855956469
0.00865756309023
0.00811270824442
0.0117039156124
0.0079379097612
0.0110591861351
0.00814838583904
0.0112078241796
0.0122764313245
0.0104706072021
0.0096756565602
0.00814270186247
0.0088092778219
0.00841078345541
0.00823422042819
0.00870670663238
0.00801343987967
0.00805398423125
0.00784700129751
0.0087089667952
0.00849574480158
0.00888274020057
0.0101584586158
0.0122331797441
0.00945428847308
0.010138575427
0.00843542381117
0.00823548939082
0.00849289847076
0.00894922856335
0.0118396409734
0.00967129518636
0.0113734429715
0.00941072412996
0.00810186246642
0.0112295155027
0.00845339568693
0.0237647190849
0.00848721960559
0.0108172960281
0.0114133642986
0.0110363479857
0.00785322034232
0.0128735308868
0.0113934888606
0.0137962317008
0.0097450526371
0.00871589308616
0.012203600424
0.0079978468865
0.010704746798
0.00886439232736
0.010868274161
0.0092963979062
0.0079044806334
0.0121208204204
0.0124887088567
0.00954630443682
0.00869279305934
0.0148755878084
0.00830930710881
0.0124213877896
0.0096157087032
0.0102662328225
0.010516757108
0.00962167272894
0.00939412678283
0.0091828314393
0.00821392358659
0.0100331651265
0.0142815716118
0.00892109343276
0.00903307932408
0.00943263513174
0.00999058979369
0.00838668651619
0.00792877782373
0.00931721264194
0.0148528279345
0.00889381542339
0.00888267951807
0.0100352448774
0.0143027031894
0.00827656483147
0.00856220319198
0.00815967340653
0.00906333539668
0.0106930689146
0.00902335400938
0.00783951035148
0.00809228708931
0.0093603960227
0.0164060017851
0.00798674142313
0.0158393910351
0.0103348194347
0.00891202721292
0.0089206984531
0.00993028278125
0.008683561678
