0.0141681147583
0.00884726028407
0.00874420105352
0.0083935028062
0.00847146326757
0.0118426384261
0.00908166195987
0.0102942682084
0.00845083839992
0.00872620820559
0.00921995009656
0.0191746091333
0.0120923734779
0.0119394106429
0.0111519932117
0.00803379618583
0.00891617834013
0.0107855046745
0.00978462959204
0.0103673368227
0.0171306784615
0.010228135269
0.00809295922325
0.00774384009238
0.0114112668654
0.0106835238848
0.0114643964257
0.0110753687476
0.00928649378644
0.00850784224818
0.00860563598931
0.00862823459936
0.00809439821147
0.0118739561898
0.013384361196
0.00941615070075
0.00921972396592
0.0103373699101
0.00777813847659
0.0104515899499
0.00940663874829
0.009637428076
0.00763754423263
0.0111274270195
0.00893194274038
0.010158740382
0.0171912784767
0.0118462385002
0.00779572982182
0.0100785268295
0.0124501181415
0.00799049645165
0.0177148047266
0.012430780342
0.0100860619682
0.011832317646
0.00867925462677
0.00864154621225
0.0082036058872
0.00762602765548
0.00999018168753
0.00822202873307
0.014491721537
0.00894851703586
0.00836178853597
0.00848840165818
0.0118067155751
0.00764036677959
0.010286318893
0.00989182571298
0.00967264344963
0.00828078874752
0.00832488412137
0.00888977567368
0.00764382598301
0.0105552957854
0.00779099805502
0.00979735045113
0.0104811040348
0.0078950498776
0.00984442096952
0.00874860412463
0.0099884086932
0.00917455246833
0.0103868085505
0.00834966739962
0.00880188888024
0.00994881613328
0.00823775924835
0.0116428739888
0.00813598439305
0.00869179735756
0.00942868419018
0.00858010294022
0.0107191150761
0.0169768229421
0.00814076348003
0.00786654001416
0.00846421769029
0.00904607690684
