0.00759417187228
0.00914011710423
0.00873143670828
0.00817327773754
0.0100724902518
0.00820973675749
0.0112430326352
0.00755054845368
0.00889122875522
0.00880604509769
0.00869581762349
0.00934560357291
0.00823960393343
0.0136328253685
0.00772826288912
0.00909427641898
0.0107310576808
0.0165394065759
0.00844338961981
0.012789423573
0.00895619210572
0.0190878901387
0.00775066150311
0.0102868072704
0.00797726957254
0.00752762469465
0.00821792615476
0.010200238895
0.0083885024613
0.0155791654047
0.0101714448827
0.00862651773813
0.00944055619709
0.00814670804211
0.00875758903152
0.0113264668375
0.00828733570459
0.0179972276467
0.0131114409626
0.0098842677394
0.0122265503968
0.00757995330799
0.0115612485609
0.0085335164625
0.00777264089184
0.00779902534762
0.0106561442949
0.00782088159879
0.00960108713998
0.00863229888036
0.00807868921251
0.00819274177983
0.00777730647022
0.0081008687605
0.00757241620215
0.00818016839001
0.0115620169856
0.01131439976
0.00835668856869
0.00772139269216
0.0106200438906
0.00945711603598
0.00779057705684
0.0112257533872
0.011411167947
0.00857758412502
0.00767525116368
0.0283943406511
0.0094463919287
0.00872944444105
0.00756248071289
0.0159741552959
0.0101249506303
0.00997415788673
0.00768161121319
0.00781646461868
0.00841995637391
0.0120254845806
0.010454689019
0.00981097966825
0.008139439399
0.00779715092358
0.0150953515033
0.0122647739651
0.00830906187558
0.00864742873406
0.00766442678653
0.0075477651522
0.00753245852812
0.0107743748472
0.00933476491115
0.00759443999636
0.0236279855597
0.00967214783864
0.0083586923851
0.0125826771068
0.00943288838065
0.00978061825173
0.0100286636432
0.0102286682696
