0.0104641641436
0.00840876202764
0.00997395340234
0.0129749105388
0.00958246274766
0.0122159007695
0.010913119022
0.0131317386387
0.00763510099988
0.0101837378053
0.0190295474147
0.00831991789945
0.0121740690642
0.00936414293538
0.0121624294288
0.011254685648
0.00822144541408
0.0137248148169
0.0107177926246
0.0118456792617
0.0120745787985
0.00969836604686
0.00863312037179
0.00874178801018
0.00755496375736
0.00911126161156
0.00783290249907
0.00795467187624
0.00869181044163
0.0123661905938
0.00898850190208
0.0124334325557
0.010756929348
0.00868092241729
0.00835352493449
0.011764103238
0.0113666413022
0.00838479790427
0.00848846066121
0.00985780881201
0.00832974132243
0.00816077477937
0.0143750707878
0.00796560234552
0.0113848475747
0.00850692309465
0.00950537070993
0.0138411234488
0.00803003367481
0.00840172910007
0.00879178623206
0.00777664921725
0.0116507390377
0.0108094938333
0.00780617192922
0.010108535924
0.00823146254625
0.0110305207577
0.0113947195585
0.00938333960228
0.00927662863711
0.0121416912281
0.00813473583202
0.00936999519722
0.010148096361
0.0101204627945
0.00843016902708
0.00969856578697
0.0083788180954
0.0100720106289
0.00770429885733
0.0118942587445
0.00978087863614
0.00892020417519
0.00921747884509
0.00956633260697
0.00765316087309
0.00774401849243
0.00971803265271
0.00999975403692
0.00773674700513
0.00882078594312
0.00901574123553
0.00852840779542
0.0123989242801
0.00820902840221
0.00769165581392
0.0102613627092
0.0104087439536
0.0121305211855
0.00774071228079
0.0109079992623
0.00785687606108
0.0176849098215
0.00887195684364
0.0103675355157
0.0121897878611
0.00996015379625
0.0116939711728
0.0100368003907
