0.0102705023585
0.00824583132588
0.00901867918294
0.00992172058558
0.00868091515723
0.013977256237
0.00865543278684
0.00742128479938
0.00964364791846
0.0120978561799
0.0101160048062
0.00947459595292
0.00924555168966
0.0105776055126
0.00750200603605
0.0146747380864
0.00883790866093
0.00927512660053
0.00960950630995
0.00911936828699
0.00917337423871
0.00893819745519
0.00911108793575
0.0126982267885
0.0107762938989
0.00766910912081
0.0111678334918
0.00749397434964
0.013958050324
0.0108404326992
0.010651083845
0.00990970848655
0.0117815390116
0.00797327736634
0.0111910784969
0.0088561699388
0.00775149525125
0.0100268245365
0.0100611249249
0.0143322051322
0.0082659696813
0.00851135150851
0.0104454745473
0.0102447245319
0.00815523383193
0.0116695997196
0.008773340929
0.00827217485999
0.0105082802932
0.0112845384997
0.0104499849501
0.00952703732515
0.00779486428674
0.0100574392625
0.015039418153
0.00854701593019
0.0137299241968
0.012819942086
0.00873665362864
0.008745987102
0.00757250349372
0.00851905949337
0.00813275388325
0.00870571013787
0.0110497461777
0.010713882788
0.00862948183167
0.00994809600903
0.0109949346714
0.00806164082046
0.0130834146777
0.00833738819368
0.0100062221185
0.0106280893039
0.00888826428204
0.0112849893037
0.00911838194628
0.00898841672396
0.00879398753001
0.00856987235315
0.0100506288226
0.0108931299137
0.00918625205496
0.0100649690741
0.0139223948493
0.00983607818862
0.0134966459621
0.0104297092003
0.0105919481812
0.00919887432161
0.00870030573048
0.00757067240469
0.00900309388235
0.00899907851245
0.00889505579346
0.0130401752134
0.0113133926708
0.0146487062023
0.00767441323892
0.0101520589534
