a    b    distance0    NDraws    time    dist_threshold1    
0.400617883623    -1.20248535267    1.31653750285    1    1.16214418411    1.33775612921    
1.359346142    0.174893326587    0.474493869379    1    1.64564990997    1.33775612921    
0.44262455974    0.226521217477    0.663195595955    2    2.96947979927    1.33775612921    
-0.275204956334    -0.284304927597    1.29079032286    1    1.27207994461    1.33775612921    
0.718032717988    0.78033122919    0.896296908023    3    3.82016801834    1.33775612921    
0.728835435795    -1.3641687426    1.28437420086    1    1.16110706329    1.33775612921    
1.94331578877    -0.668431707056    1.0679198832    5    4.99883389473    1.33775612921    
1.58232005699    0.548067500515    0.852659310414    2    1.70643806458    1.33775612921    
0.870813366333    -0.625464895458    0.579765579299    1    1.04735088348    1.33775612921    
1.18310916972    -0.559440970415    0.571956234115    2    2.16639614105    1.33775612921    
1.01223826077    0.480930019775    0.535795482379    1    0.783308982849    1.33775612921    
0.712445406638    -1.06015254421    1.0498111517    1    0.898486852646    1.33775612921    
0.677156122859    -0.845300601036    0.840400456072    2    1.58926892281    1.33775612921    
0.465641712593    0.889337725792    1.08681773036    5    4.51702904701    1.33775612921    
1.31859595732    -0.101136885869    0.321500099849    1    1.21155905724    1.33775612921    
-0.190237583714    -0.0736024414999    1.19065664964    1    0.95334982872    1.33775612921    
1.65837181363    -0.759396994183    0.971567268081    4    4.11524796486    1.33775612921    
0.73531632301    -0.216226174965    0.290963075249    5    3.82699799538    1.33775612921    
0.827031168972    -0.568915697473    0.507944880784    5    4.36741113663    1.33775612921    
0.498845055388    0.393291834555    0.712995094379    3    2.16819596291    1.33775612921    
1.61673139248    -0.583751368842    0.80189823993    3    2.35704302788    1.33775612921    
0.67503104299    -0.292855849736    0.397639235163    1    1.30859303474    1.33775612921    
0.707924229858    -0.168122449034    0.310815081508    2    2.34183812141    1.33775612921    
1.79248669282    -0.750233355675    1.05574873204    1    1.05514407158    1.33775612921    
0.439650298877    0.0596626659985    0.585606061123    1    1.08795905113    1.33775612921    
0.576551720493    0.718604623214    0.960200759875    2    2.3234539032    1.33775612921    
0.0850814268705    -0.0385675479327    0.91651445101    2    2.15171003342    1.33775612921    
0.237918151869    -1.00655140228    1.1919864937    1    0.985584974289    1.33775612921    
0.614396877079    0.0329480032132    0.409953226477    3    2.70314216614    1.33775612921    
0.724117502163    0.385150410083    0.576313726346    1    0.832640171051    1.33775612921    
1.22098948076    0.396578623978    0.525763476452    3    3.00628900528    1.33775612921    
0.594217694884    -0.0575514214735    0.40689566967    1    1.05719900131    1.33775612921    
0.058416702303    -0.467783686205    0.996727220502    1    0.939573049545    1.33775612921    
2.15802650012    0.283179743711    1.22126888377    1    1.16884708405    1.33775612921    
0.472336761503    0.412638564058    0.754281880595    2    2.57117891312    1.33775612921    
-0.151287467549    0.490344207209    1.29629583164    1    0.861400127411    1.33775612921    
0.478118103218    -0.80578542025    0.854101462347    1    0.909812927246    1.33775612921    
1.42496102733    0.0521435013404    0.433599778317    1    0.891130924225    1.33775612921    
1.68529437595    -0.812151292555    1.03154990906    5    4.98641586304    1.33775612921    
0.538374023534    -1.0390315616    1.04037432781    2    2.69951796532    1.33775612921    
0.268837260719    0.0383260778824    0.740315783286    3    3.32109689713    1.33775612921    
0.740727820647    -0.731702034651    0.703233194849    1    1.59702396393    1.33775612921    
1.19192496654    -0.320868634008    0.309365429034    1    1.18797898293    1.33775612921    
1.01760106566    -0.751828117491    0.678338953958    2    2.36644101143    1.33775612921    
0.355647501367    0.280935855341    0.740784703901    1    0.894044876099    1.33775612921    
0.395015023375    -0.736940381    0.916668985352    2    2.38605308533    1.33775612921    
0.0817704745896    -0.581691329034    1.02518656668    2    1.94979095459    1.33775612921    
0.523535253866    0.412001156292    0.705497297401    1    1.03221106529    1.33775612921    
2.06710901498    0.116616898802    1.08553824891    3    3.2066950798    1.33775612921    
1.22445089679    -1.18788060496    1.1480909544    1    0.902245044708    1.33775612921    
0.269006211132    1.04395043725    1.31286957984    3    3.21198606491    1.33775612921    
0.409014060038    -0.0548401536914    0.594065145114    2    2.33961796761    1.33775612921    
1.74914789662    -1.07726629121    1.26677493494    6    7.23565602303    1.33775612921    
1.87395751497    -1.13534816326    1.33595089263    2    2.04002594948    1.33775612921    
0.360640074265    -0.387586775502    0.698239698963    2    1.62752985954    1.33775612921    
0.0621947047713    0.369681028436    1.05590656956    2    1.81040096283    1.33775612921    
0.292744556628    -0.153224249935    0.709749098937    1    1.26313185692    1.33775612921    
-0.0993365741977    0.321890082917    1.16783245159    1    1.92805695534    1.33775612921    
1.29482458137    -1.14463838569    1.09199117806    1    1.59599995613    1.33775612921    
0.698226588155    -0.965792620741    0.922338612189    4    6.80176901817    1.33775612921    
1.60869547163    0.452686707193    0.764798274381    1    1.34615302086    1.33775612921    
1.39328591959    -0.322142840083    0.437945710302    1    1.3591439724    1.33775612921    
0.298059466328    -1.06540137892    1.19220436685    2    2.07632803917    1.33775612921    
1.54811062413    -0.89177387322    0.999343553366    1    1.26548790932    1.33775612921    
0.405447308809    -0.4266179317    0.677372552301    1    1.22572112083    1.33775612921    
1.9499828114    -0.451078256261    1.00116983318    4    5.07592201233    1.33775612921    
0.55151812526    -1.3547490848    1.28180257307    5    6.01894497871    1.33775612921    
1.8497285465    0.543484928492    1.0583485785    1    1.28048205376    1.33775612921    
0.045992766187    -0.89680458269    1.22153234348    3    3.52361392975    1.33775612921    
0.133301138719    -0.272997670983    0.890905771761    1    1.26474714279    1.33775612921    
1.6655514037    -0.723017953915    0.90180824738    1    1.18114900589    1.33775612921    
1.40073953531    -0.776376580148    0.801668596038    2    2.89990520477    1.33775612921    
0.584332641264    -0.567973774914    0.628723208434    2    2.98890209198    1.33775612921    
0.730065018143    -0.937060571072    0.91661608504    4    4.60653805733    1.33775612921    
1.01649928315    -0.456854506469    0.384510258374    1    1.46995306015    1.33775612921    
1.97756451738    -0.538318690856    1.08052787026    1    1.6265900135    1.33775612921    
0.714537455009    -0.370288523538    0.424631487995    3    3.58283996582    1.33775612921    
0.764188281598    0.0623406224236    0.270946123297    1    1.05583810806    1.33775612921    
0.762931612223    0.67831196367    0.781890393908    3    3.01249909401    1.33775612921    
1.41187159988    0.569795493597    0.777024513013    1    1.18354511261    1.33775612921    
1.67495532399    -0.0300165558912    0.676753681271    1    1.3044719696    1.33775612921    
1.92684005482    0.519470887284    1.11467317067    1    1.16507291794    1.33775612921    
-0.142935011902    -0.386157279812    1.18398688024    3    3.04453992844    1.33775612921    
1.43190237548    0.479091178305    0.697280380052    1    1.26161599159    1.33775612921    
0.116976390426    0.378884385602    0.980006062507    2    2.67151284218    1.33775612921    
0.0330294180189    -1.00642320597    1.30266567121    3    3.51033496857    1.33775612921    
1.02522411393    0.451698970881    0.576313149385    3    3.782102108    1.33775612921    
1.55204631588    -0.520512967672    0.698387921227    3    1.73097586632    1.33775612921    
0.99524032828    -0.464150081025    0.38014955539    1    0.56792807579    1.33775612921    
1.63527986831    0.43150628822    0.829605613746    2    1.04666090012    1.33775612921    
1.69386304715    0.223259306292    0.771914667611    1    0.406824111938    1.33775612921    
1.82113108584    -0.197406229372    0.832333342418    3    3.09542989731    1.33775612921    
1.13988315694    0.0894211483409    0.233995924843    2    0.982293844223    1.33775612921    
1.0792823608    -1.41416057876    1.3350274237    1    0.606728076935    1.33775612921    
1.19676129363    0.176796817105    0.31658297665    5    1.77938580513    1.33775612921    
1.33316996417    -0.141911695314    0.345458443    2    0.412600040436    1.33775612921    
-0.011133314681    0.469233907889    1.15243089138    1    0.333940029144    1.33775612921    
1.56676286842    -0.299388738534    0.597429351988    1    0.343055963516    1.33775612921    
1.15754062091    -0.208553300491    0.1805284773    1    1.13958191872    1.33775612921    
1.70715735754    0.59509798486    0.980203294403    1    1.00026202202    1.33775612921    
