0.00862784999291
0.00880285704666
0.0104187757214
0.0127775071198
0.0114904523447
0.00927955441328
0.00896494929295
0.00967080637065
0.00834861137512
0.0103226014175
0.00944657885926
0.0104116718332
0.0101745978065
0.0105457129374
0.00987027795497
0.0086212554591
0.00958616285883
0.0111665993051
0.00876660870789
0.0111893015085
0.00986584507624
0.00843156848363
0.0135077911612
0.0128676632884
0.0129836962714
0.0113304027572
0.0122119677073
0.00918001311596
0.0094205385218
0.0140809958414
0.00929076356229
0.0087399651224
0.0104565955149
0.0112482833377
0.00832390402649
0.00852510316856
0.010196334151
0.0085016530113
0.0112036918581
0.00879902667226
0.0104901898757
0.0128750061076
0.00963660657851
0.00870016704562
0.00861703197446
0.0117624509542
0.0124741582544
0.00967251798703
0.00890113891317
0.00985482375737
0.0089727291887
0.00865263170976
0.00923490935444
0.0110234133486
0.0118329247587
0.0101946073688
0.0086100725612
0.00937315767475
0.00939810159826
0.00853862101507
0.0120622709418
0.0102211295617
0.00968270434891
0.0125892265215
0.00918200156069
0.0106593678262
0.00972280078943
0.00840627902465
0.0104545551467
0.00830823557043
0.00906307857106
0.0093735557239
0.00937423386388
0.0103705485964
0.0124955161282
0.00952840084642
0.00857373613462
0.00882791739874
0.00975605513405
0.0112690700006
0.00862628992527
0.0093334653557
0.00944236349619
0.0103605681444
0.00879488771985
0.0109746697823
0.0105160231071
0.00835191127196
0.0105153126128
0.00922588898646
0.00914299309353
0.00834406437612
0.00839692745572
0.0110357793569
0.0115135594221
0.0101148663058
0.0117586703485
0.00883120791261
0.00940914066746
0.00892693196768
