0.00791312070699
0.00750117590707
0.0188396123334
0.00933163975973
0.00763563084124
0.0129030333484
0.00944139091688
0.0102279453702
0.00832467667453
0.00844206042893
0.00735366356569
0.0100697611705
0.00893224957095
0.00871584331842
0.00931059383378
0.00782803676458
0.0106978595202
0.0101632775985
0.00735411381194
0.00845175115301
0.0124380321777
0.0125755569168
0.00948828963043
0.0108587909752
0.0123021201039
0.00952208595345
0.0111437337473
0.0080702557456
0.00931143561727
0.0107648429902
0.00885774241563
0.01159131581
0.00877298062419
0.00976304177172
0.0082944374592
0.00884488269596
0.00746325566136
0.00996090605044
0.0103494560377
0.00763622965031
0.00946979859726
0.0082714143121
0.0104631672608
0.00762347241381
0.00984359427413
0.0102195862905
0.0102812472768
0.012154801631
0.0116928958136
0.010673797327
0.014086649222
0.0112211165279
0.00809917855439
0.00870883826327
0.00754649204628
0.0099398537423
0.0102970947266
0.0119265205877
0.00733055262305
0.00910741398735
0.0153157323731
0.0120224054466
0.00884745711285
0.0144462205539
0.00825388834647
0.0122358324572
0.00893310223024
0.00756312938621
0.0131510556556
0.0105905963797
0.00784036767555
0.0107918930371
0.0080419946098
0.00826923904958
0.00939088622024
0.0175925782884
0.0216549129075
0.00880538353701
0.00793759969864
0.00864877615807
0.00768196660658
0.00869707201002
0.00944783207503
0.00742241691963
0.0106228730889
0.0116960038303
0.00801794511026
0.010088161176
0.00968657024978
0.00805150499941
0.0109436394703
0.010374790352
0.00998431738225
0.00903216160681
0.0118035378929
0.011654435721
0.00800375009434
0.0130557344262
0.00733803071252
0.00965989104469
