0.0103627554948
0.0106580658433
0.00887537535087
0.0105706809658
0.0122323699943
0.010213789493
0.00966651476548
0.00907016627547
0.00923752639004
0.0124054564888
0.0126514227914
0.011007825673
0.0111198159736
0.00806325896798
0.0082746845456
0.00852489584591
0.0098642090085
0.00788898531909
0.0087546867096
0.00830387229561
0.0108904835168
0.0082000689036
0.00809081499513
0.00884768693191
0.00819540924598
0.00982480214874
0.0112368405816
0.00913722915844
0.0106375429436
0.0116819231659
0.00946643211045
0.0118394382794
0.00836461260969
0.00923401079077
0.0100648953343
0.00954632977451
0.0129549278843
0.010111384556
0.0133694406066
0.0101613182359
0.010274133465
0.0102332266322
0.00806577294551
0.0108584941807
0.0116879733259
0.012978085274
0.0101344725141
0.00903074421553
0.0113112223213
0.0112964850046
0.0103470761378
0.00928215712702
0.0090909854957
0.0115617075737
0.0125205470784
0.0114308363008
0.00801790562742
0.00890888923255
0.0118282559094
0.00974582790381
0.00895960036109
0.00879898461366
0.0107675069727
0.00968323029623
0.0080147804725
0.00890421076163
0.0138006825249
0.00888767361269
0.00900039344273
0.0121163174601
0.0122011047709
0.0108357724345
0.00976057699711
0.00992538788897
0.00870341889724
0.00831645449519
0.00882950159952
0.0086270389407
0.0102643356314
0.00798180636778
0.0127972516357
0.0125319889026
0.00879662637426
0.00790461020134
0.00946903195081
0.00837547496736
0.00910742952725
0.00803593225476
0.0101604793503
0.00921929842084
0.0126031959322
0.0113428440616
0.00874090015688
0.00883010162555
0.00832066515661
0.0086202223216
0.00827419457762
0.0128029209099
0.0130194281986
0.00846187670117
