0.00927461192848
0.00808835893526
0.0096575278497
0.00783552905378
0.00926041035851
0.00749863696327
0.00809557549158
0.00843896539571
0.0083031920225
0.0092083719378
0.0101415533011
0.0104997795682
0.00832803278386
0.0117701785888
0.0157139579076
0.00890281927589
0.00918336395727
0.00792522214049
0.010612953268
0.0103753015524
0.00819678533392
0.00842311456328
0.0110896340579
0.00767104716235
0.0107608381435
0.0137667031355
0.0115483672196
0.0109451625521
0.0239676685418
0.00787410215816
0.00793489427765
0.0109217986614
0.00754577474975
0.0111757865366
0.00744619976311
0.00857206050766
0.0078569990123
0.00947330033335
0.00861564674414
0.0105092970251
0.0162575767186
0.0126305573946
0.00843427804405
0.0083541548887
0.010216820361
0.0102260824211
0.00747949387548
0.00777253868787
0.00819812444596
0.0106826732836
0.00987107567861
0.00798022446005
0.0106418227967
0.0139635451409
0.00747107991927
0.00914530725597
0.00819855892172
0.0135000376978
0.0121915258386
0.00862160077066
0.00824198765548
0.0174642788559
0.0150555807635
0.00962773354314
0.00963122981985
0.00764524904638
0.00872305897076
0.00998130515938
0.0185610032147
0.00866111692229
0.00751294943518
0.0105406825553
0.00965665952941
0.0100551997512
0.0102888677845
0.0131558287902
0.00770052753494
0.00814860495727
0.00773280399418
0.00882807047105
0.0117431261282
0.0110681702215
0.00949503767016
0.0145413537749
0.00836522804322
0.00755702076365
0.0133881631163
0.00947464492798
0.00918058217059
0.0124618587838
0.0119820730987
0.00946552016522
0.00747850997771
0.00862405095508
0.00743834054237
0.00743501769983
0.00812135942622
0.0102296993362
0.0099336967627
0.00955720632091
