0.0104162803579
0.00937614860813
0.00818736828317
0.0088413971037
0.00996672879652
0.00797833747272
0.00843479140304
0.00856279670889
0.00988587452164
0.00879690611814
0.01465005569
0.00898300999956
0.0112092604443
0.00888976609741
0.0114871344564
0.00984342112533
0.00820671713506
0.0080319167395
0.00873714285031
0.00835211525671
0.00843122215632
0.00987915344477
0.00891315160203
0.00877501419914
0.00833672182801
0.00802217665627
0.011589238794
0.0110933264469
0.00993918956902
0.0107376490252
0.0111498999527
0.00826950522303
0.0118546529642
0.0135795188206
0.0105975476183
0.0149504498293
0.0111785783194
0.0110188259617
0.0101118789426
0.0115787574697
0.0111418731637
0.0120575992932
0.00971706583901
0.0089681274086
0.011179010101
0.00803085362595
0.00809734743376
0.00996540706297
0.00865958316202
0.0150698274701
0.00842882335609
0.00901931173461
0.0121114962845
0.0136746079979
0.0118786597379
0.00820862834864
0.0119406767955
0.00894695255988
0.0101890305927
0.0087679328367
0.00837059199908
0.00959043244058
0.00899378568736
0.0112219791607
0.0117161610022
0.0119753592539
0.0082301888192
0.0081090184912
0.0101560586265
0.00868281249913
0.0113166742955
0.0128619012832
0.0104579996339
0.00816490034058
0.00832389484693
0.0085821165493
0.0138201319825
0.00937137247763
0.00854503732308
0.0108928808299
0.0108260977828
0.0097946648526
0.0113165863957
0.0114039361598
0.00862294101889
0.00989071988941
0.0136141214558
0.00985055688313
0.00862045348002
0.00797663071357
0.0106688312052
0.0087830018537
0.00947153596405
0.0102042273249
0.0081799006702
0.00860057772832
0.0103696622663
0.00836784195508
0.00969612179349
0.00946185026848
