0.00774144971867
0.00890283395989
0.00756864400302
0.0129572897132
0.0333988456965
0.0123760296844
0.00856318669118
0.00901203252405
0.00767043060585
0.0164789900144
0.010947156924
0.00758940359639
0.00989046608493
0.00835183678114
0.0125124756243
0.00713664696032
0.00713761891192
0.00735059755954
0.00910717051099
0.00756745012573
0.00743002622396
0.00964114438363
0.00829497102978
0.0073345510337
0.0117723198037
0.00825709785644
0.0121698475381
0.00872598821114
0.00772095147804
0.00944284613896
0.00985075389894
0.00896264864224
0.00796267994067
0.00768590864766
0.00752976882717
0.0113626769633
0.0113618070836
0.00704330567382
0.00859149954758
0.0118958299741
0.00922462946857
0.00925777875094
0.0155680626285
0.0100102955564
0.00763876500164
0.0119560327668
0.009069303404
0.00876087172005
0.00767281109707
0.0106676945014
0.00871845952797
0.00763517948739
0.0107834471155
0.00901131102492
0.00740648449337
0.00720809944243
0.013515155501
0.0125218185326
0.0124841591416
0.00710579107292
0.00962084902156
0.00813501632755
0.00973733607332
0.00726306273824
0.00934592422334
0.0144569440615
0.00738819485381
0.010202981509
0.0083195549415
0.00815523186642
0.0195946184604
0.0080732708821
0.010885119366
0.0114732983218
0.0139782778822
0.0119129994901
0.0106158254438
0.00862533450514
0.0113643284604
0.0118827467353
0.00960593712913
0.0119627412261
0.00803611210363
0.00787317620698
0.0078048772918
0.0128485658857
0.0103011656992
0.00762379108265
0.00785348905098
0.00990276564343
0.00711392073218
0.0120411270013
0.0130161691037
0.00871838376082
0.00759690077725
0.0116564893243
0.00780913384328
0.0113280572525
0.0101166015464
0.0142463513531
