0.011721442131
0.0101695418909
0.00741867500737
0.00791750269171
0.00947592537134
0.00823425716982
0.00745774891351
0.00740259178943
0.00936708033772
0.00905452229497
0.008437425898
0.0352058366686
0.0081485320944
0.008747840293
0.0108248377127
0.00911864475109
0.00730815877638
0.00798046719425
0.0114144174487
0.0123122813839
0.010817472142
0.00749631430378
0.0117644367297
0.00772673746939
0.00901858312497
0.00847761207904
0.0106704487359
0.00764930148677
0.00934400916958
0.0422436345043
0.00770201958088
0.00772500651699
0.00743129143625
0.00771658739658
0.00729190437657
0.0073593634983
0.0105750406109
0.00711338307631
0.00888913867049
0.0118645962828
0.00709272627177
0.00723921291061
0.0143690835413
0.0089042389182
0.00835920669643
0.00820695510129
0.00724573285
0.00740672559238
0.00801349737223
0.0104880188929
0.0153822964249
0.00719446951322
0.00803866744408
0.0117114778597
0.0071228359092
0.0117473780194
0.00902724379767
0.00743346156482
0.00769347026236
0.018060280754
0.00757664198809
0.00784893790968
0.00873582167789
0.00716893421906
0.0109598929273
0.00946411543036
0.0164616925797
0.0094909693625
0.00952150231398
0.00748311719915
0.00780888725711
0.0119666220021
0.0080553210994
0.00931896574068
0.0262152904051
0.0150816326985
0.00781981495087
0.00766197235039
0.00809175505516
0.00846196110866
0.0134381695561
0.0130686749817
0.0107586873025
0.00899967502755
0.00872879642632
0.0101270615668
0.0100733084355
0.00914389527249
0.00890984511522
0.0107206685774
0.00764839043414
0.00850394229518
0.00852199883971
0.00862336004672
0.00831791763257
0.00785759274743
0.00902603106291
0.00801859011169
0.00836993049275
0.00861802509314
