a    b    distance0    NDraws    time    dist_threshold1    
1.04030104453    -0.0597489940523    0.0579546409495    2    2.06408405304    0.0601272946151    
1.03519860718    -0.0415969807012    0.0360287777141    2    1.90458202362    0.0601272946151    
1.00949183708    -0.0717211578625    0.049558642016    1    0.893137931824    0.0601272946151    
0.989861286281    -0.0924914122986    0.0178456607628    1    0.886096000671    0.0601272946151    
1.02868284508    -0.143080667417    0.0399643324038    2    2.10570597649    0.0601272946151    
0.953605311332    -0.114399773676    0.0460203597979    17    15.8963589668    0.0601272946151    
1.00794361407    -0.103966399196    0.0123605534563    6    7.6723139286    0.0601272946151    
0.991846812859    -0.0721738298018    0.0313380007566    2    2.11165690422    0.0601272946151    
1.03702364421    -0.0891551470348    0.0570828432628    5    4.89365005493    0.0601272946151    
0.978798122949    -0.0498608561751    0.0596630116079    3    3.75193500519    0.0601272946151    
0.973675806245    -0.113000556272    0.0267208417788    1    1.20396709442    0.0601272946151    
1.00653371707    -0.122583982527    0.00807354589624    1    1.08125686646    0.0601272946151    
0.996594641366    -0.0488173033872    0.0128805893993    1    0.841576099396    0.0601272946151    
1.02170414223    -0.0328137786922    0.057385301086    1    0.73294711113    0.0601272946151    
0.988293517165    -0.0600758181213    0.0544980274232    9    8.7862610817    0.0601272946151    
1.01816484677    -0.105341795935    0.0485181876578    1    0.914684772491    0.0601272946151    
0.970627886436    -0.127215043566    0.0350923633065    4    3.77146887779    0.0601272946151    
1.03504473204    -0.0867967839504    0.0456681579844    1    0.944545030594    0.0601272946151    
1.0412481538    -0.153820529467    0.0533842919141    2    2.06914186478    0.0601272946151    
0.98476273515    -0.107936173507    0.0487576776945    4    4.63724708557    0.0601272946151    
1.02103349539    -0.115441951972    0.0559261681606    4    3.66172194481    0.0601272946151    
1.03550362167    -0.0394613315206    0.0364232454868    1    1.12564492226    0.0601272946151    
0.989595360819    -0.0923376233378    0.0383087208785    12    12.3766880035    0.0601272946151    
0.955180872866    -0.0183546099912    0.0442901949271    5    5.02082705498    0.0601272946151    
0.955913823809    -0.115194526428    0.0440612217761    3    3.12650609016    0.0601272946151    
1.04262636535    -0.116632104212    0.0445905108099    5    4.63052296638    0.0601272946151    
0.959545147082    -0.0840197002849    0.0477109850348    3    3.3374710083    0.0601272946151    
1.05034315719    -0.106311328121    0.0530394056506    1    1.33945608139    0.0601272946151    
0.992164863179    -0.0802330300801    0.0102245740891    1    0.925557136536    0.0601272946151    
1.01433595067    -0.0315621086008    0.024921919656    3    2.69960594177    0.0601272946151    
1.04110273452    -0.0487499347733    0.04296163035    1    0.739570140839    0.0601272946151    
1.03419196609    -0.0671357816223    0.0563065040402    7    6.76542305946    0.0601272946151    
0.979858521827    -0.0973822348784    0.0542088328392    1    0.905404090881    0.0601272946151    
0.95374941246    -0.0915168572277    0.0562786614129    1    1.12596297264    0.0601272946151    
0.988673633988    -0.0796847397505    0.0147080312102    3    2.65645885468    0.0601272946151    
1.00166661345    -0.128529022264    0.0323903330009    8    6.58052587509    0.0601272946151    
1.04881654021    -0.0723661267858    0.0528183165971    3    2.66107487679    0.0601272946151    
1.00678471323    -0.0811322762301    0.00664836777353    1    0.850262880325    0.0601272946151    
1.03230817281    -0.105086825317    0.0369711854068    1    0.833273887634    0.0601272946151    
1.04752318395    -0.0550194230474    0.0501994150945    1    0.817304849625    0.0601272946151    
1.02925432753    -0.176840270291    0.0523496400307    2    1.54717612267    0.0601272946151    
0.956266980017    -0.0426336734511    0.0458349820001    1    0.947826147079    0.0601272946151    
0.97842104612    -0.054889054752    0.0258166720294    1    0.960701942444    0.0601272946151    
1.03513588171    -0.103568792413    0.0499575858961    2    1.7720220089    0.0601272946151    
1.05374495555    -0.151093602056    0.0594088600533    2    1.70339417458    0.0601272946151    
0.999611264716    -0.0122054970163    0.0568777703538    3    2.90554690361    0.0601272946151    
0.976020782295    -0.12377589527    0.0301643740012    1    1.2214550972    0.0601272946151    
1.0249735591    -0.0610235946769    0.0253124865497    4    3.81877994537    0.0601272946151    
1.05525791008    -0.00498138319579    0.0598301686895    2    1.71037197113    0.0601272946151    
1.01623532495    -0.0831037757058    0.0528655786527    1    1.12323880196    0.0601272946151    
1.0362133962    -0.084713027875    0.0564622660222    1    1.04333591461    0.0601272946151    
1.0012619709    -0.158868762443    0.0278210143509    3    3.6903231144    0.0601272946151    
1.03511238113    -0.0997649859091    0.0361135264053    1    1.030189991    0.0601272946151    
1.03908105437    -0.0715583736658    0.0536729450557    3    2.88023805618    0.0601272946151    
1.02886561025    -0.0776195651417    0.0423658545937    1    1.0046479702    0.0601272946151    
0.966261455548    -0.0905487315612    0.0459505323671    7    8.16874217987    0.0601272946151    
0.983849582438    -0.0740802833684    0.0165819759916    5    4.57467293739    0.0601272946151    
1.04012512726    -0.101877571575    0.0400261141748    2    1.84225702286    0.0601272946151    
0.991511737481    -0.0516430555111    0.0141170728723    2    1.95158219337    0.0601272946151    
1.01334567093    -0.0931665987212    0.0313394258444    2    2.07762098312    0.0601272946151    
0.988093614277    -0.168830228959    0.0523881167349    2    2.00052690506    0.0601272946151    
1.04527187208    -0.124406577057    0.0477206761584    1    1.04936981201    0.0601272946151    
0.970233369466    -0.0327941824096    0.0538877257947    3    3.09718298912    0.0601272946151    
0.979580093079    -0.10559614393    0.0383635869469    1    0.93399310112    0.0601272946151    
0.984189364934    -0.144641238532    0.053606231493    1    1.02604293823    0.0601272946151    
1.02608263389    -0.0766360054734    0.0502284210278    1    0.950201034546    0.0601272946151    
1.05001036293    -0.0732047632117    0.0500982521596    5    5.63956689835    0.0601272946151    
0.951612905187    -0.134713053819    0.0569410286497    1    1.09975290298    0.0601272946151    
0.998257739134    -0.146239057248    0.0564820492579    2    1.98172807693    0.0601272946151    
0.971176526363    -0.0449766423569    0.0379429165693    2    1.70540714264    0.0601272946151    
1.04733941308    -0.122433441594    0.0519285047567    2    1.82394599915    0.0601272946151    
0.995713448572    -0.0510498792459    0.0179279456728    11    14.2815270424    0.0601272946151    
1.05378995605    -0.108140492574    0.0562233553411    1    1.59474682808    0.0601272946151    
0.964379489672    -0.110920659639    0.0391559084547    1    1.81610512733    0.0601272946151    
0.977773532507    -0.0269817736271    0.0570863694404    6    3.96318483353    0.0601272946151    
1.01079072176    -0.0760735504925    0.0423369530885    3    1.31266880035    0.0601272946151    
1.01162963038    -0.142618097774    0.0407421329668    2    0.567427873611    0.0601272946151    
1.03229680321    -0.14232205782    0.0512890508395    2    2.18530607224    0.0601272946151    
0.980934909396    -0.130193936019    0.0531186703845    1    0.939628839493    0.0601272946151    
0.975858730793    -0.0672228303181    0.0259620687388    2    2.32916903496    0.0601272946151    
1.00762639179    -0.151349191469    0.0506255012565    5    6.1455540657    0.0601272946151    
1.02440617287    -0.123029358    0.0452053552931    1    1.72248101234    0.0601272946151    
1.03672043229    -0.0652879338142    0.0442680433777    4    4.31339883804    0.0601272946151    
0.986729845907    -0.120322903284    0.0438780580783    2    1.71858716011    0.0601272946151    
0.968228904575    -0.0648326490739    0.0333301222208    1    1.28915095329    0.0601272946151    
1.00640422343    -0.0644817885763    0.0089468751924    8    8.78098392487    0.0601272946151    
1.01237036294    -0.0902125936149    0.0443826039687    2    2.15392494202    0.0601272946151    
0.980720519228    -0.0321439889878    0.0317586219107    3    3.24543690681    0.0601272946151    
1.01752862783    -0.0463110230482    0.0292665843804    1    0.794777154922    0.0601272946151    
0.979335775994    -0.0691334418375    0.0203835348556    3    1.43667197227    0.0601272946151    
1.03611190793    -0.103117175568    0.0480944985847    5    2.14375591278    0.0601272946151    
1.00235957665    -0.00968213225158    0.0485341167061    1    0.963706016541    0.0601272946151    
0.945360961706    -0.0807784578166    0.053876103311    2    1.75237798691    0.0601272946151    
1.03309321931    -0.113915868522    0.0497920721038    4    3.35981321335    0.0601272946151    
1.05042782723    -0.0518764803443    0.0568593583193    1    0.800471067429    0.0601272946151    
0.974675430423    -0.0946820589487    0.0364377116919    2    2.28154921532    0.0601272946151    
0.95483899703    0.0050680778314    0.0584085986846    1    0.971868038177    0.0601272946151    
0.98047012631    -0.0367760342677    0.0376718415819    1    1.1499068737    0.0601272946151    
1.04679606786    -0.066578829994    0.0507255030873    2    1.90055608749    0.0601272946151    
1.00921971225    -0.131530546899    0.0106277863216    1    1.06149411201    0.0601272946151    
