0.0126899111138
0.00795239220179
0.00742269520247
0.00965631355415
0.00917247810349
0.00734095907676
0.00748841171616
0.0103058560389
0.00841771411547
0.00751392961521
0.00830295129576
0.022740047617
0.0110144461388
0.0109735240223
0.00836491215064
0.00857033387559
0.0128870505344
0.0110204270753
0.00814918214824
0.0116445340724
0.00815490560559
0.0104479604196
0.00819229616275
0.00792177729471
0.00979664703034
0.00746546613118
0.00799076566944
0.00846315408528
0.00992124437129
0.0083042548754
0.00850827057354
0.00802122628585
0.0103312349465
0.00918580500228
0.00928251473319
0.00870923702549
0.00730542566919
0.00950491128407
0.011989195404
0.00932205011886
0.00894447076373
0.0116397083926
0.0108643592651
0.0100626833365
0.00809983719501
0.00909141994046
0.00813130102361
0.0120481105438
0.00945295894711
0.00873066817529
0.0125153356545
0.016721453143
0.00782566959469
0.0121388937006
0.0080266786781
0.0116141406212
0.00870510334897
0.00866365707943
0.00848680323789
0.00842835305846
0.0105258640383
0.00979415018189
0.00821036315614
0.0115149087494
0.007467362023
0.00738139640573
0.0175992489143
0.0144570365505
0.0119512366172
0.00763603114441
0.00797711623555
0.00829209051067
0.0133197603187
0.00845908926802
0.00772690616772
0.00791054750944
0.0168791684276
0.0120817289122
0.00843698480632
0.00946884732684
0.00740048257481
0.0081799403039
0.00758511867283
0.00746466390364
0.00767023859864
0.00783187137454
0.0166076809979
0.0141020019361
0.0120174229159
0.00822524771702
0.00833455198949
0.00768423344771
0.0109353758872
0.0132278325028
0.0138459213713
0.00904355630953
0.0114081225356
0.0132534282374
0.00957811628388
0.0178763371188
