0.00926836635904
0.0108519855189
0.00818896753753
0.0121239131458
0.0122213020656
0.00813518134686
0.012543022997
0.0114121574337
0.00879846200153
0.00896498267151
0.00841844695556
0.00844298125162
0.0132093195684
0.0113606011806
0.0157303259762
0.00804587476511
0.00896416319459
0.00897251349997
0.00768038509125
0.00804552800474
0.0095097558662
0.0079648424257
0.0097956768142
0.0077375707153
0.0151652616886
0.0101278567721
0.00882322597072
0.00840888651609
0.008162653884
0.00781599667857
0.01542341573
0.0156370924512
0.00778530202677
0.00988222156985
0.00912358046261
0.00841352126748
0.00904043854941
0.0162067589099
0.0079286205983
0.00831365331273
0.0154802369137
0.00772528844692
0.0102316979317
0.00885056877343
0.00876317917001
0.0103806506268
0.00930381221147
0.00856699508381
0.0129141673694
0.00989264563134
0.00917803228135
0.0115032936192
0.0163532677233
0.00778168732162
0.00835760931238
0.00797156662748
0.0136123009359
0.0106065527996
0.00964330290635
0.00994607788163
0.00975670179715
0.0129102937591
0.0122510042696
0.00789045855718
0.0084064192268
0.0105888867637
0.0104129163816
0.00790080210104
0.00796077723409
0.0111946958418
0.0102078726718
0.00887443159991
0.0124562993537
0.00777399142748
0.0112612043968
0.0115696921629
0.00871025574315
0.0077419429281
0.00786975757263
0.00889043409299
0.0079455389143
0.0111361182308
0.00834086474979
0.00818332246259
0.00853129250526
0.00768314571216
0.00808627212774
0.011871103442
0.0128518466439
0.00889531082274
0.00765242689793
0.0113149982132
0.00940745517249
0.00887656421542
0.0162116142947
0.00879172994528
0.00978799788613
0.0101276386452
0.00853374266594
0.0114344322282
