0.010376916057
0.00755074088794
0.00543235751854
0.0107729081707
0.00650442847457
0.0117230169516
0.0118926818394
0.00548523559905
0.0208377296547
0.0131758891229
0.0083055505794
0.0112892586739
0.0046694288414
0.0118388013981
0.00703041284971
0.00611983735434
0.0127083940714
0.00833995026675
0.0157954415789
0.0138530925387
0.0142108926496
0.0133047287426
0.00889216132084
0.0151436477177
0.00537488840897
0.00738792624187
0.0126624893398
0.0156362284517
0.0112780458884
0.00536512381175
0.0170198191444
0.0133588561736
0.0111360724288
0.0129194462936
0.00522626823257
0.00712831335352
0.00619790141503
0.012852211172
0.00842703390222
0.0104585336272
0.00962156590505
0.00574983692611
0.00999142458437
0.00788166669402
0.0145398052948
0.00890881681268
0.012322125375
0.00811752670458
0.00817512331816
0.019104493245
0.0080202253277
0.00778812748444
0.0148228103691
0.0105686221423
0.0115697563312
0.0099653367145
0.00803776939799
0.00735864845655
0.00715212453175
0.00427139610948
0.00673690083325
0.0147110218404
0.00576302014464
0.00720130938442
0.0154181134415
0.0156440950139
0.0077507619372
0.0224575606627
0.0120722239567
0.00999164880484
0.00861356436003
0.0140001118673
0.0115096751222
0.00881739670684
0.00913919560116
0.00411805473363
0.00997677785736
0.0123148487723
0.0122496088675
0.00632087912323
0.00485648451326
0.010733080077
0.00596070701541
0.0112046761966
0.0102434883984
0.0046170584198
0.0115750734752
0.0121524357814
0.00629185932588
0.0101911714831
0.00985185799166
0.00454801328478
0.0125987649246
0.00693135942563
0.0125518953387
0.00732336612923
0.0103333008195
0.0110203656266
0.00501354693273
0.0055448633396
