0.00762327143461
0.00926214665492
0.00822548539458
0.00862740809912
0.00736322784552
0.00889092144081
0.00870157148093
0.00774887394485
0.0101003108082
0.00710115695361
0.01267495584
0.0222436509547
0.00704493425988
0.0117363231146
0.0127835953055
0.0105154878519
0.00691076268513
0.00731063132096
0.010154846889
0.00938017872916
0.0116520940528
0.00715088635384
0.00939947515071
0.00823732432628
0.0100825487893
0.00713164263039
0.00689756348518
0.0121461967095
0.00835404552824
0.00745559049783
0.0185176795115
0.00787854885444
0.0111926093978
0.0204907777694
0.0114966963252
0.0118953457054
0.0100286705241
0.00879086306172
0.0121766771059
0.00957636690251
0.00652284157547
0.00776459673681
0.0155571035808
0.00985733882878
0.00930945531027
0.0100565956865
0.0145596601754
0.0177900801333
0.0104635540991
0.00801505419031
0.0109860955441
0.0074147824663
0.00924719907534
0.00906262539859
0.0103919625861
0.00793960839808
0.0104596553685
0.0103091971967
0.0067027035791
0.00926530127635
0.013200057445
0.00686892829527
0.00754410179287
0.0137639745724
0.0101622243702
0.0140751358562
0.00658527713062
0.00849268401966
0.0077594810333
0.00694111785833
0.0141647305697
0.00770237313052
0.0105778850676
0.0104532833875
0.0185570369437
0.014029371185
0.0129201775013
0.00721207942451
0.00914377077929
0.00951056322669
0.00737713678739
0.00876743935809
0.0139406899009
0.00872465021426
0.00664308218149
0.00942368898109
0.00740434736672
0.00884794085078
0.0096850156814
0.00847340706436
0.00731147388179
0.00971554777691
0.00958362629184
0.0065538976504
0.00922571702955
0.0101936495778
0.0106961392847
0.00841841977544
0.00941105487027
0.0133120669895
