0.0201334661238
0.00671108729471
0.0117224705789
0.00778879749025
0.00795248262253
0.00792430260275
0.013625354477
0.00695941181589
0.00765909308532
0.0087914175384
0.0114994888716
0.00668485488142
0.00972047789965
0.0080496993759
0.0160782816568
0.0065503689833
0.0194916755594
0.0100076190411
0.0115656819372
0.0065874198112
0.00985919241234
0.00927523184657
0.0158526196565
0.00908099110077
0.00795612794999
0.00916663894059
0.00737248326017
0.0081199588683
0.00998211910018
0.00876853392856
0.00723628201179
0.00803079590067
0.00895353363766
0.013187237439
0.0132970139983
0.00723605189135
0.00697594350738
0.00937835793304
0.0126199991588
0.00701874811909
0.00771025480643
0.00829279314227
0.00828213320325
0.0125019231468
0.0287816547491
0.0084102665082
0.0266886185257
0.00993366081831
0.00789015576848
0.00691078874256
0.0107574937271
0.0111023715036
0.00736189734929
0.0070835872911
0.0123323239736
0.00945830439024
0.00719697367673
0.00886071437718
0.00775944149147
0.00775088126457
0.00903656533822
0.00882104246302
0.00734011885467
0.00807333231193
0.0137185441401
0.0113243208541
0.00901722329661
0.0099282524986
0.00938428322189
0.00807633429448
0.00907251472182
0.00707961023798
0.00699314838254
0.013926938472
0.00722158060218
0.0104261127698
0.00708146670327
0.0113766013601
0.0103597450288
0.00882177316026
0.00915102747547
0.00978417437216
0.0144421173721
0.0125112617088
0.014232474861
0.0121926711002
0.0168882832168
0.0108935089715
0.00662238334557
0.0071770047795
0.00654349942583
0.00999314353401
0.00918103089318
0.00668531930851
0.00899779764806
0.0132148141144
0.00819276190779
0.00861687136366
0.00964261538958
0.00802017973517
