0.00948233525551
0.00871412027512
0.0171778319174
0.00921643499443
0.0159615688465
0.00931205777368
0.00759241271018
0.0109953237587
0.011441459954
0.00780883632783
0.00933533728667
0.00824206223877
0.00886501923157
0.0103199867923
0.00811132282088
0.0127396040955
0.0108834361392
0.00770503463108
0.00819632366585
0.0119289848949
0.00786149747317
0.0173136388477
0.0120952339843
0.00894640764515
0.0106550789021
0.00866563249523
0.014430086539
0.00854603637318
0.0111501498036
0.0113125122131
0.00779861947719
0.00848878004567
0.00946478494436
0.00830852837832
0.00776609474809
0.00740684914705
0.00925054840875
0.0133474546665
0.0105582709681
0.00777333471103
0.00790280535895
0.0116502551404
0.0112886698284
0.00819197853675
0.00776657682134
0.00937630461996
0.00750943404485
0.00767893796749
0.0110206404793
0.00797116431228
0.020397916491
0.00955381589073
0.00798952152757
0.0113580833006
0.00800979454259
0.00939118554133
0.00795140545953
0.0136366058972
0.00839127490508
0.0118898117018
0.00767326543056
0.00803630429218
0.00912964240311
0.00836404409981
0.0184694296137
0.0100064104349
0.013395837669
0.0137370631511
0.0155747568628
0.00898272730764
0.00816256724954
0.00761600078696
0.0144723179493
0.010154351653
0.00960651433714
0.00861790195241
0.0108240096268
0.00997251708172
0.00738674930875
0.0100660170504
0.00803491668902
0.0100259724666
0.00917462089087
0.0121683977464
0.00866598669882
0.00880161792041
0.00824853541498
0.00750050537314
0.00874931001176
0.0096282822467
0.013053872818
0.00839467532605
0.00754511124931
0.00747130545161
0.0109446621561
0.00809338284461
0.0102693008822
0.0106640733739
0.00858687382721
0.00963495260281
