0.00914158708671
0.00673243611904
0.0114171001376
0.00974218499532
0.0112876699768
0.00978205035099
0.0115587977122
0.00835842613838
0.00836853200504
0.0100834386377
0.00823147576265
0.00936020540374
0.00849814918465
0.00983293956464
0.00835117743585
0.00887619993908
0.00703001164487
0.00617096868103
0.00982144531737
0.00683809336939
0.00836323606096
0.0111643211858
0.0120330473992
0.00776553852336
0.00619439323879
0.00803680859095
0.00635449290994
0.0155767257804
0.00844593432765
0.0111049291454
0.0106783012149
0.00681368960037
0.00813130455137
0.00916303942229
0.0105824171845
0.00832831488808
0.0106870561422
0.0118398474441
0.00869394809237
0.0163144900561
0.010082204565
0.00917120200017
0.0109661691548
0.00625236717565
0.00722184315572
0.00774232213809
0.00975020747403
0.0176954382103
0.0120988536455
0.0119797803958
0.00826944665736
0.0118054025686
0.00791396452075
0.0129883388771
0.0103658723256
0.0137821612809
0.0113949727616
0.018063221366
0.00644936766024
0.0137678459515
0.00788242191288
0.00905622995075
0.00888994268698
0.00651384349048
0.00791345111004
0.0102036197982
0.00706019659679
0.00999004264405
0.0121382763387
0.018720710444
0.0109339988433
0.010732280215
0.00889261103907
0.00814842083625
0.00667341881265
0.00934655259492
0.0131620020972
0.00819825004029
0.00738544217745
0.00694383871725
0.00697741181151
0.0091274980397
0.0256703692408
0.0101772931358
0.00600209554681
0.0116683829796
0.0124886560329
0.00636392103426
0.00894955703765
0.0116022585181
0.0139677378385
0.0133119202172
0.0122805556046
0.00850833469892
0.00701427288254
0.00891910591041
0.0138304540143
0.0126004869187
0.0110332269432
0.00720520414157
