a    b    sig    distance0    NDraws    time    dist_threshold1    
1.134335773    -0.660078219567    5.42419691948    0.524881999618    14    0.324120998383    0.711665009405    
1.03206297772    -0.156219861854    5.25116753085    0.473889571745    1    0.0234069824219    0.711665009405    
1.14012085722    -0.309390863338    5.42693165257    0.218924836342    3    0.0688519477844    0.711665009405    
1.00780976815    -0.117770190914    5.36350683509    0.431729529841    26    0.573033094406    0.711665009405    
1.39001546748    -0.0765957434489    5.21186153218    0.565663134517    32    0.705485105515    0.711665009405    
1.24427393062    -0.295511612531    5.29489337146    0.565576088987    2    0.0454089641571    0.711665009405    
1.35474111753    0.139796063839    5.49541244717    0.587294273798    10    0.219544887543    0.711665009405    
1.18952634762    -0.069742842437    5.31606449865    0.230975881378    60    1.31024289131    0.711665009405    
1.28675967448    0.275793320056    5.28595847807    0.614899354001    7    0.156401872635    0.711665009405    
0.577499187073    0.120823683036    5.21707973285    0.661517889639    7    0.153095960617    0.711665009405    
1.60052536159    -0.102046440178    5.09135787057    0.605981356933    5    0.112867116928    0.711665009405    
1.13774868443    -0.0834432989856    5.24121265555    0.598761576796    4    0.0870928764343    0.711665009405    
1.46951303386    0.33777584982    5.31524349066    0.704327495827    9    0.19913983345    0.711665009405    
1.35157176455    -0.0638066111734    5.17867709088    0.623024815423    13    0.282878160477    0.711665009405    
1.29907261772    -0.815161319236    5.2058139886    0.439505857764    13    0.281868934631    0.711665009405    
1.06579301475    0.122350964447    5.29544158049    0.481312221634    5    0.111745119095    0.711665009405    
1.05513721574    -0.759381712564    5.3724815558    0.640363937495    31    0.680772066116    0.711665009405    
1.05280693539    -0.139476500875    5.42750512958    0.569204137754    1    0.0222871303558    0.711665009405    
1.363930953    0.277348219983    5.12674118755    0.672397899975    1    0.02272605896    0.711665009405    
1.1040575481    -0.0324533408899    5.2415104748    0.537779073035    15    0.330415964127    0.711665009405    
1.49384583294    -0.333067243619    5.26625838717    0.551407656381    33    0.733678817749    0.711665009405    
0.627820710823    -0.209608063238    5.31679756873    0.506385829181    14    0.343592882156    0.711665009405    
1.06818129334    -0.505404854724    5.43118621044    0.403017552245    3    0.0701489448547    0.711665009405    
0.952706408338    -0.283648633067    5.36459530464    0.44154689504    29    0.651571035385    0.711665009405    
1.33437341981    0.234807119842    5.35011494946    0.569219196116    29    0.63809800148    0.711665009405    
0.880019117331    0.603085626121    5.28624426501    0.588974739003    4    0.0922508239746    0.711665009405    
1.06096518231    -0.296959649295    5.27105940548    0.549874139829    18    0.419668912888    0.711665009405    
1.12499357156    0.359082421962    5.38925520228    0.303925209332    3    0.0690848827362    0.711665009405    
0.809219449177    0.542521790873    5.3904807422    0.62278062209    9    0.205827951431    0.711665009405    
0.76286257274    -0.461626681218    5.23285036791    0.636353051407    7    0.159592151642    0.711665009405    
0.817809807766    -0.176783056366    5.20155966247    0.538580829543    9    0.205326080322    0.711665009405    
0.859561551953    0.0159868099642    5.37447432698    0.501419557754    17    0.387562036514    0.711665009405    
1.26779032896    0.11017407009    5.13819109668    0.564195650444    4    0.0921499729156    0.711665009405    
0.327418451076    -0.130509214625    5.19601331342    0.688321913189    9    0.205636978149    0.711665009405    
0.862185022673    0.618639996956    5.14749491716    0.611049912796    22    0.50758099556    0.711665009405    
0.764491899067    -0.0525504650093    5.28427473019    0.296494856764    28    0.639645814896    0.711665009405    
1.06699685764    -0.158944154765    5.19507717954    0.577817662701    21    0.466203927994    0.711665009405    
0.575378820199    -0.160552981642    5.30659273417    0.527585741533    33    0.706161022186    0.711665009405    
1.10539668383    -0.19862939673    5.46235505016    0.262474569162    4    0.0866911411285    0.711665009405    
1.02908226172    -0.234617782614    5.21176723243    0.213829129427    15    0.322474956512    0.711665009405    
0.819495838477    -0.320288316578    5.19165498335    0.19369813572    7    0.150250196457    0.711665009405    
1.35661753541    0.285128723184    5.34611650167    0.545448326533    1    0.0218369960785    0.711665009405    
1.36515459745    -0.288085709822    5.25658965075    0.399618267543    19    0.407109975815    0.711665009405    
0.643630722805    -0.188607945061    5.40595423271    0.397188292884    10    0.214071989059    0.711665009405    
1.08611117788    0.754663428514    5.06643142734    0.65495108896    6    0.130703926086    0.711665009405    
0.820784521845    -0.454834305749    5.19726929125    0.704671825628    2    0.0446829795837    0.711665009405    
1.3260696768    -0.490865392255    5.50462538932    0.478408219756    2    0.0434000492096    0.711665009405    
0.806724160878    -0.409829055645    5.32972783883    0.424927634755    10    0.216357946396    0.711665009405    
1.12314883827    0.309550194609    5.206698109    0.596954155517    57    2.17210102081    0.711665009405    
1.2562129393    0.0422695450236    5.27629124801    0.274741424583    2    0.0437970161438    0.711665009405    
1.44742646815    0.19403720532    5.14831850331    0.455738352748    2    0.0433821678162    0.711665009405    
1.58345250289    -0.335336579038    5.16623477334    0.633456625799    3    0.0653538703918    0.711665009405    
1.02872249377    -0.216817071138    5.31332160845    0.163311880878    3    0.0648970603943    0.711665009405    
1.25720136703    0.160961394708    5.28267907511    0.645774377326    3    0.0732669830322    0.711665009405    
0.875199930212    -0.0249412744832    5.04764301563    0.61141427736    3    0.0734350681305    0.711665009405    
1.42233933417    0.156246442392    5.40320292323    0.571412144401    12    0.278203010559    0.711665009405    
1.26368001928    -0.115745712717    5.22096769705    0.337815642152    10    0.228553056717    0.711665009405    
1.30121682947    0.385064604996    5.38088211692    0.647905240813    20    0.439927101135    0.711665009405    
1.35890303389    -0.182816610988    5.26655549097    0.518843424136    12    0.260072946548    0.711665009405    
0.768367724428    -0.203307179919    5.17424150739    0.478347424391    5    0.108613967896    0.711665009405    
1.15261510267    0.522251447311    5.25418741313    0.538247435254    13    0.28318977356    0.711665009405    
0.555041030327    0.0996524473233    5.24735699407    0.527864773494    11    0.2368080616    0.711665009405    
0.867539269773    -0.260845886856    5.19661751794    0.578887236522    46    0.991697072983    0.711665009405    
0.652343708629    0.161781033975    5.29966394043    0.441884923881    9    0.19463801384    0.711665009405    
0.926168176187    -0.821236719567    5.19594602589    0.702001992814    5    0.107656002045    0.711665009405    
0.714201511284    0.300598630681    5.43977189042    0.487631821895    25    0.537782907486    0.711665009405    
0.844180222169    0.0198023926049    5.11497101468    0.321712091649    10    0.215005874634    0.711665009405    
0.945367680683    0.0993095346009    5.44621310737    0.275875847034    25    0.535526990891    0.711665009405    
0.917357102441    -0.503187872433    5.12289919674    0.606606496717    9    0.194121837616    0.711665009405    
1.11459527398    0.260302342635    5.18121919393    0.661385715013    2    0.0434379577637    0.711665009405    
1.38165773158    -0.29557669348    5.13488366739    0.57851119682    1    0.0216178894043    0.711665009405    
1.20320081517    0.238471398758    5.29488977439    0.451054967494    7    0.151345968246    0.711665009405    
1.25355876519    -0.0712418677602    5.28931411135    0.519843335595    3    0.0657241344452    0.711665009405    
1.3858848154    -0.705761313848    5.19835531509    0.629281753357    16    0.343334913254    0.711665009405    
1.14343009524    -0.266793750081    5.22668528544    0.618898720917    7    0.154471874237    0.711665009405    
0.810909791571    0.655606921019    5.24942950271    0.67394337155    33    0.749491214752    0.711665009405    
0.972459172093    0.315739809217    5.2606708387    0.631131436693    4    0.0937669277191    0.711665009405    
0.593878933037    -0.197490082829    5.36939543167    0.549302092411    1    0.0231950283051    0.711665009405    
1.40180356275    -0.410316821994    5.09108800755    0.417970374968    10    0.228991031647    0.711665009405    
0.798233563001    0.109662150712    5.39688481411    0.574558072777    3    0.0688848495483    0.711665009405    
1.20951166245    -0.500551783838    5.23360710058    0.367139447323    16    0.369687080383    0.711665009405    
0.637875398562    0.350453866057    5.36753719194    0.676456419711    7    0.157202005386    0.711665009405    
1.23396134505    0.10281935817    5.51329497341    0.319607730036    11    0.25309419632    0.711665009405    
0.88973428497    0.310899930211    5.48814697341    0.253469946044    9    0.194644927979    0.711665009405    
1.07834108044    -0.032083081088    5.50273245384    0.271620527389    2    0.0442941188812    0.711665009405    
0.800556156171    0.294563923377    5.09291026265    0.659387494456    3    0.0666110515594    0.711665009405    
1.16996545673    -0.547643838904    5.43027089623    0.440874618644    2    0.0453372001648    0.711665009405    
0.890851100955    -0.662651447392    5.23523166707    0.552562493354    17    0.36651301384    0.711665009405    
0.987286678006    0.0188037346348    5.30608001926    0.23950200873    2    0.0445880889893    0.711665009405    
0.829633746174    0.174591252294    5.21845606736    0.469058141636    12    0.302870988846    0.711665009405    
0.975442429114    0.125537741225    5.26358388012    0.530665383659    20    0.477245092392    0.711665009405    
1.0565644985    0.0789072517722    5.08955084141    0.683134741189    38    0.84058713913    0.711665009405    
1.13114856218    0.530539312381    5.38106899047    0.588641411624    3    0.0684139728546    0.711665009405    
0.959626621622    0.207906622362    5.28041274083    0.505041856622    13    0.288732051849    0.711665009405    
1.11515188964    -0.523144429832    5.19253283221    0.511261820448    28    0.611577033997    0.711665009405    
0.388408642805    -0.0440113205314    5.1448585742    0.682245953108    1    0.0231461524963    0.711665009405    
0.98393906073    -0.225519631313    5.35213335422    0.292262763725    10    0.22104716301    0.711665009405    
1.11927902327    0.503877697203    5.25979998818    0.422862791032    1    0.0223798751831    0.711665009405    
1.53797162583    0.15792636803    5.26843886235    0.700602926712    1    0.0227210521698    0.711665009405    
0.769662237701    0.168244893558    5.17821125969    0.622933888663    7    0.159430027008    0.711665009405    
