0.00997597400429
0.00571638820287
0.0082496609771
0.010939590617
0.0152697929886
0.00710882067416
0.00674729380808
0.00937304442872
0.00812512610298
0.00737342104762
0.0145828481534
0.0131990976142
0.00979010440922
0.00700446367149
0.0129739252094
0.0111893113609
0.00885565631783
0.00921382114304
0.00706877224532
0.00928130059018
0.0072781021444
0.0130885904856
0.00837110637806
0.00667868343122
0.0141889296799
0.007023082269
0.0175434801947
0.00850931360301
0.00907375147362
0.0168735552338
0.00632212623679
0.0153787256157
0.0115473693491
0.00952592162505
0.00769043891553
0.0274570382988
0.0120609080382
0.0107164660564
0.00755434864323
0.0116519439505
0.00719148304873
0.00579595385135
0.0103869171636
0.0127526741928
0.00824585033057
0.00860826487148
0.00687007949521
0.00621505196141
0.00805924601597
0.00965966608497
0.00649808689569
0.00752308225617
0.00761793022055
0.0112501266215
0.00761263242936
0.00779037290395
0.00858334682873
0.00660730506303
0.011552155046
0.0112999099952
0.00709194893991
0.0140523575533
0.0408020168677
0.0104694593148
0.00880538818961
0.0165878239155
0.0100221356812
0.0111425120858
0.00678684159899
0.0111624357967
0.0128609668672
0.0118585257208
0.00710633704876
0.0083563106465
0.00659609863827
0.0133022425266
0.00640006446104
0.0086248321634
0.00741265468261
0.00640702661806
0.00706995115844
0.0190926214438
0.00659299970406
0.00969022590228
0.00648277929337
0.00747619577717
0.014949685514
0.0067781543283
0.0186295737759
0.0127071229914
0.0059624663237
0.0105909206602
0.00637867147378
0.00754144549947
0.00908466205237
0.00712416890985
0.00599212251089
0.00778257264564
0.00708994948559
0.00644330076773
