0.0089063015519
0.00963831441741
0.0110709777253
0.00897741854527
0.00716203978329
0.0113753319566
0.00815631099777
0.00791156828874
0.0162433804809
0.00858362600136
0.00838936159375
0.00882044479461
0.00720893455524
0.0105241277061
0.0116255651342
0.00865548835943
0.00781781878294
0.0168790270505
0.00788935054668
0.0104096922223
0.00773447255071
0.00958748757203
0.0108107130375
0.00805573135762
0.0133960638437
0.0076144009438
0.0091194530272
0.00893033572552
0.00830864258513
0.00749432298162
0.0070643797638
0.00967477250926
0.00994602123886
0.0106375938674
0.00770678606074
0.00784569813411
0.0139182313066
0.00755777776228
0.00954713787534
0.00921895922746
0.0113140324519
0.00841740883932
0.0197229007613
0.00861664754337
0.00799969320048
0.0099323286001
0.0132823005055
0.0104593944242
0.00769705067503
0.0100653907284
0.0121252498503
0.0093296130809
0.00762226491886
0.0113743956483
0.00871820309389
0.01071811487
0.0120720852614
0.0083873292955
0.00722785266807
0.0103434520239
0.0079086442605
0.00976177090113
0.00778720926895
0.00758815972149
0.00918775922729
0.00725540919633
0.010259392682
0.0116782531933
0.00738964187742
0.00961199691163
0.0100579859333
0.00796203250065
0.00814745716275
0.00894740403859
0.00743513636682
0.0157752282683
0.00764565038427
0.0146401096979
0.0119656029271
0.011326991733
0.0129942463658
0.0108936720495
0.0104032406932
0.0123702481086
0.0131576780951
0.0122647339364
0.0105883504863
0.0170298671547
0.00814783343923
0.0137275077174
0.00724486477919
0.00779921003921
0.011771907406
0.0102465844932
0.00846966243338
0.0104254217877
0.00798341002471
0.0127316848241
0.0143132762039
0.00926499340398
