0.0114655099666
0.00710071713754
0.00928772457183
0.0121397723409
0.00788948222761
0.0145790209843
0.0101521028896
0.00890859431068
0.00898890961994
0.00847798193176
0.0128157647855
0.00707109562786
0.00813837107804
0.00851246886715
0.0135175787459
0.00691288175448
0.00865793883795
0.0101474734103
0.00726340324255
0.00948485093785
0.00677455349782
0.00666150810044
0.0152607703575
0.00946933375916
0.00734567070969
0.00845103274328
0.0086781127556
0.0108408248239
0.00982634337574
0.019012307751
0.0095950563307
0.00766701342338
0.00729627792628
0.00939819680891
0.00818214533507
0.00783886060613
0.0142366285842
0.00923730097506
0.00864573083907
0.00778485019996
0.0166458521346
0.00914324944108
0.00747408412173
0.00927446836028
0.0159027724483
0.00838390033791
0.00711432185143
0.0237998084802
0.00829521069608
0.00936223393514
0.00949680445719
0.0106414878544
0.00734880284697
0.00989445266658
0.0102889779795
0.00766541390792
0.00738246910632
0.00904907316913
0.00697148784112
0.00681855920135
0.0111673236475
0.0133112765322
0.0095660170757
0.00767149989169
0.0156476163543
0.00932647652562
0.00854616515151
0.00780162164476
0.00795974670596
0.0134150232605
0.00959529511012
0.00849544498746
0.0165694409089
0.00777163873532
0.0199206730602
0.00870319113819
0.0147651759098
0.00813999236068
0.00798251267164
0.00710372673562
0.0107536971537
0.00930636060203
0.00698562216216
0.0106808873304
0.0103333089773
0.00943067691186
0.0183294353324
0.00751865857238
0.00697680339843
0.0096884245839
0.0103067590401
0.00963998868999
0.00812743106053
0.00775413443252
0.0115289985092
0.00767926584359
0.0151997145817
0.00889795999285
0.0101361930262
0.0125982283828
