0.010097489885
0.00899495175913
0.00885735583761
0.0083204341863
0.00902187086309
0.00942917102959
0.0115545555833
0.00738547539427
0.0119776267208
0.00850204981617
0.00825972277406
0.00869481756771
0.00883199099479
0.00773721841613
0.00873004198796
0.0174773830615
0.0105287125143
0.00857675030567
0.0168133381082
0.00943761990675
0.00854454623055
0.0111103263779
0.0120602881152
0.00769232521918
0.0106650611097
0.00773611273974
0.00850977198288
0.00850215189715
0.0103346874431
0.0193769979806
0.00744184042025
0.00760762918327
0.00974189394641
0.00767124641462
0.0114583196037
0.011955529061
0.0128521783298
0.0160842381687
0.00869659177401
0.00943752259361
0.00909553940669
0.00791657853171
0.00799958190241
0.0123276726111
0.00796937771287
0.0125892077208
0.0100819126805
0.00795700244933
0.00746791181492
0.00920613540214
0.00854722389227
0.00758739575406
0.0085270494722
0.00783358632583
0.00762630777986
0.0147058626539
0.00830384298248
0.0104634853751
0.00826416469799
0.00978971121817
0.0115082265381
0.00787922893342
0.00762652521871
0.00801233132982
0.00767941895499
0.00760588284519
0.0214076747664
0.00782525089342
0.0179326638957
0.00789854007147
0.00774815538604
0.0209278428293
0.00908305858918
0.0111522760684
0.0083455200972
0.00978224412837
0.00968965685814
0.0112368619347
0.00754286346269
0.0104066330817
0.0141638271499
0.0121722577997
0.0106464603467
0.00792605589772
0.00762925590346
0.0123685768062
0.00963150234725
0.00984424521642
0.0090125647542
0.00873621521155
0.0092142644017
0.00747521357033
0.0076700104773
0.014638883476
0.0099558418054
0.00820258277115
0.00768881861903
0.0111581840918
0.0075307337206
0.0120762640627
