0.00770630303731
0.00898860269714
0.0103611714769
0.0116816561891
0.00786213654212
0.0111406189511
0.0101499417373
0.00964897890923
0.00962947160125
0.00917276051497
0.0083153329282
0.0118871031759
0.0100926768915
0.00886780415076
0.00812827431445
0.0113537205022
0.0101593375346
0.00761309950111
0.0114808754858
0.010749563549
0.0115482309111
0.00818708311733
0.015694810608
0.00767597743206
0.00868306504734
0.0126130893666
0.0101973802459
0.0114907375201
0.00872669935431
0.00948259324605
0.0106432468004
0.00853914422126
0.0108657191741
0.0100814879589
0.0107283746098
0.00828764494885
0.0112302306726
0.0147367043984
0.00774879720052
0.00919196120865
0.0076481632614
0.00933610200645
0.00937027009987
0.00959909936308
0.0107740633469
0.00995903624615
0.00873585121458
0.0107954335594
0.00989719112967
0.0079544745204
0.00945727127585
0.0101156622102
0.0100197458416
0.0183973969231
0.00769193000734
0.00896588555584
0.0100961920898
0.0136192403555
0.00943592321626
0.00782376011708
0.00823749365507
0.0104400426233
0.0129866123191
0.0101998175362
0.00762533412028
0.0126211939139
0.0107500268399
0.00781167194484
0.00984900218256
0.0134509928316
0.00870655285359
0.00794268157553
0.00989043457095
0.00759560235069
0.00833341765432
0.0181409469507
0.0137631722266
0.00787897685772
0.00865109750853
0.00767187440287
0.00975504370127
0.00867278948852
0.00896882482778
0.00809653839498
0.00766212545096
0.00978254762479
0.0102832602027
0.00840350020028
0.00842823570741
0.0179059236783
0.00915916304951
0.00772887577865
0.0119582630106
0.0128831125824
0.00989487826695
0.0100719283332
0.0100761971633
0.00789299498781
0.00932514410431
0.00946860845543
