0.0120904237994
0.00884546076667
0.0112795231443
0.00824583824301
0.0105283941882
0.013545881231
0.00895877959972
0.00953836160994
0.0105751278085
0.00835857142451
0.011887927858
0.00820628620298
0.00886453906317
0.0139075776723
0.010400317352
0.0086777349539
0.00846710818815
0.00846050013623
0.00960405055167
0.0104536109844
0.0104764257878
0.0117994211392
0.0108189807658
0.0097631765372
0.0135710135417
0.00928335218092
0.0113483824702
0.0106610164844
0.0103337252867
0.0103139667417
0.00904977367871
0.0110230627759
0.00965071863804
0.0111874871476
0.00985240190892
0.0121485451481
0.00887562764847
0.00817014143586
0.00848729009474
0.00943397765516
0.00982136498942
0.00821210897244
0.00940334975319
0.00846951051406
0.00966362220939
0.00947601150583
0.010628126785
0.00825701581125
0.00877491096682
0.0107745877063
0.00882740046915
0.00876499724867
0.012479708442
0.0108071106471
0.0114338570164
0.00938630145195
0.0106415656027
0.0082673175548
0.0117136254318
0.00941017905066
0.0113597922674
0.00863174532921
0.0109926020907
0.00939582596726
0.00854464818895
0.00866659545355
0.00978758287877
0.00834079310646
0.00962913110716
0.00838797173714
0.00818678307823
0.00971142382765
0.0127379820773
0.0122039374684
0.0111377446435
0.0111456259954
0.0120483348396
0.00831628549982
0.0115554469476
0.00948602704637
0.00961009969732
0.011218590914
0.00840578190311
0.00882908421144
0.00902075414214
0.0126410477123
0.00958042511106
0.00944172175764
0.00998549865626
0.00936803797055
0.00933588397935
0.00888521231903
0.0113146705939
0.00844977930776
0.00988079044546
0.00866729563881
0.00954474081379
0.00890690453062
0.0134051529795
0.0108850737911
