0.00832773895057
0.0091480406163
0.0122322147012
0.0128046892907
0.0148434370159
0.0099259165245
0.0115870387001
0.0102248446571
0.00889407404168
0.0102346696586
0.0123424391952
0.0115788637995
0.0103182623297
0.00960289812008
0.00922354687119
0.00844291624185
0.00905592305259
0.00999924721325
0.0139857373303
0.00900679588514
0.00948431762637
0.0119366122858
0.00832055480182
0.010567734384
0.0110630877579
0.0116362092798
0.0109296628151
0.00871431096293
0.00865167030646
0.00845861735801
0.00905825575607
0.00833797169789
0.00995433841379
0.00856102735006
0.0134691933736
0.00969179283021
0.0111043525108
0.00822614488657
0.0106447308223
0.0099643043318
0.00902570417192
0.0101960207579
0.00844766264862
0.0103124589006
0.0100095002666
0.01033899122
0.00906694929991
0.00942757657463
0.00996243324936
0.0112210158689
0.0112010807664
0.0118519962095
0.0102999168954
0.0119508888011
0.0104589555922
0.00832554556274
0.0109786653606
0.00973274354228
0.0103960460384
0.00928577480231
0.0112732452312
0.0124711227972
0.00855668936401
0.00823392606549
0.00847791524739
0.010655907997
0.0122034931969
0.00920178501362
0.00832355955313
0.0109123690262
0.00939189427621
0.00978216762614
0.0112925559968
0.00968435295616
0.00915701620137
0.00974626392197
0.00929561546953
0.00845528844801
0.00859311989111
0.00856822896333
0.00916423900403
0.0103783682792
0.00970428974214
0.00854702454562
0.00819945798272
0.0102995114724
0.0106010678989
0.012087469802
0.00853777071419
0.00864256355702
0.0093019446551
0.0105341137051
0.0105380523221
0.00839568815338
0.00981108474309
0.0084254104343
0.00828049977288
0.00831904180314
0.0106895872068
0.0122221866869
