0.00942883724304
0.00818358076871
0.00895262567536
0.00787268684683
0.00893697519085
0.00853925833405
0.0116298265719
0.00889833452033
0.00804150111693
0.011342614757
0.00977964958413
0.00997468820837
0.00849551981728
0.0104499296386
0.00809890734439
0.0100079091257
0.00795978463373
0.0105119350494
0.00780277617265
0.0148602199497
0.0105759065425
0.00859550924397
0.0111426989796
0.00807036104219
0.00818827108111
0.0131238767328
0.00907652402911
0.0100585805094
0.00967537264176
0.01633399481
0.0109717955455
0.00932996112196
0.00794909956325
0.00807366905212
0.0106358125184
0.00866158389247
0.00954196983033
0.0108970272656
0.00810781973914
0.00807782421317
0.0129474655264
0.0113619187509
0.0140289469952
0.0104649003051
0.0102293070402
0.0134735499267
0.0129799226478
0.0109876146477
0.00889081289587
0.0135312466156
0.00847205878785
0.00884936040757
0.00802224839068
0.00792800031667
0.0111283019001
0.0104807934578
0.00997154541236
0.0109262104334
0.011351416394
0.00921030515238
0.0103901949314
0.00838668533204
0.00845993854506
0.0105458110842
0.00906114499762
0.00902143033913
0.0111478043916
0.00922534797207
0.00819415868453
0.0085412470155
0.0112954056769
0.0171480593513
0.00966172890654
0.0103965118408
0.011662729811
0.0117808251065
0.0095143869738
0.00925998883878
0.00845138475294
0.00923435138105
0.00782013940514
0.00787070524507
0.00971155747034
0.0102949248406
0.00963350626121
0.00844178734873
0.0159752154154
0.0105928501692
0.0114095433965
0.00795592988502
0.00873502394952
0.00811455464676
0.00821636264846
0.0104217011156
0.0106194582816
0.00877291075706
0.00941965919749
0.00914287775364
0.00881100602213
0.0145700053501
