0.00881916982527
0.0101725441031
0.00783233571786
0.0122874447387
0.00752210828933
0.00977790445705
0.011956563487
0.0161972275853
0.00984033257516
0.00964341703271
0.0101819783877
0.00772444418603
0.0101873530152
0.00752003887711
0.00824190873312
0.00924765463034
0.0126348837661
0.00815799066437
0.00749404657238
0.00826477735472
0.0151490360122
0.00836311925584
0.0115711566795
0.00873836524439
0.00892730506094
0.010238168593
0.00959774026672
0.00749354450291
0.0101962811139
0.0117625649544
0.00960987886162
0.00949746924089
0.00933519199973
0.00924814850603
0.00958522627338
0.0119739964552
0.010378401417
0.00751685959667
0.00817178790995
0.0123642329286
0.00800631082743
0.00797136958769
0.008920271453
0.00989630728153
0.0082946606639
0.00949864339407
0.0084874200105
0.00757913085125
0.00940492962842
0.0083934957493
0.00922159257602
0.0102756764171
0.0137998910671
0.0116549255179
0.0122421699246
0.0100183269911
0.0119810073581
0.00831392376924
0.00966111733815
0.00780940306268
0.00843743688196
0.0100841170787
0.0125582939816
0.0137723760546
0.0111500309232
0.00963042377139
0.00802844521907
0.0114280573402
0.00839620590308
0.0144645991591
0.00832427198421
0.0106419891358
0.00986191446942
0.0135127082318
0.0101006634652
0.00927940035985
0.00766821306885
0.00971798302806
0.0131062588837
0.00990361223396
0.00777523044072
0.0145303559289
0.0100348035792
0.00859098969688
0.00782409398727
0.0149913596358
0.0100077893167
0.00863375828886
0.0134756524913
0.00933003085005
0.0111226225448
0.0102262522878
0.00840679617912
0.00951923270853
0.0140858731766
0.00855294751927
0.00903422334179
0.00954036640001
0.00885934559198
0.0105381025202
