0.0111720698255
0.0112710501212
0.01125800975
0.0125117061488
0.0102360066336
0.00824115564562
0.00963271318992
0.00846119689309
0.0104405322147
0.00974810206182
0.0093495012003
0.00934522311502
0.0112084646536
0.0119459665559
0.00858399056844
0.00891512664005
0.0083747376677
0.00851057965313
0.00911355566114
0.0130341118597
0.010995184792
0.0123444700127
0.00902598318292
0.00852284620251
0.0104394858146
0.0118839562756
0.0112440019927
0.0119829699895
0.00821617378156
0.0105802577665
0.00899337663561
0.0110480968216
0.00916406996331
0.0100613967032
0.011129395671
0.00814171585011
0.00840815289571
0.0121547863873
0.011923945672
0.0122204975835
0.0118678681514
0.0094933034138
0.00924621432617
0.00824048269797
0.0103850828629
0.00882787340982
0.00820898454246
0.00844121877345
0.00955193380592
0.00887445145442
0.00889279700389
0.00843818100653
0.0086218011237
0.0102108332464
0.0118066395745
0.0101592965816
0.0098786212929
0.0087009678695
0.00832280969848
0.00973901631913
0.00929872038219
0.00889058741086
0.0105160824484
0.0100166080548
0.0123377415149
0.0104745492014
0.0132793616923
0.0106884728235
0.00867610305903
0.00954909288624
0.0102403637784
0.00885873471789
0.00826677761755
0.0115112617814
0.00835092727757
0.00886019558801
0.0097374893646
0.00823843904988
0.0102599934968
0.00858847786279
0.0101320670279
0.00999968069184
0.00856568883494
0.00891245345252
0.011485077159
0.00976175367473
0.0114868794135
0.0131890091613
0.0093746679918
0.0107479354107
0.00905168862363
0.0112206125423
0.0120946305904
0.0090261648699
0.00863109762463
0.00985012615477
0.00996867613294
0.0100012602333
0.0103186995121
0.0117989096811
