0.0109794052577
0.0110669395312
0.00890392134605
0.00974991486037
0.0116358951585
0.0146428850939
0.0124024039798
0.00869208096125
0.00985270636668
0.00837837948049
0.0110780121296
0.0133911001556
0.00945148078889
0.00942219776167
0.00931266447783
0.0106637428874
0.00791030989987
0.0124199420208
0.00874297623569
0.0192169607333
0.00754034960806
0.00883410440356
0.00737345702672
0.00794815983456
0.00902255444163
0.0124362591457
0.00798925905211
0.0104849410809
0.0111712923118
0.00784794796677
0.00780868874308
0.0100434409567
0.0101271123384
0.00780007242761
0.0134035945367
0.00804961441867
0.0123970673168
0.00878483938647
0.0131388597036
0.00849992487292
0.0073521451659
0.0128308515388
0.0119788397806
0.00760477537395
0.0091426316033
0.00895201574309
0.0074569380916
0.00818059190795
0.00778327169199
0.0112849897238
0.011632805064
0.0137212323419
0.0130539704411
0.00940954105394
0.00802774603109
0.0151911709009
0.00961974091868
0.00875099443025
0.00734336144269
0.0104463363192
0.00867944378241
0.00953556826684
0.00751670730484
0.00846744095926
0.010245148443
0.0170385857351
0.00812671544884
0.00794423495744
0.0127567897347
0.00795613350154
0.0129434353004
0.014094912196
0.00835012156488
0.0103324968913
0.00746892613121
0.00782498821561
0.0161985621766
0.0118244207708
0.0106670952799
0.00799207900755
0.00975275531896
0.00794429077125
0.0112631889853
0.0110901528133
0.0128300239903
0.0104055533337
0.0104135087518
0.00897545366956
0.00744850866435
0.0117699603599
0.00768250840886
0.00744288781757
0.0075863751202
0.00873127241045
0.00822267462131
0.00905822271824
0.0113211319089
0.00819560931914
0.00732752380793
0.00819518327656
