0.0102516114792
0.010534170024
0.00850568942307
0.0087301784014
0.0103298529611
0.0125708419488
0.0133893123059
0.00863189528525
0.00888510606487
0.0086241146756
0.0179373478151
0.00921109062847
0.0101062155201
0.00874703557776
0.010520626848
0.0084362577568
0.0124532519714
0.00941679922994
0.0128161296027
0.0108732900281
0.0102915821554
0.0104278802444
0.0107592069654
0.00898895103917
0.00873826161163
0.00893934370964
0.00971152044085
0.0114841977784
0.00811518550554
0.00959220337336
0.00913730162372
0.0112403120774
0.0090419576454
0.00978211136663
0.00821540923608
0.0113671066496
0.0121420361773
0.00865362140521
0.0111791527593
0.00839081339393
0.00921177464102
0.0102873277943
0.0113856707492
0.00838859768382
0.00856880830121
0.00854597331039
0.00829170200831
0.00925194719777
0.0098208346544
0.0112455567218
0.0132638161427
0.00829376875932
0.00919047652397
0.0117181977464
0.00845088908454
0.00915015300415
0.00845300847764
0.00888803999761
0.00880984400203
0.00978445212831
0.00825013141172
0.00835808552952
0.00860961923033
0.00957812421386
0.00853014854927
0.00836010767009
0.0085449877166
0.00978794578809
0.0103812892882
0.00861353279211
0.00854828457971
0.0110057461
0.010772712512
0.0111689518709
0.00871921833186
0.00876165641532
0.0085125033648
0.010845693546
0.00999530931774
0.0105310490753
0.0109886137902
0.0116623490809
0.0114458051415
0.00826914704349
0.00914163572643
0.00873001690924
0.00933888045374
0.00924117991857
0.00822369032323
0.0107192860279
0.012047829441
0.0127477373806
0.00821746492465
0.00929848558966
0.0112059923808
0.00889531120502
0.0160566351916
0.0140497861773
0.0133096319807
0.0103656123749
