0.00807247658513
0.0126226687115
0.00729987815256
0.0078984272272
0.00883884542835
0.0119108628315
0.0150941509659
0.0386547161583
0.00930749921821
0.00879258650895
0.00852462564282
0.00911376974696
0.00716007001374
0.00701590152783
0.00799498452544
0.00713020228649
0.0079823580836
0.00756509155576
0.0088025368198
0.00745046230576
0.0214736815469
0.0103188645243
0.00965309292624
0.00702541138818
0.00752056158457
0.00728382419791
0.0098190082887
0.00815810252239
0.00889042231489
0.0170043959736
0.00748346012353
0.00738660024963
0.022152022784
0.00947101908454
0.00868770378005
0.01259728154
0.00702550265649
0.00810879769581
0.00726777146292
0.0102168723621
0.0186780482386
0.0104096889671
0.0093013213875
0.0086550458515
0.00960935794119
0.0117651115762
0.0128899167652
0.00914673751181
0.0119037037471
0.0159212300266
0.00755617471635
0.00829550655993
0.00739611196939
0.00819688866433
0.00727483542887
0.00717948295751
0.00799728953802
0.00916388472424
0.00873011727612
0.00772013297336
0.0117447812569
0.00709420073667
0.0108617589323
0.0130822762197
0.00916026106065
0.00915076275768
0.0134790616729
0.00930839273262
0.00803016035095
0.00773163592372
0.00880958555431
0.00810932191994
0.0181852188289
0.0105476854631
0.00965225811102
0.00790784090809
0.00950766562003
0.00768084485995
0.00897845077741
0.00759768052913
0.00817681844977
0.0074956056002
0.0100108681095
0.00875284424528
0.0115102409942
0.0117635669676
0.00702457743994
0.00882365710025
0.0118332845578
0.00760536404008
0.00960586313693
0.00781934489012
0.0147614061012
0.00818998580082
0.00836979921117
0.00989785356895
0.00955878088682
0.0149719422231
0.0070304407924
0.00761081354473
