0.00792814073638
0.00963149921397
0.0105576748224
0.00950707790574
0.00827391620836
0.0113559544062
0.0164018814434
0.008173941529
0.0128625726662
0.00763568600166
0.00941718594192
0.0123997067336
0.0118774986339
0.00834344592922
0.00785477838227
0.00977973084479
0.0109209119024
0.0098623484361
0.00743666552823
0.00924537135543
0.00779897772266
0.0115174112534
0.00775839373553
0.0076407128776
0.00778440875349
0.00827980378079
0.0080482489055
0.00888310235121
0.00800029913967
0.0116730072224
0.00830429696127
0.00882059793254
0.0114300534979
0.0104057986498
0.00915988235757
0.00927511446794
0.00847015843893
0.00788156623105
0.00763014241804
0.0102976433023
0.0121444878287
0.00753294069808
0.00954538596373
0.0111157261406
0.00989998370604
0.00860695177448
0.00747250312857
0.0112740006479
0.00964754616244
0.00842389838842
0.00748513987749
0.00845680644614
0.00982542684698
0.0171207114226
0.00788621916027
0.0155583399495
0.0161648227042
0.00849429446374
0.00784425762269
0.0211110107472
0.00958725326627
0.010896771433
0.00750379330044
0.016260526958
0.00835236213757
0.00850881887708
0.00932091488665
0.00843105698636
0.00770939137054
0.0137068958936
0.00770203873391
0.0124916201518
0.00746768373194
0.0100583433066
0.0158930596647
0.00755016433458
0.00877002015635
0.00931513489995
0.00820985997203
0.0106513911182
0.0136953764673
0.00854233681134
0.0163206532975
0.0148793369698
0.00757481611676
0.00795453710596
0.0107044132759
0.0132614169006
0.00772216016157
0.00846183134163
0.00803696363652
0.0109108748974
0.00830442944264
0.00807417169689
0.00765806490109
0.00912498956858
0.0108247006595
0.00960724797824
0.00926940762202
0.0165491076684
