#  O_m    O_de   w0_de  w1_de  h_100  O_b    O_nu   Neffnu sig_8  A_s  n_s nonlinear transfer growth de_param normmode N_a
#  0.306  0.694 -1.000  0.000  0.730  0.049  0.000  0.000  0.827  2.296e-09  0.960 smith03_revised(7) eisenhu_osc(2) growth_de(1) linder(1) 0 725
# Nzbin = 1
# nofz0
#     0 (ludo)
#  photz0
#       0 (photz_no)
#  Nnz0 
#     5
#  pnz0   pnz1   pnz2   pnz3   pnz4      
# 0.001  2.500  2.000  1.500  0.636     
# Mean redshift = 0.951
# (s)tomo = (tomo_auto_only)1 (s)projection = (limber_la08_hyb)2 (s)reduced=(none)0 q_mag_size=0 (s)ia=(HS04)1 (s)ia_terms=(only_GI)2 A_ia=2
# theta[arcmin] <M_ap^2>^{mn}(theta){Gaussian}
#                   00
    0.500000 1.212106e-05
    6.207143 4.365826e-06
   11.914286 2.583730e-06
   17.621429 1.913016e-06
   23.328571 1.559139e-06
   29.035714 1.333517e-06
   34.742857 1.172254e-06
   40.450000 1.048260e-06
   46.157143 9.481992e-07
   51.864286 8.648714e-07
   57.571429 7.939216e-07
   63.278571 7.325655e-07
   68.985714 6.789173e-07
   74.692857 6.315579e-07
   80.400000 5.894845e-07
   86.107143 5.518528e-07
   91.814286 5.180319e-07
   97.521429 4.874427e-07
  103.228571 4.597085e-07
  108.935714 4.344182e-07
  114.642857 4.112839e-07
  120.350000 3.900557e-07
  126.057143 3.705162e-07
  131.764286 3.524752e-07
  137.471429 3.357655e-07
  143.178571 3.202402e-07
  148.885714 3.058273e-07
  154.592857 2.923704e-07
  160.300000 2.798036e-07
  166.007143 2.680359e-07
  171.714286 2.570129e-07
  177.421429 2.466373e-07
  183.128571 2.369045e-07
  188.835714 2.277295e-07
  194.542857 2.190649e-07
  200.250000 2.108751e-07
  205.957143 2.031493e-07
  211.664286 1.958338e-07
  217.371429 1.888975e-07
  223.078571 1.823150e-07
  228.785714 1.760631e-07
  234.492857 1.701201e-07
  240.200000 1.644658e-07
  245.907143 1.590816e-07
  251.614286 1.539502e-07
  257.321429 1.490554e-07
  263.028571 1.443822e-07
  268.735714 1.399166e-07
  274.442857 1.356453e-07
  280.150000 1.315671e-07
  285.857143 1.276698e-07
  291.564286 1.239342e-07
  297.271429 1.203501e-07
  302.978571 1.169082e-07
  308.685714 1.136061e-07
  314.392857 1.104512e-07
  320.100000 1.074143e-07
  325.807143 1.044880e-07
  331.514286 1.016761e-07
  337.221429 9.898408e-08
  342.928571 9.638358e-08
  348.635714 9.386901e-08
  354.342857 9.147082e-08
  360.050000 8.914810e-08
  365.757143 8.689720e-08
  371.464286 8.474944e-08
  377.171429 8.266359e-08
  382.878571 8.064720e-08
  388.585714 7.871285e-08
  394.292857 7.682904e-08
  400.000000 7.502173e-08
