# theta[arcmin] xi-^{mn}(theta)
# th[']             00
          0.50000000 2.014144e-05
          6.20714286 1.876318e-05
         11.91428571 1.261515e-05
         17.62142857 9.316922e-06
         23.32857143 7.386744e-06
         29.03571429 6.155873e-06
         34.74285714 5.315666e-06
         40.45000000 4.710086e-06
         46.15714286 4.253805e-06
         51.86428571 3.898589e-06
         57.57142857 3.612098e-06
         63.27857143 3.375573e-06
         68.98571429 3.176140e-06
         74.69285714 3.004996e-06
         80.40000000 2.855395e-06
         86.10714286 2.723748e-06
         91.81428571 2.605495e-06
         97.52142857 2.498635e-06
        103.22857143 2.401663e-06
        108.93571429 2.312622e-06
        114.64285714 2.230453e-06
        120.35000000 2.154208e-06
        126.05714286 2.083180e-06
        131.76428571 2.016756e-06
        137.47142857 1.954386e-06
        143.17857143 1.895572e-06
        148.88571429 1.839804e-06
        154.59285714 1.786800e-06
        160.30000000 1.736504e-06
        166.00714286 1.688654e-06
        171.71428571 1.642726e-06
        177.42142857 1.598705e-06
        183.12857143 1.556800e-06
        188.83571429 1.516439e-06
        194.54285714 1.477692e-06
        200.25000000 1.440599e-06
        205.95714286 1.404813e-06
        211.66428571 1.370525e-06
        217.37142857 1.337475e-06
        223.07857143 1.305699e-06
        228.78571429 1.275076e-06
        234.49285714 1.245609e-06
        240.20000000 1.217183e-06
        245.90714286 1.189806e-06
        251.61428571 1.163395e-06
        257.32142857 1.137892e-06
        263.02857143 1.113354e-06
        268.73571429 1.089528e-06
        274.44285714 1.066696e-06
        280.15000000 1.044416e-06
        285.85714286 1.023113e-06
        291.56428571 1.002358e-06
        297.27142857 9.822951e-07
        302.97857143 9.629261e-07
        308.68571429 9.440266e-07
        314.39285714 9.259154e-07
        320.10000000 9.082664e-07
        325.80714286 8.911064e-07
        331.51428571 8.745644e-07
        337.22142857 8.584621e-07
        342.92857143 8.428288e-07
        348.63571429 8.276640e-07
        354.34285714 8.129350e-07
        360.05000000 7.986052e-07
        365.75714286 7.846566e-07
        371.46428571 7.711492e-07
        377.17142857 7.579565e-07
        382.87857143 7.451048e-07
        388.58571429 7.326604e-07
        394.29285714 7.204772e-07
        400.00000000 7.086168e-07
