a    b    distance0    NDraws    time    dist_threshold1    
1.01452276368    -0.0574634426894    0.0158749498164    5    6.57944822311    0.070723079103    
0.956274370953    -0.0488309187783    0.0451969032084    4    4.77674603462    0.070723079103    
1.06751133993    0.00577336561211    0.0694713863143    1    1.32300496101    0.070723079103    
0.992940408772    -0.00958169689349    0.0265108112469    2    2.38415908813    0.070723079103    
0.956591531331    -0.000104494927524    0.0436881941906    3    4.31706595421    0.070723079103    
0.963010750453    -0.0613811705543    0.0473072456053    6    7.27382206917    0.070723079103    
1.03086257609    0.00469677364197    0.0646432604871    7    7.74602985382    0.070723079103    
1.04534298139    -0.0587297399229    0.0595569573283    5    5.3645169735    0.070723079103    
0.940211450654    -0.0342558259325    0.06375958398    3    3.87543797493    0.070723079103    
0.982416676423    -0.0493901164495    0.0284081237526    4    4.62010407448    0.070723079103    
0.946559070096    -0.0535675928804    0.0560023878327    2    2.46069693565    0.070723079103    
1.0493532794    -0.0129695076857    0.0544419880007    3    4.06628513336    0.070723079103    
0.977908305234    -0.0906037315861    0.0492529732867    1    1.21486997604    0.070723079103    
1.03021097051    -0.00821769911978    0.0340829383142    2    2.81793093681    0.070723079103    
0.992343398008    0.00481880603478    0.00951318240878    1    1.26696610451    0.070723079103    
1.01463947917    0.0274778486382    0.0381229417382    5    5.88855886459    0.070723079103    
0.994037714688    -0.102575274581    0.0223914216167    2    2.10683202744    0.070723079103    
1.03626810145    -0.0775117890155    0.0432906859306    2    2.31862092018    0.070723079103    
1.02842913948    -0.0172362898591    0.0371311377108    4    4.90428090096    0.070723079103    
0.974797924606    -0.0600730777438    0.0314993068793    1    1.58517479897    0.070723079103    
1.00795008565    -0.0909355360881    0.0536776631302    4    5.01252579689    0.070723079103    
0.952908108534    -0.0860146646961    0.0474160500649    2    2.25851893425    0.070723079103    
1.00799997249    -0.139504265537    0.0416825250908    2    2.53123521805    0.070723079103    
0.95169413761    0.00667576369676    0.0470340954791    1    1.09774398804    0.070723079103    
1.01660203254    -0.0154635697743    0.0332520590956    1    1.28203701973    0.070723079103    
0.95113860327    -0.0342589743625    0.0489908246419    5    6.1639919281    0.070723079103    
1.05935985291    -0.0457920997764    0.0689655621768    7    11.3480379581    0.070723079103    
0.970573320788    0.0580344741125    0.0485010414736    2    2.33645200729    0.070723079103    
1.01213650207    -0.0975226811691    0.0531883700187    1    1.24344706535    0.070723079103    
1.01739349313    -0.147920242175    0.0483497344188    1    1.30556488037    0.070723079103    
0.97355881134    -0.00955162574155    0.0296151012472    1    1.20233988762    0.070723079103    
1.0120070242    -0.0178758195634    0.0194862010581    2    1.86924600601    0.070723079103    
0.996938777873    -0.111459934259    0.0327003154463    2    2.30192112923    0.070723079103    
0.971534060408    -0.0279048312418    0.0286476955259    2    2.54291892052    0.070723079103    
1.0012376185    0.0029074558266    0.0266065560738    1    1.33054804802    0.070723079103    
1.01669055697    -0.0597335517789    0.0506961658555    2    2.59071612358    0.070723079103    
1.0277333831    0.0192493871028    0.051299399903    1    1.43313097954    0.070723079103    
1.04799580035    -0.076448403356    0.0488679324668    2    2.38736510277    0.070723079103    
0.941890033182    -0.0340208850939    0.0589891351014    7    8.85859107971    0.070723079103    
0.994362659537    -0.011940240658    0.057783113407    1    2.1169719696    0.070723079103    
0.984626239203    -0.0759224187255    0.01633793461    2    3.42459893227    0.070723079103    
1.04135246344    0.062445889964    0.0670857032797    4    6.23751688004    0.070723079103    
1.04458368664    -0.00767843899175    0.0623578653496    4    4.82447504997    0.070723079103    
0.970326222798    -0.114896587839    0.0651954547903    1    1.21082901955    0.070723079103    
1.01495952978    0.006272910059    0.0566441619266    1    1.22821092606    0.070723079103    
0.966805817259    -0.0434099807497    0.0358881390018    4    4.56764388084    0.070723079103    
1.01869239983    -0.0224950993832    0.036573257095    4    4.96080994606    0.070723079103    
0.993874857362    -0.0725483065164    0.00724094281005    2    2.8807079792    0.070723079103    
1.03543506417    -0.125881483786    0.0359533292041    4    5.25778985023    0.070723079103    
0.955118378229    -0.0754596860053    0.0446887979328    4    3.42068099976    0.070723079103    
1.04030349927    -0.0710669919718    0.0456924004419    1    1.21628808975    0.070723079103    
1.02020375722    -0.0395780993508    0.0553777903836    1    1.14254808426    0.070723079103    
1.03641469482    -0.0598550278877    0.0407295743619    2    2.52797198296    0.070723079103    
1.00132613044    0.0399114846577    0.0567630589915    4    4.75883507729    0.070723079103    
0.959660395803    -0.0126774491681    0.0431175327801    2    2.4105489254    0.070723079103    
0.963729868293    -0.0537270756988    0.0396652635819    1    1.15388584137    0.070723079103    
0.979517479409    -0.0915391700212    0.0664910105621    3    3.3261961937    0.070723079103    
1.01360275253    -0.00999728755172    0.0296256494415    1    1.18564581871    0.070723079103    
0.999301784665    -0.0394938183336    0.0399429994311    1    1.33355283737    0.070723079103    
0.984943463133    -0.0809331868056    0.048691975932    1    1.48862504959    0.070723079103    
0.968765011999    -0.130501503132    0.040884441899    2    2.87800383568    0.070723079103    
1.02810333273    -0.00855401375038    0.0297207027262    2    2.28073000908    0.070723079103    
0.986395490911    -0.0781868903866    0.0194231850315    2    2.06160616875    0.070723079103    
1.04437393604    0.0183085203196    0.0467639756371    4    4.56452798843    0.070723079103    
0.96796853875    0.0173321609128    0.0579695813279    1    1.24106907845    0.070723079103    
1.00878458003    -0.0206869750863    0.0434083673256    14    18.1291060448    0.070723079103    
0.936235735098    -0.0342921081253    0.066659370715    4    1.95157217979    0.070723079103    
1.04298390366    -0.0258294293129    0.0440981152802    4    1.27562713623    0.070723079103    
1.02627286381    -0.0722862460599    0.0357352400789    1    0.220710992813    0.070723079103    
1.03617685833    -0.0276967958534    0.0457990848953    2    0.512255907059    0.070723079103    
1.00198037895    -0.0168933750527    0.0143128202092    1    0.907608032227    0.070723079103    
1.0043111477    -0.0754589068722    0.00605280743581    1    1.07515192032    0.070723079103    
0.966460067879    0.0161562690577    0.034953603742    7    7.45015406609    0.070723079103    
1.00698800291    -0.0582552302143    0.00987429175483    1    1.05224108696    0.070723079103    
1.01890482156    -0.0487272311897    0.0409757175756    3    2.73478102684    0.070723079103    
1.05371440759    0.036451518742    0.0574456776998    1    0.911775112152    0.070723079103    
0.933466553102    -0.00528358184335    0.0674547118827    1    1.00971794128    0.070723079103    
0.949840938105    -0.0230902604578    0.0503113600768    1    1.51785111427    0.070723079103    
0.965024062291    -0.0618201824331    0.063862929334    5    6.20632696152    0.070723079103    
0.995375858149    -0.019397386936    0.0197493706783    3    3.74514079094    0.070723079103    
0.99353285598    -0.0135485791118    0.016290703985    3    3.55051803589    0.070723079103    
1.04246149752    -0.101752658779    0.0656236588811    1    0.978549003601    0.070723079103    
0.973643880372    -0.0311526115741    0.0289507351493    2    2.08612108231    0.070723079103    
0.989110333276    -0.0255000447661    0.0126953552424    2    1.7987780571    0.070723079103    
1.00628167689    -0.0693849331565    0.0478901507934    2    2.517537117    0.070723079103    
1.01074585233    0.00668998945989    0.0485017837396    1    1.34967780113    0.070723079103    
1.02640842109    -0.0542871855406    0.0426769697774    3    3.68002796173    0.070723079103    
0.990440647159    -0.0748968219885    0.055257718973    4    4.81368684769    0.070723079103    
0.955534302394    -0.0758525736627    0.0533350651476    1    1.05695915222    0.070723079103    
0.965535750477    -0.0766352875293    0.0334638210634    1    0.822039842606    0.070723079103    
1.03160137532    -0.0697965319775    0.0329043810677    3    3.05888390541    0.070723079103    
0.992240971793    -0.0169856272073    0.0672873442014    1    1.10064411163    0.070723079103    
1.02544221446    -0.068655031304    0.0495024574699    1    1.19274902344    0.070723079103    
0.943288773839    -0.0609387262893    0.0580601527993    3    3.43961501122    0.070723079103    
1.04679151333    -0.00737664896957    0.0587599775727    1    0.862916946411    0.070723079103    
1.02520122755    -0.0808096479113    0.0550062056168    1    0.709954977036    0.070723079103    
1.04846460496    -0.10635164121    0.0706579343458    2    1.05682492256    0.070723079103    
1.02940671653    -0.0796496840737    0.0500678325541    3    1.58737397194    0.070723079103    
1.00985302258    -0.0160655221433    0.0511097055056    3    3.17147111893    0.070723079103    
1.02991336391    -0.134982303334    0.0678406815484    1    0.778329133987    0.070723079103    
