0.00883302038019
0.013140519903
0.00821727860236
0.00807984024192
0.00979685493307
0.0127901988907
0.00947760012038
0.0099528066458
0.0116631784981
0.00818488680149
0.0122414909751
0.00921220969968
0.00852337420044
0.0137430647196
0.00803952853979
0.0079631710914
0.00976076013896
0.0110727393435
0.00871026043675
0.00924063840972
0.0081645991232
0.0100907237754
0.00820901549316
0.00812287326267
0.00840926668186
0.0101110760444
0.00905287761036
0.0121004866979
0.00867026776677
0.0113882556009
0.00853618002745
0.00951595906734
0.0150570054995
0.0150306144908
0.0108376604945
0.0128607889749
0.00855323497938
0.0103043458418
0.00892261578551
0.0101858813573
0.0109016222114
0.00840316604387
0.00779508958397
0.0145586743068
0.00952031454719
0.00784395991648
0.013956629378
0.00873488257977
0.00997890675059
0.00848732840006
0.00913850862062
0.00789106132674
0.00859532923513
0.011453722513
0.0123952031273
0.0134223896183
0.0129770441689
0.00829526821242
0.0113421923568
0.00909436697491
0.00858878458426
0.00953296626757
0.0111762358573
0.0122526139289
0.0126925595761
0.00957288924316
0.0103357876103
0.00937160480167
0.00914025408289
0.00911573637484
0.00790101716516
0.0097101899316
0.0132623381559
0.0087687401772
0.00909752718106
0.00820399991996
0.00837586203663
0.00838349929405
0.00964402784089
0.0116196968815
0.0116644738222
0.00936340452123
0.00824861720142
0.0100042066022
0.00799754970346
0.00803795169246
0.00911562127394
0.0081800794854
0.0100261770054
0.00918951147514
0.0121949355991
0.0112070512092
0.00928470930801
0.0104153480983
0.0120209332217
0.0127413034729
0.0102708922672
0.00788526494452
0.00822821314363
0.00962461402252
