0.0089622327436
0.00835604514775
0.00826819141773
0.00871004097997
0.00917359811935
0.00801705450258
0.0101497049997
0.00866891907143
0.00875140817759
0.0100996532821
0.0088122402781
0.00933737441536
0.00922419436156
0.00836927689514
0.0110005433574
0.00928514188548
0.0089258841959
0.0162643064298
0.0113024413458
0.0095691094468
0.00948860253847
0.00962660703013
0.0111564502431
0.0130670425286
0.0143054982529
0.0103054997845
0.0126600400477
0.00929217690431
0.0083212414247
0.0082840940666
0.00828203162443
0.00866802627787
0.0136688656039
0.00845928809486
0.0109463701322
0.00813996253374
0.00876986462015
0.00991161390918
0.0115410580467
0.0110838181605
0.00875370886285
0.0101224055402
0.0105685815157
0.00859922115076
0.00845858762501
0.00821641680218
0.00891231388885
0.0141241098503
0.00919207282296
0.00909209897399
0.0108899539389
0.00827983973891
0.00847500126418
0.0108692733902
0.00866777284315
0.00814886080123
0.00919323286342
0.00854274584216
0.00861726852545
0.00898311224024
0.0131727745217
0.0105099255492
0.00857640166101
0.00879394837202
0.00980681126966
0.0134827303546
0.00967858195152
0.0121327450718
0.00810988317013
0.0115069182929
0.00856133724948
0.00900299779809
0.00847977939439
0.0156194369794
0.00802082111916
0.00968258296138
0.00799565323521
0.00937893956814
0.0101927452118
0.0141782358088
0.00833955017345
0.0100037919902
0.00958056777131
0.00875951085913
0.00862429402219
0.00876279065428
0.00832246016384
0.0161368896173
0.011557988764
0.0152772727708
0.00906534704292
0.0118426779434
0.0137451500266
0.0109277010987
0.00853782765463
0.0087617866292
0.0100754285875
0.0104008332417
0.00860830042202
0.0118544896681
