0.00879036189339
0.00926619527174
0.0106017135447
0.011812922409
0.00907264048806
0.0107851701145
0.0106215875538
0.0107456262443
0.0113178042677
0.0107716104011
0.00808073084762
0.00943413134503
0.00898467610962
0.00918629542382
0.00877705341977
0.0105230688236
0.00824226048052
0.00981996620022
0.0113081121649
0.00945013475077
0.00893999604756
0.0093972390023
0.00853261796168
0.00804065881242
0.0080300805027
0.0105751555939
0.00807770171069
0.00968793515919
0.0132258760975
0.0104915119035
0.0129236073395
0.0111567110976
0.0108718943097
0.0082919991034
0.00967622362856
0.00862566716638
0.0091043253633
0.0112136902948
0.0109940122938
0.00934004930887
0.0101099443984
0.00956105519028
0.00865763765278
0.0128815683573
0.00811476464425
0.0100696981374
0.00916868462456
0.0141178279918
0.010062955958
0.00960170006879
0.00864788257949
0.0085294347848
0.00952930299801
0.00858509617797
0.00900252403332
0.010367976673
0.00918606106537
0.0108824450503
0.0138806692263
0.0136091735779
0.0101365849845
0.0124247882561
0.00829528814269
0.00802930122602
0.0108286237577
0.0129356636555
0.00996336091494
0.00909883551358
0.00838761049524
0.0107940061429
0.00975489117731
0.00982862422492
0.00809497853466
0.00996897020183
0.011196517581
0.00914927902923
0.00902187060223
0.0111174275581
0.00933620132852
0.00997388017803
0.00925887079567
0.00935441624812
0.00931854905338
0.00811518521718
0.00878165695152
0.00921080668555
0.00810502832402
0.0114389768031
0.01091303878
0.0117420441658
0.0114858913515
0.0102275843875
0.00839901795332
0.0127664285402
0.0107150422159
0.00930682941721
0.00933600808437
0.0126213319222
0.0124776303454
0.00873354161162
