0.0093253994721
0.00940079802714
0.0107382807261
0.00933542289862
0.00798184511789
0.00901221988616
0.0127638503065
0.00963602574792
0.0158241944081
0.00809416291293
0.00910677319259
0.00908726994868
0.0145624729064
0.00810851679871
0.0086462918592
0.00857545061951
0.0116509249848
0.00934920565817
0.0111593662727
0.0082505978523
0.00817182399291
0.0092361048265
0.00803045151181
0.00887988666665
0.00895314108266
0.00832891786865
0.00933326831976
0.00807204087181
0.0108538932069
0.013742005188
0.00886986246596
0.0119696830294
0.00955889544516
0.00984255438166
0.0100636612576
0.012091261121
0.00820213120139
0.0123314334061
0.00803391524012
0.00857036102039
0.00802113361218
0.0114771299933
0.0108247430214
0.00874697587937
0.0125957228058
0.0100295663572
0.0120573686679
0.0095996586676
0.0080058978601
0.00854195114014
0.00866414404159
0.00828774489615
0.00881314096183
0.00804447531136
0.0133368056353
0.0087323187682
0.0152245468681
0.00889960930298
0.00925804700131
0.0124757712076
0.0146703364722
0.00850927562955
0.00855068461942
0.00845815752113
0.00862285135977
0.011848657036
0.00901392880794
0.00948564314049
0.0132079185956
0.00845418430888
0.0108429090834
0.00863344812294
0.0102495911075
0.00831714040223
0.00839646085976
0.00875289527064
0.0103704486014
0.0081077718868
0.0119145290691
0.0130538304517
0.00991396817783
0.0136436444673
0.0105143659973
0.0122979552841
0.00814000212908
0.0113406879601
0.00799240766003
0.0094886169684
0.00960620811189
0.0094054233895
0.0119781256091
0.00902301087784
0.0115444888285
0.0109188855698
0.00872654756744
0.0105657727731
0.00855794803534
0.0118469664819
0.0111348758319
0.00851832223259
