0.00847647639227
0.0126341962418
0.0157613458319
0.0123313510088
0.0117164259763
0.00817704468808
0.00831395522846
0.00921906530007
0.0101664969465
0.0111891127264
0.0115187718376
0.0122672301404
0.0103806439396
0.00841864360114
0.00779880148727
0.00963361043585
0.00912440570602
0.00971988295981
0.00939748346232
0.00873629742369
0.00894238553195
0.00789556738316
0.00814528494704
0.00911495776185
0.013018106626
0.00781620573319
0.0085694229185
0.00774577863271
0.0110081867644
0.0143129445012
0.013502064516
0.00979034448508
0.00872376992176
0.00826804731286
0.0125014136187
0.0113776623651
0.0102577471167
0.00764953849127
0.00855698253557
0.0134517306405
0.0121852104404
0.00803291386082
0.0123394642642
0.0109226271341
0.00881247776467
0.0137585711088
0.0105710510876
0.00942824783177
0.00781929491074
0.00795079371169
0.0118973101437
0.0098745889619
0.00777567023722
0.00833459296505
0.00886945334157
0.0128798555567
0.00976596238126
0.0120100796711
0.00909550291677
0.00866291293161
0.00778800018463
0.00781090061135
0.00947547999691
0.00804690613528
0.0103163339091
0.0104604752524
0.0141761249505
0.0118953409145
0.00762069110966
0.0101359564844
0.00974960653222
0.00764032345494
0.0109684961872
0.00780269146243
0.00806211040589
0.00860778205613
0.0101371509073
0.00778244342289
0.0129052369822
0.0115066437179
0.00874458500955
0.00875645439396
0.00812651176709
0.0138663812401
0.00925566063985
0.00992087181953
0.011582008565
0.00763458791902
0.0119300161553
0.00989023470552
0.00958315208901
0.0081174399728
0.0103949929465
0.00807346110601
0.011089442152
0.0129935796434
0.0108550802228
0.00944444848069
0.00919571595781
0.0110407161772
