0.0102404837231
0.00848711046497
0.0132734317623
0.00875540560934
0.0102723920225
0.008220159118
0.00825816710093
0.0094162780961
0.0088074453673
0.00881570747496
0.00998369656252
0.00822508640077
0.00919907788316
0.0130472689195
0.00855233874717
0.00949925915749
0.00928407529775
0.00852737854315
0.00896144117068
0.0119405078244
0.00930797787671
0.00953367748495
0.00916733256407
0.00973531555548
0.00959327433025
0.0090444473408
0.0100739181427
0.0102036511665
0.00919931887277
0.00899678345615
0.00849106710588
0.0112244055868
0.00933732821148
0.0115705951984
0.00856994800087
0.0106345750644
0.0125078197392
0.0128311031997
0.0128427633009
0.00940590438408
0.00973607779054
0.012164081248
0.00937991291837
0.0104430721398
0.00934779089678
0.00824040152321
0.0111329648073
0.0129975668926
0.0092984847698
0.00828374746569
0.00945605265865
0.0103697963411
0.00921689322867
0.00977692350118
0.00828120237705
0.00834473782458
0.00961089001416
0.00987101026682
0.00908713256332
0.0119317876737
0.0093129525865
0.0081686706942
0.00991145519285
0.0120520128911
0.0100890145181
0.00982203330759
0.00869892125182
0.0118775597406
0.00885067826621
0.00974865553954
0.00962338629209
0.00828315343874
0.0109545930841
0.0114099403481
0.0104182590103
0.00867159170153
0.00958562046539
0.00837103438722
0.0121277259824
0.00905370533169
0.014622398124
0.00880276057383
0.00956859781086
0.00866086612953
0.00898632971618
0.00899854266065
0.00981565041057
0.0121458380154
0.00809891295539
0.0102825243575
0.0109349118752
0.00889093560042
0.0116440429953
0.0131415007285
0.0110486258262
0.00951756951294
0.0121600660967
0.00835393477614
0.013653714143
0.0126328689322
