0.011848897451
0.0130814641668
0.013606921334
0.0082083511782
0.00782582988576
0.00855746552382
0.0104100117075
0.00930243519919
0.0084657547844
0.00818714844307
0.00765981768871
0.00924163970302
0.00915046362394
0.00992154622516
0.0095632193125
0.0125869067989
0.00933031886835
0.00865328826132
0.00833696912494
0.0116307871288
0.0110330497276
0.0105331190815
0.0107927738842
0.0081110534484
0.010259596913
0.00980264835443
0.0110132759215
0.0108046294016
0.0125179466523
0.00945539008343
0.0106121758203
0.0121703460624
0.00816132676594
0.00809808889876
0.0131172725365
0.00784241603539
0.012259889102
0.00918534730027
0.00855078011878
0.0135625996585
0.00951989704969
0.00773017832882
0.00919174177364
0.00953545201162
0.0122904255902
0.00980889738852
0.00926088384029
0.00816399288161
0.0111901486589
0.0129282457522
0.00870138128288
0.00951299163928
0.0138716299054
0.00935316783603
0.00999669844742
0.00832149656998
0.0117273528408
0.0087645494942
0.00919121309677
0.00892249021429
0.00866287556211
0.00852235617069
0.00884877429831
0.00883867428232
0.0141561236681
0.0111841372421
0.00846431681412
0.00941521606922
0.00772716660664
0.00916431927639
0.0112441275358
0.00981497858165
0.0083757837206
0.00824989940956
0.00858062563404
0.00849284207387
0.0105522955935
0.0090842880607
0.00781734515823
0.00990154513509
0.00887043203519
0.00928386225971
0.0105218991646
0.0084749663029
0.0087734354511
0.00832115419469
0.00967897545351
0.0103197580753
0.0151255787231
0.0107997919586
0.0123279663555
0.0132291880694
0.00853319417183
0.00914654646081
0.0115184823363
0.00902174660665
0.0108650876327
0.0147997051261
0.00920995064414
0.0126447913061
