0.00762288237187
0.00916168538473
0.0163258962042
0.0121505616814
0.0094568631591
0.00769719549673
0.00766439229927
0.0112382038542
0.0081612205104
0.0161161548201
0.0118546984283
0.00716617675391
0.00725461498248
0.00863177804741
0.00763201087651
0.0152589066614
0.00836913273543
0.00851250134123
0.00751132878771
0.0091545436006
0.00737017987055
0.0127101942754
0.01028444159
0.00789762701491
0.00937587520423
0.00756835335657
0.0209920487517
0.00842647592134
0.00715167446545
0.00794703907927
0.0116711294548
0.00811548409056
0.00865972372164
0.00737474371577
0.00851101114976
0.00783579212395
0.0180256777525
0.0138432576885
0.0110510526824
0.00849628924288
0.00728797879988
0.00705719993279
0.00793388671881
0.0134418569699
0.00879027338133
0.00772590701134
0.00718177832094
0.0073810954651
0.0132957393669
0.00818001253009
0.00903854332109
0.00725341457997
0.00971939874253
0.0111515248114
0.0100643693891
0.00715078492956
0.0081143316254
0.00780632161806
0.0187768695401
0.0092007298286
0.00725231279947
0.00728318108208
0.00907436002897
0.00917892781139
0.00746353272035
0.0113469917421
0.00750867449914
0.012974044056
0.00760226607705
0.0101933874676
0.0113416895021
0.00842600037359
0.0159172855209
0.0102972315498
0.00738484150036
0.00779426343803
0.0139660063669
0.00749892029446
0.00751371854818
0.0248638192976
0.00853001217507
0.0080821003899
0.00720861773547
0.0332170644941
0.0086407420858
0.00744801277949
0.00747716848887
0.0094055322963
0.00846379002463
0.00931855667497
0.00956339198614
0.00833539590568
0.0104834695388
0.0186756683413
0.00817456553017
0.0112469199596
0.00823410692142
0.00778098829682
0.00729432856035
0.0107372771072
