0.00817053014735
0.0104279347961
0.00885534042402
0.0132781648889
0.00813714902326
0.00802580181405
0.0111799062508
0.00887786056153
0.0113948209965
0.00836740277111
0.00874016876216
0.00879014764272
0.00978795661291
0.00824539454101
0.00922771244238
0.0100575367934
0.00830669885829
0.00897778701894
0.00835467545454
0.0111333323881
0.00957207679663
0.0109926283477
0.0110482173549
0.00835278090578
0.00999100102408
0.0114069060018
0.0109298331885
0.010775596326
0.0150211760644
0.0136906629864
0.00855727095246
0.0100430730991
0.00961594065762
0.00888820090132
0.00967375313116
0.010023073427
0.00875564678311
0.00829114519643
0.0142476048547
0.013250773126
0.00937305972762
0.00902220586464
0.00933709998662
0.00870036429617
0.00893842756421
0.00966471937732
0.0120163560155
0.0109330716597
0.00815219296519
0.00921460750493
0.00880192809217
0.0139550611473
0.0119552771073
0.013428021634
0.0120322310785
0.00868852518096
0.00803643508329
0.0115341636844
0.00826683667262
0.0124553901652
0.00969008428447
0.00841520196285
0.0105034679367
0.0083572190371
0.0101810295501
0.00974546238042
0.01113322771
0.00810842811061
0.013185303143
0.0100511796739
0.010073977926
0.0109325393901
0.00907542147041
0.00805355406199
0.0111627620443
0.0123089029612
0.00940572665029
0.0109461432982
0.00839010177678
0.00871529772904
0.00905286222625
0.00825038632011
0.00914805810326
0.00959130566507
0.00849525100305
0.00864566433895
0.00992112540523
0.00941694766191
0.0122500218978
0.0122398784384
0.00923857764053
0.00803482213909
0.00957220042626
0.0121973254539
0.00823908778313
0.0112557391175
0.0133676333057
0.00850230490905
0.0100773544706
0.00809876447625
