0.011569399782
0.00898083814566
0.0108668510641
0.0121011333256
0.0111708163904
0.00819460380519
0.0082113256996
0.0109042413524
0.00832166744712
0.00995797261295
0.00937548287114
0.010088730156
0.0120747966162
0.00982398134874
0.00987781612162
0.013187074084
0.0115195107227
0.0112492404322
0.00842599760402
0.0084974378547
0.0109270447902
0.00813297240419
0.0119995192311
0.0104514120899
0.00944852670465
0.00974666876093
0.00859464780359
0.0101580994465
0.0106825697783
0.009548989599
0.0124396936418
0.00866717250044
0.00815121980356
0.0081296238001
0.0137506182586
0.00827436244916
0.0101079810433
0.00830972621675
0.00814139907683
0.00986181473281
0.00840234453981
0.00838539131839
0.00860996923383
0.011142086468
0.00818155227239
0.0112161236402
0.00888924741095
0.0125797062107
0.00837909258169
0.00939187551607
0.0107477785845
0.0131518129708
0.0115564601819
0.00995847119119
0.0113211640469
0.0118121411327
0.00872911545349
0.010823758136
0.00871541033858
0.00912555312847
0.00998460985496
0.00837952316997
0.00821570314467
0.00984009007257
0.0095923508974
0.0135776247049
0.0135174791136
0.0106548077424
0.0123747584306
0.0135802772154
0.00810573938464
0.00976509782387
0.0103110114177
0.00821161316957
0.0103064680732
0.00971933914609
0.0107045290807
0.010766485836
0.00812808781509
0.00872118303427
0.00997626739212
0.00825363664309
0.0087184864538
0.00893869580811
0.00823366138162
0.0116891096613
0.00898836094356
0.0102658557575
0.00933874012257
0.0095088291997
0.0085063138632
0.00845689368905
0.0128944069531
0.00835070662186
0.0121722210893
0.00957258572467
0.0103802370295
0.00942809391868
0.00850609706228
0.0123219876331
