0.00836282219968
0.0088477118621
0.011870787178
0.0121425743452
0.0121393008593
0.0101260314169
0.00928228571491
0.0085749438924
0.0102324664397
0.0110376726123
0.0113380253943
0.00865880873621
0.00813803717559
0.0101856699357
0.00894897890716
0.00955816989076
0.00962780101682
0.0108797526219
0.0101330470747
0.00866062656107
0.010778135267
0.0116661284888
0.00842399059123
0.0105555822267
0.0134278627863
0.0108930664153
0.00861563810286
0.00941005949129
0.0113092677127
0.00981427464542
0.00872661814854
0.00980614471669
0.0117964936654
0.00787624517141
0.0110371844487
0.00911985162404
0.00919810301057
0.010600258908
0.00972205804703
0.00943863892408
0.0103601964815
0.0109665252824
0.0109927435883
0.0113078897671
0.0127086483212
0.00843124551542
0.012335177968
0.0109999125161
0.0105769091383
0.00873301102201
0.00991544087498
0.00809225859266
0.00890398150843
0.0084062411535
0.00938557230796
0.00951783046174
0.0102918083621
0.00924134703249
0.00974726005533
0.0104312402802
0.0102833341733
0.00806740922001
0.00801118724354
0.00967281133824
0.00881572819573
0.0121216305833
0.0102310801702
0.0120266687758
0.009200666752
0.00840557763866
0.0131992024247
0.00805449159666
0.0105041134472
0.00972048018681
0.0109922892069
0.0115091284169
0.0079969361585
0.00978721160113
0.00871218336846
0.0108920457441
0.0114310422063
0.0114883500994
0.0100310047577
0.0104730365078
0.00811035507653
0.0116317070625
0.0100052033123
0.00907487934502
0.0103031120644
0.00819579771719
0.0109745348598
0.00907446637983
0.0110004460008
0.00939369915729
0.00963628275886
0.00786990321287
0.00876228733288
0.0124764714076
0.0115136235897
0.00804326445295
