a    b    distance0    NDraws    time    dist_threshold1    
0.968099373489    0.0860375200779    0.0319079874109    5    7.56283020973    0.0420439922965    
0.976567598082    0.0543026591008    0.0365094933653    1    1.18063402176    0.0420439922965    
1.00363327853    0.0796653291852    0.0102646789565    1    1.00583410263    0.0420439922965    
0.999684119179    0.0801810956128    0.0352209949362    4    4.8350520134    0.0420439922965    
0.97522227991    0.000135766052376    0.0335468382709    8    12.6219949722    0.0420439922965    
0.971172495822    0.0499141406444    0.0340116830652    4    4.86925792694    0.0420439922965    
1.00707233382    0.0323229194263    0.020705422445    3    4.24462199211    0.0420439922965    
0.999523486918    0.0488812391222    0.0120189565905    4    5.11092996597    0.0420439922965    
1.01767902969    0.0777434785151    0.02499665809    10    13.2934298515    0.0420439922965    
1.02375542427    0.105797790988    0.0378058942474    2    2.86942100525    0.0420439922965    
1.01056211635    0.102750780604    0.0131799578619    2    2.9890859127    0.0420439922965    
1.0128848811    0.0282498145747    0.0392612098617    1    1.50365710258    0.0420439922965    
1.01533900055    0.0498255365712    0.0197100712695    1    1.13433909416    0.0420439922965    
1.02505938977    -0.00110983397452    0.0361550957447    2    2.58194899559    0.0420439922965    
0.990069530221    0.0746007046724    0.0165125492841    1    1.65675115585    0.0420439922965    
0.975317540776    0.0227355166152    0.0249360384366    3    3.9546289444    0.0420439922965    
0.970926199193    0.0456992085338    0.0289520807913    2    2.48167204857    0.0420439922965    
1.02389699649    0.0673393978632    0.0263382340133    6    8.29309606552    0.0420439922965    
0.987162851912    0.0516820260351    0.0248463443899    6    7.23099899292    0.0420439922965    
1.00962115205    0.0249413627454    0.0272180512132    1    0.91703915596    0.0420439922965    
1.01267078999    0.046888773182    0.0198387433448    5    6.61550712585    0.0420439922965    
0.98656255072    0.0233687336754    0.032780529902    6    7.79296803474    0.0420439922965    
0.988599929388    -0.0110475706896    0.02532518568    7    10.475386858    0.0420439922965    
0.983233128083    0.0590293116441    0.0191030206896    12    15.4325258732    0.0420439922965    
0.995086340216    0.0202861526831    0.032561822675    1    1.34095215797    0.0420439922965    
1.01330529453    0.0423662660038    0.0148435430131    1    1.39967703819    0.0420439922965    
0.989227634803    0.0409156469166    0.0377473784914    5    5.95284795761    0.0420439922965    
0.993429445624    0.0150204390636    0.00833716673251    7    9.80524206161    0.0420439922965    
1.01458509673    0.0824147751822    0.0217214438722    5    5.73507809639    0.0420439922965    
1.03014074205    0.0599244535686    0.0361092268321    1    1.49816203117    0.0420439922965    
0.973923174674    0.100321588743    0.0378040624804    1    1.29267406464    0.0420439922965    
0.987210269263    -0.0242765101024    0.0258948088613    2    2.82956218719    0.0420439922965    
1.00177236807    0.0192351478828    0.0347455043293    5    6.56999111176    0.0420439922965    
0.975331432197    0.0551410214818    0.0397102911929    8    10.4164459705    0.0420439922965    
1.00513795389    0.0248491470315    0.0146259004054    3    4.35904598236    0.0420439922965    
1.03518691136    0.0422521533842    0.0371537835635    3    4.12176299095    0.0420439922965    
0.992444054155    0.00184389842752    0.0185743710121    1    1.28871011734    0.0420439922965    
0.992171122788    0.0584697051353    0.0254949251192    4    3.61098194122    0.0420439922965    
0.999717147026    0.00297301251097    0.032364902487    2    2.72531795502    0.0420439922965    
1.01381098905    0.053790104332    0.0255478599248    1    1.51745891571    0.0420439922965    
0.973315338673    0.0744336557725    0.0390061215731    4    5.41650700569    0.0420439922965    
1.02053852447    0.103744535534    0.0207974461172    4    5.3225569725    0.0420439922965    
1.0044721213    0.0820894743705    0.0237857484616    9    9.24466109276    0.0420439922965    
1.01841689944    0.0691112438666    0.0191622516404    5    7.70705294609    0.0420439922965    
1.00388798626    0.0280142100124    0.0362874801551    3    4.226583004    0.0420439922965    
0.989032503312    0.0556134459794    0.0300786134785    5    6.82738900185    0.0420439922965    
0.979769557565    0.0842975697684    0.0225890774642    3    3.64190602303    0.0420439922965    
0.988451797648    -0.0237941645095    0.0228114855717    2    2.34123706818    0.0420439922965    
1.00324158684    -0.00575421321684    0.038165696754    3    3.16894292831    0.0420439922965    
1.00116303094    0.0499912008552    0.0106534204995    1    1.2509021759    0.0420439922965    
0.99489170555    0.121150791704    0.0363031187633    1    1.0763759613    0.0420439922965    
0.998998421538    0.0727025154685    0.0296228862829    4    3.91916489601    0.0420439922965    
0.989778714131    0.104204366983    0.0415400823364    4    4.69247102737    0.0420439922965    
1.01723348261    0.0828809386584    0.0268075832555    1    1.27622890472    0.0420439922965    
0.999447630057    0.0800762389671    0.00121900914368    2    2.58502793312    0.0420439922965    
1.01294813789    0.06912464274    0.0390146982017    1    1.31244897842    0.0420439922965    
1.02588384145    0.0955706933757    0.0411826859994    6    7.58904600143    0.0420439922965    
0.975656836401    0.0476282456406    0.0245200696375    3    3.32101082802    0.0420439922965    
0.970511921113    0.0121618688784    0.0294379006359    4    3.89899802208    0.0420439922965    
1.0123027579    0.103500237454    0.0229503627101    2    2.17362594604    0.0420439922965    
1.0133341236    0.0414007016925    0.0193950068947    1    1.16927504539    0.0420439922965    
0.993283713123    0.041758318208    0.0115657536837    2    2.87335395813    0.0420439922965    
0.96864205447    0.0288996171899    0.0405695089183    8    11.1284759045    0.0420439922965    
1.00645428047    0.0679477985049    0.0186830693247    1    1.15009212494    0.0420439922965    
1.03477377105    0.0298877253203    0.0404566954528    2    2.0759241581    0.0420439922965    
0.973366868313    0.0012869121856    0.0276960734035    4    3.87080311775    0.0420439922965    
1.01444966988    0.0775800577963    0.018845917419    10    13.8836591244    0.0420439922965    
0.999441306716    0.0600944961075    0.0159521949929    5    6.90021705627    0.0420439922965    
0.989295630766    0.0480589782926    0.0142956646001    3    3.21696186066    0.0420439922965    
0.98689668988    0.0164203288331    0.0323373336996    5    5.44472885132    0.0420439922965    
0.982269813341    0.0717703224505    0.0317520238589    2    2.55265593529    0.0420439922965    
0.98577476839    0.00860063603721    0.0415916870065    1    0.814917087555    0.0420439922965    
1.02005422489    0.0535883631684    0.0338654925452    4    4.67251586914    0.0420439922965    
0.986395070191    0.0260944997783    0.0290911003795    8    8.46123504639    0.0420439922965    
0.97429740413    0.0244676792348    0.0345282732571    4    4.89121198654    0.0420439922965    
1.00642368826    0.0934046443552    0.040135634729    1    1.7970058918    0.0420439922965    
1.01553304716    0.0538753841875    0.0248801494293    2    2.50310397148    0.0420439922965    
0.9834271508    0.0682363995819    0.0300727790911    2    2.57187199593    0.0420439922965    
0.974835006737    -0.00478131813605    0.034608681176    10    11.8316659927    0.0420439922965    
1.00472504411    0.0691866673865    0.00525844200511    3    4.57298398018    0.0420439922965    
1.01498171085    0.0990424556413    0.0303641411139    9    10.307860136    0.0420439922965    
0.98403073053    0.0250378237638    0.0170858174381    3    2.88782215118    0.0420439922965    
0.997788102591    0.0472545214131    0.0336179498062    3    2.61456394196    0.0420439922965    
0.989438478364    0.0328741872217    0.024607632968    7    6.42810082436    0.0420439922965    
0.99552838776    0.0308627379222    0.0119216915901    6    6.69757699966    0.0420439922965    
1.01913418947    0.139825106721    0.0219365233152    3    3.99052906036    0.0420439922965    
1.00857290693    0.0613680788579    0.0240362370929    8    9.23725295067    0.0420439922965    
1.00349684489    0.0497963475737    0.0100025914337    2    2.3343091011    0.0420439922965    
0.979549962745    -0.0266230215367    0.040238693703    4    4.06246709824    0.0420439922965    
1.00086862712    0.0494088216414    0.00158212021394    3    2.33633899689    0.0420439922965    
0.981950777593    0.0463987201183    0.0228324952209    4    1.88504219055    0.0420439922965    
1.03186933988    -0.0359460860059    0.036795268975    3    3.32543492317    0.0420439922965    
0.982966577305    0.0677691570543    0.0253670313392    8    8.59265708923    0.0420439922965    
0.981934008429    0.00256020975932    0.0211774363269    3    2.43975305557    0.0420439922965    
0.981953691172    0.0677731941743    0.0366448320386    2    2.34782409668    0.0420439922965    
0.990384489827    0.0962440871398    0.0139518565168    8    5.61500692368    0.0420439922965    
1.02149498408    0.0069997155263    0.0366154612365    2    1.10109090805    0.0420439922965    
1.03424435645    0.020858472122    0.0400715632925    1    0.543408870697    0.0420439922965    
0.999008481692    0.00973103809571    0.0385100934959    2    2.48278903961    0.0420439922965    
0.982165219134    0.114449519123    0.0359304452555    2    2.10863184929    0.0420439922965    
