0.0102017987606
0.00776762968253
0.0135851183949
0.00954484322482
0.0127021328767
0.0105043479996
0.00974491506166
0.0108415984006
0.00767822517856
0.00801595028737
0.017583054263
0.00758117277184
0.0105016166809
0.00800973005697
0.00819908004767
0.00776452721433
0.0106750002168
0.0141589539248
0.00783214070728
0.00803520305549
0.00778603616276
0.0113143309557
0.00954326175064
0.00868192196214
0.00891038931312
0.00996212373939
0.00933742056783
0.00757666712333
0.007684006235
0.0100472318136
0.00753762713003
0.0094998829355
0.00772096010733
0.00918192571937
0.00799112078221
0.00835262981631
0.00902639412339
0.00944351002385
0.0109105065961
0.00800266826725
0.0101529354931
0.0122601482941
0.0112143819593
0.00980944448086
0.00868785950408
0.00843290609345
0.00901104090895
0.00749383075937
0.00878631680114
0.00882227148603
0.0105799248467
0.00842145789423
0.00806680922755
0.0131569889676
0.0102958470561
0.014723759806
0.00809770068471
0.00784927762675
0.00752697011866
0.00767208105878
0.00850780809131
0.0108012106128
0.0147522506655
0.0115737591309
0.0120977900749
0.0132438143564
0.009141642675
0.0088733114256
0.0103411070417
0.0119019920063
0.00819391481052
0.00775488908603
0.0219564762646
0.010220059946
0.00930782466644
0.00829909269728
0.0148167322405
0.0100380493759
0.00943774973323
0.0122369760506
0.00918083150219
0.0122412624541
0.00750801453689
0.00964795881367
0.00814978280749
0.0149326116711
0.0123569878027
0.00987322863526
0.0114102773921
0.00858625527021
0.00823555140439
0.0119534423361
0.00814788415273
0.00796989637759
0.0189415271734
0.0108429926108
0.00749651605443
0.00761270724207
0.010015913548
0.0109003002646
