0.00797118691076
0.0111785458391
0.00905409760142
0.00936050578722
0.00913826445689
0.00970341471768
0.00893656047701
0.0101969591845
0.0140008189659
0.0107387010636
0.0095547560064
0.0158884271114
0.00941049171791
0.00935119967873
0.00928202180685
0.0101156080692
0.00864837690878
0.00916311394009
0.0105332339454
0.0126076104369
0.0141277949779
0.0107590311063
0.010658131026
0.0163416829113
0.0107453292938
0.00772027963714
0.010708742856
0.00953770637903
0.00829891181214
0.00852144203772
0.0125331113091
0.00801725217081
0.00873729407268
0.00829237819838
0.0133747175731
0.0123038956039
0.00920225395406
0.0097866961788
0.0109263618835
0.00834810227169
0.00819303845038
0.00816633513993
0.012526355202
0.00986438923781
0.00791019875616
0.0129379503496
0.00959608812901
0.0143382046386
0.00775544017369
0.0110262161915
0.00876893630112
0.00768681856861
0.0113522255733
0.00873910355257
0.00925234918581
0.00788035131515
0.0112913414035
0.00811789477471
0.00889992094587
0.00977716460694
0.00784240816275
0.00860570004308
0.00791067044526
0.00778138376186
0.00790367819495
0.0136121994744
0.0108749784749
0.0103861951154
0.0122915573621
0.0077866990893
0.00771352425462
0.00790832912726
0.00807780632542
0.00987165661712
0.0137618031049
0.00810685392927
0.00864267019588
0.00858767467033
0.0122814807195
0.00812796473323
0.0125941972285
0.00814596123133
0.010743460874
0.00885173544776
0.00791445396149
0.00995452984117
0.0112482620692
0.0109004933043
0.00856602641507
0.00880123014957
0.0100497576686
0.00910519702004
0.00929317649073
0.00896829322276
0.00805776896396
0.0084645398201
0.014508474849
0.00914129913328
0.0166138146628
0.0121467614698
