0.00836709899264
0.00897915853913
0.00912580816155
0.0106007977872
0.0111372601489
0.00887666286477
0.00913816168657
0.00968256328548
0.0092654870131
0.00873571232012
0.0092746318455
0.00922289536524
0.00850108709579
0.0110047193099
0.0107984845908
0.00894237503957
0.00830868819108
0.00906482640593
0.0107694514237
0.00837548897915
0.0110138472176
0.00881799755867
0.00829257005873
0.00874967667478
0.0114742278955
0.0109658420473
0.0109395154152
0.01095042988
0.00995888707654
0.00919086027483
0.00879361931428
0.00959843752149
0.0083836062994
0.0101345322012
0.00828766262543
0.00935219937932
0.00859128451519
0.0122464034958
0.00943151434199
0.00960967677154
0.00960411362012
0.00856650386248
0.00939150098815
0.0117806233339
0.0123402749931
0.0115994049807
0.00951076050079
0.0108197861317
0.0083636665903
0.00915297045641
0.0135797714055
0.00814634661774
0.00866667967803
0.00936969697772
0.0085148193221
0.0127389999876
0.0103852695851
0.0106287638319
0.00920501440644
0.0133208348374
0.0108321297476
0.00828588321353
0.0100490868315
0.0131730118509
0.00989478686179
0.0082668799611
0.0116031465312
0.00857318914975
0.0128605346086
0.00972719240966
0.0114120019783
0.0112625183739
0.00971402262146
0.00820644372214
0.0100627450703
0.0113890372268
0.0113340265189
0.00926435938458
0.0096158782341
0.0102638557848
0.0114686957986
0.0090587474949
0.0112524767896
0.00811921032487
0.00944043295867
0.01013784439
0.0124718152432
0.0119140486424
0.0110070121938
0.00988197808368
0.00952320954442
0.0118231769432
0.00873258714928
0.00996592739836
0.00907544684379
0.0114711553525
0.00911593537266
0.0116398552121
0.00998117249646
0.00948858996849
