0.0128604363313
0.00786658996461
0.0113676533667
0.00772426708391
0.00739022196372
0.00985963002924
0.0104875354687
0.00838434609122
0.0089129114935
0.00899470447742
0.00870859810752
0.0157896574821
0.010346266517
0.0131190146312
0.0101092445059
0.00934583494948
0.0105015273921
0.0125004565004
0.011524900726
0.0127456110315
0.0101882226632
0.0108661689368
0.0111993058825
0.00900796431318
0.013002279163
0.00869664929969
0.00928283457963
0.0119257919405
0.00795452355349
0.00818305028368
0.0105215085168
0.00929766908375
0.00841351017677
0.00746064664071
0.00947718351478
0.00954971220591
0.00745230063394
0.00974495997474
0.00736627412946
0.00751183521323
0.00984858751476
0.0148773325614
0.0101890471246
0.0112062475785
0.0108681391015
0.00783518168012
0.0119521997505
0.0111292568034
0.00967883377794
0.00810384175634
0.0109216322434
0.00773342848255
0.00889117058542
0.0198959045884
0.0137752306388
0.00968297414934
0.00953296066222
0.0090034200306
0.00788967770035
0.0112628848597
0.00878994043102
0.013082392707
0.00978893591354
0.00737563398009
0.00764461614381
0.00908198941171
0.00838644517812
0.0077890925606
0.0149300828315
0.0125505339685
0.0111441425998
0.00902128338702
0.00828028576663
0.0098395855933
0.0108239068335
0.00813843734627
0.0126631994696
0.0103453341288
0.00803382381831
0.00893860367155
0.00883096889456
0.00746222671855
0.0084305135674
0.0122495218092
0.0116984203888
0.00816884106337
0.00970314820312
0.0103762339538
0.00958131222159
0.0135048035787
0.0098722840613
0.00978836977209
0.00751993129858
0.0130474023864
0.00740746154335
0.0084506151878
0.0101154728939
0.00809783711815
0.0104142212943
0.0087123978949
