0.0120610215318
0.00991500170847
0.01054606172
0.0134089395833
0.0102806821888
0.00869467794403
0.0088668088477
0.0106468071684
0.0112440166482
0.010376756868
0.0112807907217
0.00927697089145
0.00897848883535
0.0108354009202
0.00846346389818
0.00866244471658
0.00880490131499
0.00985512345662
0.00836468067918
0.00950791815696
0.00997110815156
0.0100833917893
0.0103348602857
0.00853319274545
0.0083042423584
0.011148387178
0.00855782651874
0.0102254984616
0.0106548879339
0.00887321272214
0.0129487700946
0.00887637818306
0.00848687443333
0.00985705460515
0.0133940312642
0.00832573122904
0.0143313541896
0.0094855343854
0.0104201095617
0.0107242544837
0.0120858261576
0.00865699326474
0.0105247958823
0.010415639994
0.00933927482232
0.00837348335649
0.00840601193194
0.00929075672027
0.00919049457606
0.00844230044256
0.00953355501918
0.00960099207721
0.0098702876937
0.0116032933802
0.0104694750179
0.00905263681315
0.00980827440231
0.00989812029871
0.0123097423287
0.00913742349875
0.00932895539333
0.00997007855292
0.00900367315801
0.0113955970176
0.00932467631401
0.00856789317766
0.00969813260329
0.01078180747
0.00932081534065
0.0107984939396
0.00864505780265
0.0103168907184
0.011455336873
0.00849796946074
0.00860921410883
0.0104363383581
0.0102409344217
0.0135695978431
0.00845526183717
0.00997417788862
0.0141780535341
0.00998350487416
0.0105070945107
0.00915410765053
0.0128767270723
0.00879861192911
0.0116279313482
0.00900653767379
0.0112430136579
0.0103990383733
0.0097647629199
0.00876607125124
0.0084632515613
0.010099406613
0.00843692715579
0.0107830842997
0.00889707383814
0.00933246743734
0.00883363327053
0.0108407626969
